 MOCASSIN 2005 Version 2.0
  
           0 input file: input/input.in                                    
 autoPackets                                         0.2000000    
   2.000000        10000000
 TStellar                                             150000.0    
 output                                            
 symmetricXYZ                                      
 Hdensity                                             3000.000    
 TeStart                                              12000.00    
 contShape                                         
 blackbody                                         
 nebComposition                                    
 input/abunPN150.in                                
 maxIterateMC                                                20   95.00000    
 nPhotons                                                120000
 nbins                                                      700
 LPhot                                               5.4199999E+11
 nuMax                                                24.00000    
 nuMin                                               1.0010000E-05
 Rin                                                 9.9999998E+16
 Rout                                                4.0700000E+17
 edges                                               3.8879999E+17
  3.8879999E+17  3.8879999E+17
 convLimit                                           5.0000001E-02
 ! readInput: [talk] ionising source positioned at 0.,0.,0.
 mother nx, ny, nz          13          13          13
 ! readInput: [warning] LPhot and LStar both entered. 
  
 in initCartesianGrid
          42
 here
           2  1.0295696E-05  2.8977593E-07
           3  1.0589551E-05  2.9804823E-07
           4  1.0891793E-05  3.0655428E-07
           5  1.1202660E-05  3.1530408E-07
           6  1.1522401E-05  3.2430353E-07
           7  1.1851267E-05  3.3355946E-07
           8  1.2189520E-05  3.4308005E-07
           9  1.2537427E-05  3.5287212E-07
          10  1.2895264E-05  3.6294341E-07
          11  1.3263314E-05  3.7330210E-07
          12  1.3641868E-05  3.8395683E-07
          13  1.4031228E-05  3.9491579E-07
          14  1.4431700E-05  4.0618716E-07
          15  1.4843602E-05  4.1778003E-07
          16  1.5267260E-05  4.2970487E-07
          17  1.5703012E-05  4.4196895E-07
          18  1.6151198E-05  4.5458273E-07
          19  1.6612177E-05  4.6755758E-07
          20  1.7086313E-05  4.8090260E-07
          21  1.7573982E-05  4.9462869E-07
          22  1.8075571E-05  5.0874587E-07
          23  1.8591474E-05  5.2326595E-07
          24  1.9122102E-05  5.3820077E-07
          25  1.9667876E-05  5.5356122E-07
          26  2.0229225E-05  5.6936096E-07
          27  2.0806598E-05  5.8561182E-07
          28  2.1400449E-05  6.0232560E-07
          29  2.2011249E-05  6.1951687E-07
          30  2.2639482E-05  6.3719926E-07
          31  2.3285647E-05  6.5538643E-07
          32  2.3950255E-05  6.7409110E-07
          33  2.4633830E-05  6.9333055E-07
          34  2.5336916E-05  7.1312024E-07
          35  2.6060070E-05  7.3347292E-07
          36  2.6803862E-05  7.5440767E-07
          37  2.7568885E-05  7.7593995E-07
          38  2.8355742E-05  7.9808524E-07
          39  2.9165056E-05  8.2086444E-07
          40  2.9997471E-05  8.4429394E-07
          41  3.0853644E-05  8.6839100E-07
          42  3.1734253E-05  8.9317473E-07
          43  3.2639993E-05  9.1866787E-07
          44  3.3571589E-05  9.4488860E-07
          45  3.4529770E-05  9.7185693E-07
          46  3.5515302E-05  9.9959652E-07
          47  3.6528963E-05  1.0281256E-06
          48  3.7571554E-05  1.0574677E-06
          49  3.8643899E-05  1.0876502E-06
          50  3.9746854E-05  1.1186949E-06
          51  4.0881288E-05  1.1506236E-06
          52  4.2048101E-05  1.1834636E-06
          53  4.3248216E-05  1.2172422E-06
          54  4.4482586E-05  1.2519849E-06
          55  4.5752186E-05  1.2877172E-06
          56  4.7058020E-05  1.3244698E-06
          57  4.8401125E-05  1.3622721E-06
          58  4.9782564E-05  1.4011548E-06
          59  5.1203435E-05  1.4411453E-06
          60  5.2664855E-05  1.4822763E-06
          61  5.4167987E-05  1.5245841E-06
          62  5.5714023E-05  1.5680980E-06
          63  5.7304183E-05  1.6128542E-06
          64  5.8939731E-05  1.6588874E-06
          65  6.0621958E-05  1.7062339E-06
          66  6.2352199E-05  1.7549337E-06
          67  6.4131826E-05  1.8050196E-06
          68  6.5962238E-05  1.8565370E-06
          69  6.7844900E-05  1.9095278E-06
          70  6.9781294E-05  1.9640283E-06
          71  7.1772956E-05  2.0200860E-06
          72  7.3821466E-05  2.0777406E-06
          73  7.5928438E-05  2.1370433E-06
          74  7.8095552E-05  2.1980377E-06
          75  8.0324513E-05  2.2607710E-06
          76  8.2617094E-05  2.3252978E-06
          77  8.4975109E-05  2.3916655E-06
          78  8.7400425E-05  2.4599249E-06
          79  8.9894958E-05  2.5301342E-06
          80  9.2460694E-05  2.6023517E-06
          81  9.5099662E-05  2.6766284E-06
          82  9.7813951E-05  2.7530223E-06
          83  1.0060571E-04  2.8315953E-06
          84  1.0347714E-04  2.9124130E-06
          85  1.0643053E-04  2.9955372E-06
          86  1.0946822E-04  3.0810334E-06
          87  1.1259260E-04  3.1689742E-06
          88  1.1580616E-04  3.2594216E-06
          89  1.1911144E-04  3.3524484E-06
          90  1.2251106E-04  3.4481345E-06
          91  1.2600771E-04  3.5465491E-06
          92  1.2960416E-04  3.6477722E-06
          93  1.3330326E-04  3.7518839E-06
          94  1.3710793E-04  3.8589642E-06
          95  1.4102118E-04  3.9691076E-06
          96  1.4504614E-04  4.0823943E-06
          97  1.4918597E-04  4.1989115E-06
          98  1.5344397E-04  4.3187538E-06
          99  1.5782348E-04  4.4420158E-06
         100  1.6232800E-04  4.5687993E-06
         101  1.6696108E-04  4.6991991E-06
         102  1.7172639E-04  4.8333241E-06
         103  1.7662773E-04  4.9712689E-06
         104  1.8166893E-04  5.1131574E-06
         105  1.8685404E-04  5.2590985E-06
         106  1.9218713E-04  5.4092015E-06
         107  1.9767245E-04  5.5635901E-06
         108  2.0331431E-04  5.7223733E-06
         109  2.0911719E-04  5.8857040E-06
         110  2.1508572E-04  6.0536913E-06
         111  2.2122457E-04  6.2264662E-06
         112  2.2753865E-04  6.4041888E-06
         113  2.3403295E-04  6.5869754E-06
         114  2.4071260E-04  6.7749643E-06
         115  2.4758288E-04  6.9683301E-06
         116  2.5464926E-04  7.1672257E-06
         117  2.6191733E-04  7.3717965E-06
         118  2.6939285E-04  7.5822027E-06
         119  2.7708174E-04  7.7985896E-06
         120  2.8499003E-04  8.0211757E-06
         121  2.9312409E-04  8.2501210E-06
         122  3.0149028E-04  8.4855856E-06
         123  3.1009526E-04  8.7277876E-06
         124  3.1894585E-04  8.9768873E-06
         125  3.2804903E-04  9.2330883E-06
         126  3.3741203E-04  9.4966235E-06
         127  3.4704228E-04  9.7676821E-06
         128  3.5694739E-04  1.0046453E-05
         129  3.6713519E-04  1.0333184E-05
         130  3.7761376E-04  1.0628122E-05
         131  3.8839143E-04  1.0931471E-05
         132  3.9947670E-04  1.1243465E-05
         133  4.1087836E-04  1.1564363E-05
         134  4.2260543E-04  1.1894430E-05
         135  4.3466722E-04  1.2233926E-05
         136  4.4707328E-04  1.2583085E-05
         137  4.5983339E-04  1.2942226E-05
         138  4.7295773E-04  1.3311626E-05
         139  4.8645664E-04  1.3691548E-05
         140  5.0034083E-04  1.4082339E-05
         141  5.1462132E-04  1.4484278E-05
         142  5.2930939E-04  1.4897669E-05
         143  5.4441666E-04  1.5322847E-05
         144  5.5995508E-04  1.5760190E-05
         145  5.7593704E-04  1.6210048E-05
         146  5.9237517E-04  1.6672682E-05
         147  6.0928240E-04  1.7148530E-05
         148  6.2667223E-04  1.7637998E-05
         149  6.4455840E-04  1.8141407E-05
         150  6.6295505E-04  1.8659193E-05
         151  6.8187679E-04  1.9191764E-05
         152  7.0133858E-04  1.9739498E-05
         153  7.2135578E-04  2.0302890E-05
         154  7.4194436E-04  2.0882377E-05
         155  7.6312054E-04  2.1478394E-05
         156  7.8490115E-04  2.2091437E-05
         157  8.0730341E-04  2.2721943E-05
         158  8.3034503E-04  2.3370463E-05
         159  8.5404434E-04  2.4037494E-05
         160  8.7842002E-04  2.4723529E-05
         161  9.0349140E-04  2.5429210E-05
         162  9.2927844E-04  2.6155001E-05
         163  9.5580140E-04  2.6901485E-05
         164  9.8308141E-04  2.7669274E-05
         165  1.0111399E-03  2.8459006E-05
         166  1.0399994E-03  2.9271294E-05
         167  1.0696825E-03  3.0106748E-05
         168  1.1002129E-03  3.0966010E-05
         169  1.1316146E-03  3.1849835E-05
         170  1.1639126E-03  3.2758922E-05
         171  1.1971324E-03  3.3693854E-05
         172  1.2313003E-03  3.4655503E-05
         173  1.2664434E-03  3.5644625E-05
         174  1.3025895E-03  3.6662037E-05
         175  1.3397675E-03  3.7708436E-05
         176  1.3780064E-03  3.8784638E-05
         177  1.4173368E-03  3.9891631E-05
         178  1.4577897E-03  4.1030173E-05
         179  1.4993971E-03  4.2201253E-05
         180  1.5421922E-03  4.3405744E-05
         181  1.5862086E-03  4.4644577E-05
         182  1.6314813E-03  4.5918801E-05
         183  1.6780462E-03  4.7229405E-05
         184  1.7259402E-03  4.8577436E-05
         185  1.7752011E-03  4.9963885E-05
         186  1.8258679E-03  5.1389914E-05
         187  1.8779809E-03  5.2856689E-05
         188  1.9315813E-03  5.4365315E-05
         189  1.9867115E-03  5.5916898E-05
         190  2.0434151E-03  5.7512894E-05
         191  2.1017373E-03  5.9154467E-05
         192  2.1617240E-03  6.0842722E-05
         193  2.2234228E-03  6.2579289E-05
         194  2.2868826E-03  6.4365449E-05
         195  2.3521536E-03  6.6202483E-05
         196  2.4192876E-03  6.8092020E-05
         197  2.4883377E-03  7.0035458E-05
         198  2.5593585E-03  7.2034309E-05
         199  2.6324063E-03  7.4090320E-05
         200  2.7075391E-03  7.6205004E-05
         201  2.7848163E-03  7.8379991E-05
         202  2.8642991E-03  8.0617145E-05
         203  2.9460506E-03  8.2917977E-05
         204  3.0301351E-03  8.5284584E-05
         205  3.1166198E-03  8.7718829E-05
         206  3.2055727E-03  9.0222340E-05
         207  3.2970645E-03  9.2797447E-05
         208  3.3911676E-03  9.5446012E-05
         209  3.4879565E-03  9.8170247E-05
         210  3.5875081E-03  1.0097213E-04
         211  3.6899007E-03  1.0385399E-04
         212  3.7952161E-03  1.0681828E-04
         213  3.9035373E-03  1.0986684E-04
         214  4.0149498E-03  1.1300261E-04
         215  4.1295425E-03  1.1622813E-04
         216  4.2474060E-03  1.1954526E-04
         217  4.3686330E-03  1.2295716E-04
         218  4.4933204E-03  1.2646662E-04
         219  4.6215663E-03  1.3007619E-04
         220  4.7534727E-03  1.3378891E-04
         221  4.8891441E-03  1.3760733E-04
         222  5.0286874E-03  1.4153472E-04
         223  5.1722135E-03  1.4557433E-04
         224  5.3198361E-03  1.4972943E-04
         225  5.4716724E-03  1.5400304E-04
         226  5.6278422E-03  1.5839818E-04
         227  5.7884688E-03  1.6291905E-04
         228  5.9536803E-03  1.6756938E-04
         229  6.1236075E-03  1.7235195E-04
         230  6.2983842E-03  1.7727097E-04
         231  6.4781494E-03  1.5080790E-04
         232  6.6000000E-03  9.2447968E-05
         233  6.6630454E-03  1.2660935E-04
         234  6.8532187E-03  1.1847727E-04
         235  6.8999999E-03  9.7800512E-05
         236  7.0488197E-03  1.4999998E-04
         237  7.1999999E-03  1.0059192E-04
         238  7.2500035E-03  1.2846477E-04
         239  7.4569294E-03  2.0987890E-04
         240  7.6697613E-03  2.1586893E-04
         241  7.8886673E-03  1.6511907E-04
         242  7.9999994E-03  1.1257734E-04
         243  8.1138220E-03  1.5000021E-04
         244  8.2999999E-03  1.1578994E-04
         245  8.3454018E-03  1.4179619E-04
         246  8.5835923E-03  1.2729922E-04
         247  8.6000003E-03  1.2249453E-04
         248  8.8285813E-03  2.4028076E-04
         249  9.0805618E-03  2.5557680E-04
         250  9.3397349E-03  2.6287138E-04
         251  9.6063046E-03  1.8013222E-04
         252  9.6999994E-03  1.3708882E-04
         253  9.8804822E-03  1.5000021E-04
         254  9.9999998E-03  1.4100177E-04
         255  1.0162486E-02  1.5000021E-04
         256  1.0300000E-02  1.4502648E-04
         257  1.0452539E-02  2.2543455E-04
         258  1.0750869E-02  3.0258857E-04
         259  1.1057716E-02  3.1122472E-04
         260  1.1373319E-02  3.2010721E-04
         261  1.1697930E-02  3.1334022E-04
         262  1.1999999E-02  1.6693817E-04
         263  1.2031807E-02  1.5000021E-04
         264  1.2300000E-02  1.7170282E-04
         265  1.2375212E-02  1.5000021E-04
         266  1.2600000E-02  1.7660344E-04
         267  1.2728419E-02  2.4585379E-04
         268  1.3091708E-02  3.6847265E-04
         269  1.3465364E-02  3.7898915E-04
         270  1.3849686E-02  3.8980599E-04
         271  1.4244976E-02  4.0093157E-04
         272  1.4651549E-02  4.1237473E-04
         273  1.5069726E-02  3.2422505E-04
         274  1.5299999E-02  2.1505635E-04
         275  1.5499839E-02  1.5000021E-04
         276  1.5600000E-02  2.0008022E-04
         277  1.5899999E-02  1.7111376E-04
         278  1.5942227E-02  2.4862122E-04
         279  1.6397242E-02  4.6150759E-04
         280  1.6865242E-02  4.7468022E-04
         281  1.7346602E-02  4.8822910E-04
         282  1.7841700E-02  5.0216354E-04
         283  1.8350929E-02  5.1649567E-04
         284  1.8874692E-02  5.3123664E-04
         285  1.9413402E-02  5.4639950E-04
         286  1.9967491E-02  3.4329947E-04
         287  2.0100001E-02  2.1625496E-04
         288  2.0400001E-02  2.1869596E-04
         289  2.0537393E-02  1.4999975E-04
         290  2.0700000E-02  2.9308349E-04
         291  2.1123560E-02  5.1322859E-04
         292  2.1726457E-02  6.1150175E-04
         293  2.2346564E-02  6.2895473E-04
         294  2.2984367E-02  6.4690597E-04
         295  2.3640376E-02  6.6536944E-04
         296  2.4315106E-02  6.8436004E-04
         297  2.5009096E-02  7.0389360E-04
         298  2.5722893E-02  7.2398316E-04
         299  2.6457062E-02  7.4464642E-04
         300  2.7212186E-02  5.2146893E-04
         301  2.7500000E-02  2.9390678E-04
         302  2.7799999E-02  2.4443120E-04
         303  2.7988862E-02  1.4999975E-04
         304  2.8099999E-02  3.9942190E-04
         305  2.8787706E-02  7.5467583E-04
         306  2.9609350E-02  8.3336886E-04
         307  3.0454444E-02  8.5715484E-04
         308  3.1323660E-02  8.8162068E-04
         309  3.2217685E-02  9.0678222E-04
         310  3.3137225E-02  9.3266182E-04
         311  3.4083009E-02  9.5928274E-04
         312  3.5055790E-02  9.8666176E-04
         313  3.6056332E-02  1.0148231E-03
         314  3.7085436E-02  1.0437872E-03
         315  3.8143907E-02  1.0735784E-03
         316  3.9232593E-02  7.7804551E-04
         317  3.9699998E-02  3.8370304E-04
         318  3.9999999E-02  3.0000135E-04
         319  4.0300000E-02  1.7617457E-04
         320  4.0352348E-02  6.0203113E-04
         321  4.1504063E-02  1.1681523E-03
         322  4.2688653E-02  1.2014937E-03
         323  4.3907050E-02  1.2357850E-03
         324  4.5160223E-02  1.2710560E-03
         325  4.6449162E-02  1.3073329E-03
         326  4.7774889E-02  1.3446473E-03
         327  4.9138457E-02  1.3830252E-03
         328  5.0540939E-02  1.4224984E-03
         329  5.1983453E-02  1.4631003E-03
         330  5.3467140E-02  1.5048590E-03
         331  5.4993171E-02  1.5478097E-03
         332  5.6562759E-02  1.5919860E-03
         333  5.8177143E-02  1.6374234E-03
         334  5.9837606E-02  1.6841572E-03
         335  6.1545458E-02  1.1811964E-03
         336  6.2199999E-02  4.7727115E-04
         337  6.2500000E-02  2.9999949E-04
         338  6.2799998E-02  4.0102750E-04
         339  6.3302055E-02  1.1543967E-03
         340  6.5108791E-02  1.8325187E-03
         341  6.6967092E-02  1.8848218E-03
         342  6.8878435E-02  1.9386187E-03
         343  7.0844330E-02  1.9939467E-03
         344  7.2866328E-02  2.0508580E-03
         345  7.4946046E-02  2.1093935E-03
         346  7.7085115E-02  2.1695942E-03
         347  7.9285234E-02  2.2315197E-03
         348  8.1548154E-02  2.2952147E-03
         349  8.3875664E-02  2.3607202E-03
         350  8.6269595E-02  2.4280995E-03
         351  8.8731863E-02  2.4974011E-03
         352  9.1264397E-02  2.5686808E-03
         353  9.3869224E-02  2.6419945E-03
         354  9.6548386E-02  2.7173981E-03
         355  9.9304020E-02  2.7949587E-03
         356  0.1021383      2.8747320E-03
         357  0.1050535      2.9567815E-03
         358  0.1080519      2.9082596E-03
         359  0.1108700      1.5419796E-03
         360  0.1111358      1.4999881E-04
         361  0.1111700      1.6708672E-04
         362  0.1114700      1.5689060E-03
         363  0.1143078      2.1650009E-03
         364  0.1158000      8.9609250E-04
         365  0.1161000      2.9999763E-04
         366  0.1164000      7.3516369E-04
         367  0.1175703      2.2629797E-03
         368  0.1209260      2.3048371E-03
         369  0.1221800      7.7702105E-04
         370  0.1224800      2.9999763E-04
         371  0.1227800      9.4868243E-04
         372  0.1243774      2.5736392E-03
         373  0.1279273      3.6005713E-03
         374  0.1315785      3.7033409E-03
         375  0.1353340      2.7207434E-03
         376  0.1370200      9.9302083E-04
         377  0.1373200      3.0000508E-04
         378  0.1376200      9.3829632E-04
         379  0.1391966      2.7747303E-03
         380  0.1431695      4.0295720E-03
         381  0.1472557      4.1445866E-03
         382  0.1514586      4.2628795E-03
         383  0.1557815      4.3845475E-03
         384  0.1602277      4.5096874E-03
         385  0.1648009      4.6383962E-03
         386  0.1695045      4.7707856E-03
         387  0.1743424      4.9069524E-03
         388  0.1793184      5.0470009E-03
         389  0.1844364      5.1910505E-03
         390  0.1897005      5.3392127E-03
         391  0.1951149      5.4915994E-03
         392  0.2006837      5.6483373E-03
         393  0.2064115      5.8095530E-03
         394  0.2123028      5.9753656E-03
         395  0.2183623      6.1459094E-03
         396  0.2245947      6.3213259E-03
         397  0.2310049      6.5017492E-03
         398  0.2375982      6.6873133E-03
         399  0.2443796      4.8659220E-03
         400  0.2473300      1.6252249E-03
         401  0.2476300      3.0000508E-04
         402  0.2479300      1.0049939E-03
         403  0.2496400      1.0049939E-03
         404  0.2499400      3.0000508E-04
         405  0.2502400      7.0726126E-04
         406  0.2513545      4.1442662E-03
         407  0.2585285      7.2764009E-03
         408  0.2659073      3.7357360E-03
         409  0.2660000      1.9633770E-04
         410  0.2663000      2.9999018E-04
         411  0.2666000      3.5983622E-03
         412  0.2734967      7.3513687E-03
         413  0.2813027      7.9174042E-03
         414  0.2893315      5.1436424E-03
         415  0.2915900      1.2792349E-03
         416  0.2918900      2.9999018E-04
         417  0.2921900      2.8497279E-03
         418  0.2975895      6.9465637E-03
         419  0.3060831      8.6148679E-03
         420  0.3148192      8.8607222E-03
         421  0.3238046      9.1136098E-03
         422  0.3330464      9.3737245E-03
         423  0.3425520      9.6412599E-03
         424  0.3523289      9.9164546E-03
         425  0.3623849      1.0199472E-02
         426  0.3727279      1.0490566E-02
         427  0.3833660      1.0789990E-02
         428  0.3943079      1.1097953E-02
         429  0.4055620      1.1414707E-02
         430  0.4171373      1.1740491E-02
         431  0.4290429      1.2075588E-02
         432  0.4412884      1.2420252E-02
         433  0.4538834      1.2774736E-02
         434  0.4668379      1.3139337E-02
         435  0.4801621      1.3514355E-02
         436  0.4938666      1.3900086E-02
         437  0.5079623      1.4296800E-02
         438  0.5224602      1.4704853E-02
         439  0.5373720      1.5124559E-02
         440  0.5527093      1.2149215E-02
         441  0.5616704      4.6305358E-03
         442  0.5619704      2.9999018E-04
         443  0.5622704      3.2570362E-03
         444  0.5684845      1.1219740E-02
         445  0.5847099      1.5188158E-02
         446  0.5988608      7.2254539E-03
         447  0.5991608      2.9999018E-04
         448  0.5994608      1.1187792E-03
         449  0.6013983      9.5511675E-03
         450  0.6185631      1.7409742E-02
         451  0.6362178      1.7906636E-02
         452  0.6543764      1.8417716E-02
         453  0.6730533      1.8943399E-02
         454  0.6922632      1.9484043E-02
         455  0.7120214      2.0040154E-02
         456  0.7323435      2.0612150E-02
         457  0.7532457      1.4401108E-02
         458  0.7611457      4.1000247E-03
         459  0.7614457      2.9999018E-04
         460  0.7617457      6.6493452E-03
         461  0.7747444      1.7555505E-02
         462  0.7968567      2.2427887E-02
         463  0.8196002      1.5218884E-02
         464  0.8272945      3.9971471E-03
         465  0.8275945      2.9999018E-04
         466  0.8278944      7.6991320E-03
         467  0.8429927      1.9579262E-02
         468  0.8670530      2.4403602E-02
         469  0.8917999      2.5100112E-02
         470  0.9172532      2.5816500E-02
         471  0.9434329      2.6553333E-02
         472  0.9703599      2.7311206E-02
         473  0.9980553      1.4387071E-02
         474  0.9991340      6.8932772E-04
         475  0.9994340      2.9999018E-04
         476  0.9997340      6.5857172E-04
         477   1.000751      6.5860152E-04
         478   1.001051      3.0004978E-04
         479   1.001351      1.2745023E-02
         480   1.026541      2.7244508E-02
         481   1.055840      2.0546794E-02
         482   1.067635      6.0473084E-03
         483   1.067935      3.0004978E-04
         484   1.068235      9.0202689E-03
         485   1.085975      1.8442154E-02
         486   1.105119      9.7219348E-03
         487   1.105419      3.0004978E-04
         488   1.105719      5.7756901E-03
         489   1.116971      2.1565616E-02
         490   1.148851      3.2334864E-02
         491   1.181640      2.6275933E-02
         492   1.201402      1.0031044E-02
         493   1.201702      3.0004978E-04
         494   1.202003      6.8318248E-03
         495   1.215366      2.4025977E-02
         496   1.250054      3.5183370E-02
         497   1.285733      3.6187530E-02
         498   1.322430      3.7220359E-02
         499   1.360174      3.8282692E-02
         500   1.398995      3.9375305E-02
         501   1.438924      4.0499151E-02
         502   1.479993      4.1655123E-02
         503   1.522234      4.2843997E-02
         504   1.565681      3.1047881E-02
         505   1.584330      9.4745159E-03
         506   1.584630      3.0004978E-04
         507   1.584930      1.2868881E-02
         508   1.610368      3.5699964E-02
         509   1.656330      4.6618104E-02
         510   1.703604      2.9046237E-02
         511   1.714423      5.5592656E-03
         512   1.714723      3.0004978E-04
         513   1.715023      1.8752396E-02
         514   1.752228      3.8286746E-02
         515   1.791596      1.9834399E-02
         516   1.791896      3.0004978E-04
         517   1.792196      5.1711202E-03
         518   1.802239      7.7717900E-03
         519   1.807740      2.9007196E-03
         520   1.808040      3.0004978E-04
         521   1.808340      2.2818506E-02
         522   1.853677      4.9121737E-02
         523   1.906584      5.3661585E-02
         524   1.961000      5.5193186E-02
         525   2.016970      5.6768417E-02
         526   2.074537      5.8388710E-02
         527   2.133747      5.0361156E-02
         528   2.175259      2.0905972E-02
         529   2.175559      2.9993057E-04
         530   2.175859      9.5441341E-03
         531   2.194648      4.0713310E-02
         532   2.257286      6.3532233E-02
         533   2.321712      6.5345526E-02
         534   2.387977      6.7210555E-02
         535   2.456133      3.6596060E-02
         536   2.461169      2.6679039E-03
         537   2.461469      2.9993057E-04
         538   2.461769      3.2382846E-02
         539   2.526235      4.8944116E-02
         540   2.559657      1.6861200E-02
         541   2.559957      2.9993057E-04
         542   2.560257      1.0507226E-02
         543   2.580971      1.0507226E-02
         544   2.581271      2.9993057E-04
         545   2.581571      8.5327625E-03
         546   2.598337      4.5462966E-02
         547   2.672497      7.5218678E-02
         548   2.748774      7.7365398E-02
         549   2.827228      7.9573512E-02
         550   2.907921      8.1844807E-02
         551   2.990918      5.1141024E-02
         552   3.010203      9.7928047E-03
         553   3.010503      2.9993057E-04
         554   3.010803      3.2889605E-02
         555   3.076283      7.6640368E-02
         556   3.164084      8.9054585E-02
         557   3.254392      7.6671839E-02
         558   3.317428      3.1667948E-02
         559   3.317728      2.9993057E-04
         560   3.318027      1.4774680E-02
         561   3.347277      6.2392831E-02
         562   3.442813      6.4821482E-02
         563   3.476920      1.7203331E-02
         564   3.477220      2.9993057E-04
         565   3.477520      4.9948692E-03
         566   3.487210      4.9948692E-03
         567   3.487509      2.9993057E-04
         568   3.487809      1.6019702E-02
         569   3.519549      1.6019702E-02
         570   3.519849      2.9993057E-04
         571   3.520149      1.0613680E-02
         572   3.541076      6.0997486E-02
         573   3.642144      0.1025099    
         574   3.746096      0.1054357    
         575   3.853015      0.1084449    
         576   3.962986      7.3342443E-02
         577   3.999700      1.8507123E-02
         578   4.000000      2.9993057E-04
         579   4.000300      1.8857002E-02
         580   4.037714      1.8857002E-02
         581   4.038014      2.9993057E-04
         582   4.038314      1.9040585E-02
         583   4.076095      7.7059746E-02
         584   4.192433      0.1179981    
         585   4.312091      0.1213658    
         586   4.435165      0.1248298    
         587   4.561751      0.1143787    
         588   4.663922      5.1235676E-02
         589   4.664222      2.9993057E-04
         590   4.664522      1.3864040E-02
         591   4.691950      3.7551880E-02
         592   4.739626      2.3987770E-02
         593   4.739926      2.9993057E-04
         594   4.740226      4.2969704E-02
         595   4.825865      0.1116886    
         596   4.963603      0.1397030    
         597   5.105271      0.1436903    
         598   5.250984      0.1181543    
         599   5.341580      4.5448065E-02
         600   5.341880      2.9993057E-04
         601   5.342180      2.9487371E-02
         602   5.400855      0.1064115    
         603   5.555003      0.1441870    
         604   5.689229      6.7262888E-02
         605   5.689528      2.9993057E-04
         606   5.689828      2.0549297E-03
         607   5.693638      2.0549297E-03
         608   5.693938      2.9993057E-04
         609   5.694238      9.8061562E-03
         610   5.713551      9.1192961E-02
         611   5.876624      8.8164330E-02
         612   5.889879      6.7775249E-03
         613   5.890179      2.9993057E-04
         614   5.890479      7.7086210E-02
         615   6.044352      0.1631937    
         616   6.216866      0.1749766    
         617   6.394305      0.1271937    
         618   6.471254      3.8624525E-02
         619   6.471554      2.9993057E-04
         620   6.471854      5.2627087E-02
         621   6.576808      0.1463330    
         622   6.764520      0.1903906    
         623   6.957589      0.1866832    
         624   7.137886      9.0298414E-02
         625   7.138186      2.9993057E-04
         626   7.138486      8.9914799E-03
         627   7.156169      2.7997017E-02
         628   7.194480      1.9305468E-02
         629   7.194780      2.9993057E-04
         630   7.195080      8.2818508E-02
         631   7.360417      0.1877072    
         632   7.570494      0.2130752    
         633   7.786567      0.2191565    
         634   8.008807      0.1232660    
         635   8.033099      1.2296200E-02
         636   8.033400      3.0040741E-04
         637   8.033700      0.1019955    
         638   8.237391      0.1687465    
         639   8.371193      6.7051411E-02
         640   8.371493      3.0040741E-04
         641   8.371794      5.0502300E-02
         642   8.472498      0.1712608    
         643   8.714315      0.2452688    
         644   8.963036      0.2522693    
         645   9.218854      0.1560950    
         646   9.275226      2.8336048E-02
         647   9.275526      3.0040741E-04
         648   9.275826      0.1032238    
         649   9.481974      0.2383881    
         650   9.752603      0.2744908    
         651   10.03096      0.1986284    
         652   10.14986      5.9602261E-02
         653   10.15016      3.0040741E-04
         654   10.15046      8.3547115E-02
         655   10.31725      0.1172972    
         656   10.38505      3.4050465E-02
         657   10.38535      3.0040741E-04
         658   10.38566      0.1131845    
         659   10.61172      0.2644711    
         660   10.91460      0.3071961    
         661   11.22612      0.3159647    
         662   11.54653      0.1895075    
         663   11.60513      2.9452324E-02
         664   11.60543      3.0040741E-04
         665   11.60573      0.1353250    
         666   11.87608      0.3046556    
         667   12.21504      0.1915941    
         668   12.25927      2.2263527E-02
         669   12.25957      3.0040741E-04
         670   12.25987      0.1520538    
         671   12.56368      0.3311968    
         672   12.92226      0.3637037    
         673   13.29109      0.3740840    
         674   13.67043      0.2080536    
         675   13.70719      1.8530369E-02
         676   13.70749      3.0040741E-04
         677   13.70779      0.1765571    
         678   14.06061      0.3770618    
         679   14.46192      0.4070373    
         680   14.87468      0.3061752    
         681   15.07427      9.9943161E-02
         682   15.07457      3.0040741E-04
         683   15.07487      0.1123295    
         684   15.29923      0.3305106    
         685   15.73589      0.4428940    
         686   16.18501      0.4555349    
         687   16.64696      0.4685373    
         688   17.12209      0.4819098    
         689   17.61078      0.4956636    
         690   18.11342      0.5098104    
         691   18.63040      0.5243616    
         692   19.16214      0.5393276    
         693   19.70905      0.5547209    
         694   20.27158      0.5705538    
         695   20.85016      0.5868378    
         696   21.44526      0.6035872    
         697   22.05734      0.6208143    
         698   22.68689      0.6385326    
         699   23.33440      0.6567574    
 in initGammaCont
 out initGammaCont
 dTheta :   1.7453292E-02
 dPhi :   1.7453292E-02
 out initCartesianGrid
 in initXSecArray
 out initXSecArray
 in setContinuumnone                                              
 blackbody                                         
 contShape blackbody                                         
 Ionising/illuminating spectrum:
           1  1.0010000E-05  7.575706519207936E+015
           2  1.0295696E-05  7.971305219424256E+015
           3  1.0589551E-05  8.396697034031104E+015
           4  1.0891793E-05  8.946033551736832E+015
           5  1.1202660E-05  9.439129083314176E+015
           6  1.1522401E-05  9.968560038215680E+015
           7  1.1851267E-05  1.053679924386202E+016
           8  1.2189520E-05  1.114652998107136E+016
           9  1.2537427E-05  1.180065027902669E+016
          10  1.2895264E-05  1.250228902140314E+016
          11  1.3263314E-05  1.325482312623718E+016
          12  1.3641868E-05  1.406189794702131E+016
          13  1.4031228E-05  1.480706403545907E+016
          14  1.4431700E-05  1.573085673999565E+016
          15  1.4843602E-05  1.659396799909069E+016
          16  1.5267260E-05  1.752076932821811E+016
          17  1.5703012E-05  1.851559542312141E+016
          18  1.6151198E-05  1.958311598699315E+016
          19  1.6612177E-05  2.072840767117722E+016
          20  1.7086313E-05  2.195693796904141E+016
          21  1.7573982E-05  2.327461460810138E+016
          22  1.8075571E-05  2.453351032474829E+016
          23  1.8591474E-05  2.604361438357094E+016
          24  1.9122102E-05  2.749944079319040E+016
          25  1.9667876E-05  2.906208303946138E+016
          26  2.0229225E-05  3.073890054884557E+016
          27  2.0806598E-05  3.253786263316070E+016
          28  2.1400449E-05  3.446755278454784E+016
          29  2.2011249E-05  3.653725672230093E+016
          30  2.2639482E-05  3.856320568072602E+016
          31  2.3285647E-05  4.073815564458394E+016
          32  2.3950255E-05  4.327644695678157E+016
          33  2.4633830E-05  4.557670688646758E+016
          34  2.5336916E-05  4.826328623952691E+016
          35  2.6060070E-05  5.114492153233408E+016
          36  2.6803862E-05  5.400667112656077E+016
          37  2.7568885E-05  5.731324189369958E+016
          38  2.8355742E-05  6.061591712550093E+016
          39  2.9165056E-05  6.391052211375309E+016
          40  2.9997471E-05  6.770358812147712E+016
          41  3.0853644E-05  7.177184556875776E+016
          42  3.1734253E-05  7.586307250113741E+016
          43  3.2639993E-05  8.025301011398656E+016
          44  3.3571589E-05  8.496256201313485E+016
          45  3.4529770E-05  8.971909226456678E+016
          46  3.5515302E-05  9.482449411951821E+016
          47  3.6528963E-05  1.003028193948467E+017
          48  3.7571554E-05  1.061800698225623E+017
          49  3.8643899E-05  1.124843344887808E+017
          50  3.9746854E-05  1.189062812589097E+017
          51  4.0881288E-05  1.257969635798548E+017
          52  4.2048101E-05  1.331891606420193E+017
          53  4.3248216E-05  1.407488442488586E+017
          54  4.4482586E-05  1.488610753983283E+017
          55  4.5752186E-05  1.575642940477276E+017
          56  4.7058020E-05  1.664988568155587E+017
          57  4.8401125E-05  1.764989494299197E+017
          58  4.9782564E-05  1.863728902648627E+017
          59  5.1203435E-05  1.974069704859320E+017
          60  5.2664855E-05  2.087917605565235E+017
          61  5.4167987E-05  2.210058744522342E+017
          62  5.5714023E-05  2.336318757116314E+017
          63  5.7304183E-05  2.471793020748431E+017
          64  5.8939731E-05  2.617126639506555E+017
          65  6.0621958E-05  2.767832059761132E+017
          66  6.2352199E-05  2.924202026483057E+017
          67  6.4131826E-05  3.097476469085962E+017
          68  6.5962238E-05  3.277681958112461E+017
          69  6.7844900E-05  3.465200917450588E+017
          70  6.9781294E-05  3.666401237412086E+017
          71  7.1772956E-05  3.876116931333325E+017
          72  7.3821466E-05  4.101134734736753E+017
          73  7.5928438E-05  4.342523922680381E+017
          74  7.8095552E-05  4.588106029497057E+017
          75  8.0324513E-05  4.858494149428511E+017
          76  8.2617094E-05  5.134409720471224E+017
          77  8.4975109E-05  5.437728900849336E+017
          78  8.7400425E-05  5.748135120863232E+017
          79  8.9894958E-05  6.081198152356987E+017
          80  9.2460694E-05  6.438503010061517E+017
          81  9.5099662E-05  6.805519304218378E+017
          82  9.7813951E-05  7.199333445523210E+017
          83  1.0060571E-04  7.621816665327534E+017
          84  1.0347714E-04  8.057321538778563E+017
          85  1.0643053E-04  8.524609170219991E+017
          86  1.0946822E-04  9.016568468199178E+017
          87  1.1259260E-04  9.544359475738051E+017
          88  1.1580616E-04  1.009074047612355E+018
          89  1.1911144E-04  1.067697808582115E+018
          90  1.2251106E-04  1.129541695512248E+018
          91  1.2600771E-04  1.194812760186159E+018
          92  1.2960416E-04  1.264836532590608E+018
          93  1.3330326E-04  1.337671343910420E+018
          94  1.3710793E-04  1.414644029802414E+018
          95  1.4102118E-04  1.497226011702460E+018
          96  1.4504614E-04  1.583335914099180E+018
          97  1.4918597E-04  1.675721416550384E+018
          98  1.5344397E-04  1.772204249082495E+018
          99  1.5782348E-04  1.874371694169162E+018
         100  1.6232800E-04  1.983982008342151E+018
         101  1.6696108E-04  2.098707250607555E+018
         102  1.7172639E-04  2.220320108587254E+018
         103  1.7662773E-04  2.347770686115676E+018
         104  1.8166893E-04  2.484512824093573E+018
         105  1.8685404E-04  2.628010911268340E+018
         106  1.9218713E-04  2.780319385116475E+018
         107  1.9767245E-04  2.940341757667181E+018
         108  2.0331431E-04  3.112024451030450E+018
         109  2.0911719E-04  3.290833903887057E+018
         110  2.1508572E-04  3.482678616846762E+018
         111  2.2122457E-04  3.682808699677573E+018
         112  2.2753865E-04  3.897527927419437E+018
         113  2.3403295E-04  4.121868981415969E+018
         114  2.4071260E-04  4.360505610718937E+018
         115  2.4758288E-04  4.614400712636367E+018
         116  2.5464926E-04  4.880242833023304E+018
         117  2.6191733E-04  5.163220842129129E+018
         118  2.6939285E-04  5.462197844930724E+018
         119  2.7708174E-04  5.778210680893080E+018
         120  2.8499003E-04  6.112367107981181E+018
         121  2.9312409E-04  6.465857347532095E+018
         122  3.0149028E-04  6.839941439871255E+018
         123  3.1009526E-04  7.235973983324078E+018
         124  3.1894585E-04  7.655395887878767E+018
         125  3.2804903E-04  8.099746469814206E+018
         126  3.3741203E-04  8.567794825863102E+018
         127  3.4704228E-04  9.064008821524922E+018
         128  3.5694739E-04  9.590252678764560E+018
         129  3.6713519E-04  1.014538730353564E+019
         130  3.7761376E-04  1.073127306951236E+019
         131  3.8839143E-04  1.135320412518246E+019
         132  3.9947670E-04  1.201017771594141E+019
         133  4.1087836E-04  1.270446763183545E+019
         134  4.2260543E-04  1.344210249511967E+019
         135  4.3466722E-04  1.421857870616671E+019
         136  4.4707328E-04  1.504016677978977E+019
         137  4.5983339E-04  1.591373646463920E+019
         138  4.7295773E-04  1.683473028501786E+019
         139  4.8645664E-04  1.780617739546028E+019
         140  5.0034083E-04  1.883985026696505E+019
         141  5.1462132E-04  1.993118372725365E+019
         142  5.2930939E-04  2.108389192660471E+019
         143  5.4441666E-04  2.230196169418054E+019
         144  5.5995508E-04  2.359440682630565E+019
         145  5.7593704E-04  2.496128449758469E+019
         146  5.9237517E-04  2.640744795234265E+019
         147  6.0928240E-04  2.793288839448651E+019
         148  6.2667223E-04  2.955339481099115E+019
         149  6.4455840E-04  3.126434045692687E+019
         150  6.6295505E-04  3.307157033610694E+019
         151  6.8187679E-04  3.498714389206480E+019
         152  7.0133858E-04  3.701225299540496E+019
         153  7.2135578E-04  3.915402687952191E+019
         154  7.4194436E-04  4.142010715022872E+019
         155  7.6312054E-04  4.381862139747788E+019
         156  7.8490115E-04  4.635159272266452E+019
         157  8.0730341E-04  4.903460340457747E+019
         158  8.3034503E-04  5.187753145568068E+019
         159  8.5404434E-04  5.487640543997460E+019
         160  8.7842002E-04  5.805619746554931E+019
         161  9.0349140E-04  6.141351663854472E+019
         162  9.2927844E-04  6.496778473235389E+019
         163  9.5580140E-04  6.873190561544038E+019
         164  9.8308141E-04  7.271135925375703E+019
         165  1.0111399E-03  7.692014462934870E+019
         166  1.0399994E-03  8.137329866323683E+019
         167  1.0696825E-03  8.607768670602527E+019
         168  1.1002129E-03  9.105900214543188E+019
         169  1.1316146E-03  9.633543530182659E+019
         170  1.1639126E-03  1.019066783119536E+020
         171  1.1971324E-03  1.078121464686455E+020
         172  1.2313003E-03  1.140424895250196E+020
         173  1.2664434E-03  1.206509942126045E+020
         174  1.3025895E-03  1.276294977570755E+020
         175  1.3397675E-03  1.350134132289401E+020
         176  1.3780064E-03  1.428292168681951E+020
         177  1.4173368E-03  1.510932342234897E+020
         178  1.4577897E-03  1.598471763679353E+020
         179  1.4993971E-03  1.690977107400427E+020
         180  1.5421922E-03  1.788772597386917E+020
         181  1.5862086E-03  1.892336917021091E+020
         182  1.6314813E-03  2.001911782939201E+020
         183  1.6780462E-03  2.117747707870519E+020
         184  1.7259402E-03  2.240253006453135E+020
         185  1.7752011E-03  2.369863437135370E+020
         186  1.8258679E-03  2.507044137316238E+020
         187  1.8779809E-03  2.652132525124071E+020
         188  1.9315813E-03  2.805645283062993E+020
         189  1.9867115E-03  2.967965393023192E+020
         190  2.0434151E-03  3.139666536191576E+020
         191  2.1017373E-03  3.321364966845280E+020
         192  2.1617240E-03  3.513530044507971E+020
         193  2.2234228E-03  3.716846457060495E+020
         194  2.2868826E-03  3.931851118020930E+020
         195  2.3521536E-03  4.159505968122183E+020
         196  2.4192876E-03  4.400027039408880E+020
         197  2.4883377E-03  4.654672876870639E+020
         198  2.5593585E-03  4.923936413560424E+020
         199  2.6324063E-03  5.208772553336726E+020
         200  2.7075391E-03  5.510200939302680E+020
         201  2.7848163E-03  5.829071977731672E+020
         202  2.8642991E-03  6.166284277486851E+020
         203  2.9460506E-03  6.523036921969005E+020
         204  3.0301351E-03  6.900347795062663E+020
         205  3.1166198E-03  7.299567272968596E+020
         206  3.2055727E-03  7.721852921528524E+020
         207  3.2970645E-03  8.168434786390675E+020
         208  3.3911676E-03  8.640902497486022E+020
         209  3.4879565E-03  9.140652170699048E+020
         210  3.5875081E-03  9.669471875819310E+020
         211  3.6899007E-03  1.022894913171545E+021
         212  3.7952161E-03  1.082045190677429E+021
         213  3.9035373E-03  1.144639877473322E+021
         214  4.0149498E-03  1.210836388439948E+021
         215  4.1295425E-03  1.280835555973191E+021
         216  4.2474060E-03  1.354921740168273E+021
         217  4.3686330E-03  1.433288314334193E+021
         218  4.4933204E-03  1.516178050638366E+021
         219  4.6215663E-03  1.603846950572108E+021
         220  4.7534727E-03  1.696567904125342E+021
         221  4.8891441E-03  1.794670799970772E+021
         222  5.0286874E-03  1.898465260582780E+021
         223  5.1722135E-03  2.008192932228872E+021
         224  5.3198361E-03  2.124330914994572E+021
         225  5.4716724E-03  2.247114944172876E+021
         226  5.6278422E-03  2.377025779024005E+021
         227  5.7884688E-03  2.514431729554986E+021
         228  5.9536803E-03  2.659824532550131E+021
         229  6.1236075E-03  2.813519721458334E+021
         230  6.2983842E-03  2.976164125776076E+021
         231  6.4781494E-03  3.148181365343306E+021
         232  6.6000000E-03  3.267538014467692E+021
         233  6.6630454E-03  3.330127634714004E+021
         234  6.8532187E-03  3.522594594289216E+021
         235  6.8999999E-03  3.570767066228408E+021
         236  7.0488197E-03  3.726151104996875E+021
         237  7.1999999E-03  3.887388134431064E+021
         238  7.2500035E-03  3.941461447782018E+021
         239  7.4569294E-03  4.169231280411257E+021
         240  7.6697613E-03  4.410081818158194E+021
         241  7.8886673E-03  4.664933484196673E+021
         242  7.9999994E-03  4.797206738527335E+021
         243  8.1138220E-03  4.934431982123267E+021
         244  8.2999999E-03  5.162917042668328E+021
         245  8.3454018E-03  5.219460861889872E+021
         246  8.5835923E-03  5.520966160893212E+021
         247  8.6000003E-03  5.542060458597862E+021
         248  8.8285813E-03  5.839877309506385E+021
         249  9.0805618E-03  6.177176092448158E+021
         250  9.3397349E-03  6.533911848431710E+021
         251  9.6063046E-03  6.911190211165558E+021
         252  9.6999994E-03  7.046379827729919E+021
         253  9.8804822E-03  7.310271625595414E+021
         254  9.9999998E-03  7.487762427559759E+021
         255  1.0162486E-02  7.732414284867173E+021
         256  1.0300000E-02  7.942466112137407E+021
         257  1.0452539E-02  8.178862871327852E+021
         258  1.0750869E-02  8.651022508061188E+021
         259  1.1057716E-02  9.150393456693051E+021
         260  1.1373319E-02  9.678556480692646E+021
         261  1.1697930E-02  1.023720549646982E+022
         262  1.1999999E-02  1.077099013870428E+022
         263  1.2031807E-02  1.082802822798493E+022
         264  1.2300000E-02  1.131449580073442E+022
         265  1.2375212E-02  1.145281823378957E+022
         266  1.2600000E-02  1.187127131906661E+022
         267  1.2728419E-02  1.211368657620908E+022
         268  1.3091708E-02  1.281255741818425E+022
         269  1.3465364E-02  1.355168593722848E+022
         270  1.3849686E-02  1.433347480374298E+022
         271  1.4244976E-02  1.516011727074627E+022
         272  1.4651549E-02  1.603442133260603E+022
         273  1.5069726E-02  1.695900020300603E+022
         274  1.5299999E-02  1.747913218297012E+022
         275  1.5499839E-02  1.793688367859559E+022
         276  1.5600000E-02  1.816849367433209E+022
         277  1.5899999E-02  1.887091785641326E+022
         278  1.5942227E-02  1.897088876094163E+022
         279  1.6397242E-02  2.006440778646346E+022
         280  1.6865242E-02  2.122090965277406E+022
         281  1.7346602E-02  2.244379908119174E+022
         282  1.7841700E-02  2.373710904518279E+022
         283  1.8350929E-02  2.510467886342956E+022
         284  1.8874692E-02  2.655089279016928E+022
         285  1.9413402E-02  2.808007878464386E+022
         286  1.9967491E-02  2.969717504384472E+022
         287  2.0100001E-02  3.009053970149758E+022
         288  2.0400001E-02  3.099056832442888E+022
         289  2.0537393E-02  3.140706572156773E+022
         290  2.0700000E-02  3.190368891147694E+022
         291  2.1123560E-02  3.321510784956965E+022
         292  2.1726457E-02  3.512700073317893E+022
         293  2.2346564E-02  3.714861481450983E+022
         294  2.2984367E-02  3.928615605384887E+022
         295  2.3640376E-02  4.154642713843320E+022
         296  2.4315106E-02  4.393623075549997E+022
         297  2.5009096E-02  4.646301585883283E+022
         298  2.5722893E-02  4.913444307139795E+022
         299  2.6457062E-02  5.195909625408510E+022
         300  2.7212186E-02  5.494541515259597E+022
         301  2.7500000E-02  5.610522266103306E+022
         302  2.7799999E-02  5.732697718234464E+022
         303  2.7988862E-02  5.810281679375138E+022
         304  2.8099999E-02  5.856165703458677E+022
         305  2.8787706E-02  6.144081728356398E+022
         306  2.9609350E-02  6.496976139037784E+022
         307  3.0454444E-02  6.870059736488709E+022
         308  3.1323660E-02  7.264475984654562E+022
         309  3.2217685E-02  7.681457518753355E+022
         310  3.3137225E-02  8.122232920763435E+022
         311  3.4083009E-02  8.588191551169845E+022
         312  3.5055790E-02  9.080750242415356E+022
         313  3.6056332E-02  9.601407792455957E+022
         314  3.7085436E-02  1.015176297915936E+023
         315  3.8143907E-02  1.073352987254376E+023
         316  3.9232593E-02  1.134841984046753E+023
         317  3.9699998E-02  1.161753243620106E+023
         318  3.9999999E-02  1.179191811881232E+023
         319  4.0300000E-02  1.196757111435873E+023
         320  4.0352348E-02  1.199832529549411E+023
         321  4.1504063E-02  1.268526565169641E+023
         322  4.2688653E-02  1.341128554330526E+023
         323  4.3907050E-02  1.417860974853657E+023
         324  4.5160223E-02  1.498953780536008E+023
         325  4.6449162E-02  1.584654218997122E+023
         326  4.7774889E-02  1.675224489807304E+023
         327  4.9138457E-02  1.770935709664122E+023
         328  5.0540939E-02  1.872069984048235E+023
         329  5.1983453E-02  1.978944906805364E+023
         330  5.3467140E-02  2.091870685877843E+023
         331  5.4993171E-02  2.211189414693367E+023
         332  5.6562759E-02  2.337264623813858E+023
         333  5.8177143E-02  2.470463086392968E+023
         334  5.9837606E-02  2.611193188844907E+023
         335  6.1545458E-02  2.759862957295915E+023
         336  6.2199999E-02  2.817899404541958E+023
         337  6.2500000E-02  2.844691859157140E+023
         338  6.2799998E-02  2.871610774849859E+023
         339  6.3302055E-02  2.916926354588431E+023
         340  6.5108791E-02  3.082844008892343E+023
         341  6.6967092E-02  3.258108974294855E+023
         342  6.8878435E-02  3.443239705185069E+023
         343  7.0844330E-02  3.638780236397973E+023
         344  7.2866328E-02  3.845311352141512E+023
         345  7.4946046E-02  4.063436895053724E+023
         346  7.7085115E-02  4.293802140889218E+023
         347  7.9285234E-02  4.537071460665024E+023
         348  8.1548154E-02  4.793962187729790E+023
         349  8.3875664E-02  5.065220478469778E+023
         350  8.6269595E-02  5.351635363539705E+023
         351  8.8731863E-02  5.654043071318379E+023
         352  9.1264397E-02  5.973301447462822E+023
         353  9.3869224E-02  6.310342917239886E+023
         354  9.6548386E-02  6.666132331833738E+023
         355  9.9304020E-02  7.041692909079716E+023
         356  0.1021383      7.438090380793642E+023
         357  0.1050535      7.856455330625971E+023
         358  0.1080519      8.297970223694865E+023
         359  0.1108700      8.723264952345822E+023
         360  0.1111358      8.763896067895988E+023
         361  0.1111700      8.769127449223142E+023
         362  0.1114700      8.815103076523101E+023
         363  0.1143078      9.255538546833307E+023
         364  0.1158000      9.491149585514762E+023
         365  0.1161000      9.538851712767870E+023
         366  0.1164000      9.586665529291737E+023
         367  0.1175703      9.774267475369483E+023
         368  0.1209260      1.032154922554319E+024
         369  0.1221800      1.052963282215027E+024
         370  0.1224800      1.057969843848783E+024
         371  0.1227800      1.062987430294426E+024
         372  0.1243774      1.089890060970892E+024
         373  0.1279273      1.150791698299868E+024
         374  0.1315785      1.215029386060018E+024
         375  0.1353340      1.282779665356735E+024
         376  0.1370200      1.313746560509722E+024
         377  0.1373200      1.319292977638010E+024
         378  0.1376200      1.324849194599086E+024
         379  0.1391966      1.354226499227597E+024
         380  0.1431695      1.429567037249893E+024
         381  0.1472557      1.509004049493245E+024
         382  0.1514586      1.592751402896758E+024
         383  0.1557815      1.681036511227215E+024
         384  0.1602277      1.774092552858924E+024
         385  0.1648009      1.872167982376127E+024
         386  0.1695045      1.975521342426231E+024
         387  0.1743424      2.084424434253949E+024
         388  0.1793184      2.199162173586106E+024
         389  0.1844364      2.320029564212693E+024
         390  0.1897005      2.447341641934845E+024
         391  0.1951149      2.581420360082722E+024
         392  0.2006837      2.722609145149509E+024
         393  0.2064115      2.871263096958626E+024
         394  0.2123028      3.027754320925684E+024
         395  0.2183623      3.192471639828112E+024
         396  0.2245947      3.365818287962146E+024
         397  0.2310049      3.548221134514867E+024
         398  0.2375982      3.740118866118777E+024
         399  0.2443796      3.941970921993463E+024
         400  0.2473300      4.031194652543859E+024
         401  0.2476300      4.040315126336427E+024
         402  0.2479300      4.049444247040281E+024
         403  0.2496400      4.101640174087970E+024
         404  0.2499400      4.110826652636678E+024
         405  0.2502400      4.120021489866293E+024
         406  0.2513545      4.154258935097474E+024
         407  0.2585285      4.377479814599296E+024
         408  0.2659073      4.612151510484873E+024
         409  0.2660000      4.615133253726162E+024
         410  0.2663000      4.624783494950098E+024
         411  0.2666000      4.634442383085318E+024
         412  0.2734967      4.858816472322122E+024
         413  0.2813027      5.118034155271155E+024
         414  0.2893315      5.390387072922174E+024
         415  0.2915900      5.468033453953683E+024
         416  0.2918900      5.478381500918282E+024
         417  0.2921900      5.488737618333413E+024
         418  0.2975895      5.676477050300583E+024
         419  0.3060831      5.976934735469403E+024
         420  0.3148192      6.292406340931965E+024
         421  0.3238046      6.623561714082446E+024
         422  0.3330464      6.971099525352639E+024
         423  0.3425520      7.335734586075399E+024
         424  0.3523289      7.718207071856683E+024
         425  0.3623849      8.119284251957809E+024
         426  0.3727279      8.539748960080403E+024
         427  0.3833660      8.980409394199195E+024
         428  0.3943079      9.442100269483521E+024
         429  0.4055620      9.925668406778514E+024
         430  0.4171373      1.043199002642767E+025
         431  0.4290429      1.096195460737181E+025
         432  0.4412884      1.151647756928557E+025
         433  0.4538834      1.209648240229416E+025
         434  0.4668379      1.270291565495285E+025
         435  0.4801621      1.333673194626745E+025
         436  0.4938666      1.399890088322335E+025
         437  0.5079623      1.469040706078547E+025
         438  0.5224602      1.541222700346822E+025
         439  0.5373720      1.616535683545158E+025
         440  0.5527093      1.695078230462198E+025
         441  0.5616704      1.741453460355655E+025
         442  0.5619704      1.743011979645582E+025
         443  0.5622704      1.744570844811961E+025
         444  0.5684845      1.776949146470888E+025
         445  0.5847099      1.862245738146217E+025
         446  0.5988608      1.937491044852232E+025
         447  0.5991608      1.939094528080839E+025
         448  0.5994608      1.940698241893747E+025
         449  0.6013983      1.951064850894570E+025
         450  0.6185631      2.043501024279327E+025
         451  0.6362178      2.139646607313006E+025
         452  0.6543764      2.239591297288665E+025
         453  0.6730533      2.343420410397646E+025
         454  0.6922632      2.451215573482474E+025
         455  0.7120214      2.563052879362454E+025
         456  0.7323435      2.679002656249366E+025
         457  0.7532457      2.799127161904460E+025
         458  0.7611457      2.844735122536601E+025
         459  0.7614457      2.846469347063830E+025
         460  0.7617457      2.848203341006759E+025
         461  0.7747444      2.923482658897160E+025
         462  0.7968567      3.052114341750447E+025
         463  0.8196002      3.185058873368167E+025
         464  0.8272945      3.230159779122581E+025
         465  0.8275945      3.231918906754311E+025
         466  0.8278944      3.233678956723243E+025
         467  0.8429927      3.322339542764714E+025
         468  0.8670530      3.463969954413841E+025
         469  0.8917999      3.609945727213831E+025
         470  0.9172532      3.760250028510718E+025
         471  0.9434329      3.914846887153556E+025
         472  0.9703599      4.073684421674640E+025
         473  0.9980553      4.236688614513372E+025
         474  0.9991340      4.243026915777099E+025
         475  0.9994340      4.244789502173342E+025
         476  0.9997340      4.246552088569585E+025
         477   1.000751      4.252527450143661E+025
         478   1.001051      4.254290958877108E+025
         479   1.001351      4.256052622936147E+025
         480   1.026541      4.403762620263367E+025
         481   1.055840      4.574788379762552E+025
         482   1.067635      4.643357233327540E+025
         483   1.067935      4.645098605968098E+025
         484   1.068235      4.646841362114462E+025
         485   1.085975      4.749620163732746E+025
         486   1.105119      4.860024388182499E+025
         487   1.105419      4.861750542259196E+025
         488   1.105719      4.863475773998690E+025
         489   1.116971      4.928086878622663E+025
         490   1.148851      5.109987916090504E+025
         491   1.181640      5.295091308329541E+025
         492   1.201402      5.405580387802033E+025
         493   1.201702      5.407250740477908E+025
         494   1.202003      5.408922476659588E+025
         495   1.215366      5.483132344562316E+025
         496   1.250054      5.673813109872038E+025
         497   1.285733      5.866797873516567E+025
         498   1.322430      6.061714011265614E+025
         499   1.360174      6.258149238389130E+025
         500   1.398995      6.455652531994514E+025
         501   1.438924      6.653729058171989E+025
         502   1.479993      6.851842939006213E+025
         503   1.522234      7.049412179721661E+025
         504   1.565681      7.245813741537243E+025
         505   1.584330      7.327940951996407E+025
         506   1.584630      7.329252515500048E+025
         507   1.584930      7.330562234329281E+025
         508   1.610368      7.440378929980287E+025
         509   1.656330      7.632398467741159E+025
         510   1.703604      7.821116038312837E+025
         511   1.714423      7.863031652534324E+025
         512   1.714723      7.864187341050542E+025
         513   1.715023      7.865342107229556E+025
         514   1.752228      8.005738431700152E+025
         515   1.791596      8.148065207938062E+025
         516   1.791896      8.149125895722300E+025
         517   1.792196      8.150183816494927E+025
         518   1.802239      8.185430010396564E+025
         519   1.807740      8.204558361663797E+025
         520   1.808040      8.205598758029554E+025
         521   1.808340      8.206637309720904E+025
         522   1.853677      8.359318243407387E+025
         523   1.906584      8.526500162610213E+025
         524   1.961000      8.686035906394487E+025
         525   2.016970      8.836969011079986E+025
         526   2.074537      8.978314420533174E+025
         527   2.133747      9.109079699922886E+025
         528   2.175259      9.191990435836581E+025
         529   2.175559      9.192564129577273E+025
         530   2.175859      9.193137823317966E+025
         531   2.194648      9.228257657022698E+025
         532   2.257286      9.334849400641017E+025
         533   2.321712      9.427861573609476E+025
         534   2.387977      9.506321110178185E+025
         535   2.456133      9.569279847701755E+025
         536   2.461169      9.573231140282344E+025
         537   2.461469      9.573464491594876E+025
         538   2.461769      9.573695998233001E+025
         539   2.526235      9.615832051046169E+025
         540   2.559657      9.631711008344818E+025
         541   2.559957      9.631832756855704E+025
         542   2.560257      9.631958194715406E+025
         543   2.580971      9.639753788760955E+025
         544   2.581271      9.639856168190564E+025
         545   2.581571      9.639955780608562E+025
         546   2.598337      9.645124558298016E+025
         547   2.672497      9.656363237124923E+025
         548   2.748774      9.648837887880053E+025
         549   2.827228      9.621913942567271E+025
         550   2.907921      9.575062901968863E+025
         551   2.990918      9.507874326029191E+025
         552   3.010203      9.489642486523940E+025
         553   3.010503      9.489351950304779E+025
         554   3.010803      9.489061414085618E+025
         555   3.076283      9.420058600866297E+025
         556   3.164084      9.311456162143943E+025
         557   3.254392      9.182065165187722E+025
         558   3.317428      9.082010947669125E+025
         559   3.317728      9.081514730253542E+025
         560   3.318027      9.081020357512367E+025
         561   3.347277      9.032030416938612E+025
         562   3.442813      8.861665512045868E+025
         563   3.476920      8.797264239135733E+025
         564   3.477220      8.796691467732244E+025
         565   3.477520      8.796114084642737E+025
         566   3.487210      8.777488407151513E+025
         567   3.487509      8.776907334713191E+025
         568   3.487809      8.776329029286480E+025
         569   3.519549      8.714322143757113E+025
         570   3.519849      8.713729080935143E+025
         571   3.520149      8.713137862787581E+025
         572   3.541076      8.671453755204219E+025
         573   3.642144      8.462044471805061E+025
         574   3.746096      8.234269610006118E+025
         575   3.853015      7.989133595022202E+025
         576   3.962986      7.727802722247376E+025
         577   3.999700      7.638864512707596E+025
         578   4.000000      7.638135405148083E+025
         579   4.000300      7.637405836419968E+025
         580   4.037714      7.546031273156653E+025
         581   4.038014      7.545297092742519E+025
         582   4.038314      7.544558300642367E+025
         583   4.076095      7.451612074783972E+025
         584   4.192433      7.162047537867130E+025
         585   4.312091      6.860739803672963E+025
         586   4.435165      6.549434856528050E+025
         587   4.561751      6.229990283560613E+025
         588   4.663922      5.974098433275919E+025
         589   4.664222      5.973350878972332E+025
         590   4.664522      5.972603324668745E+025
         591   4.691950      5.904347143415807E+025
         592   4.739626      5.786228490594428E+025
         593   4.739926      5.785488314988470E+025
         594   4.740226      5.784747678213911E+025
         595   4.825865      5.574504140814019E+025
         596   4.963603      5.242498257469589E+025
         597   5.105271      4.910372931457282E+025
         598   5.250984      4.580155459950798E+025
         599   5.341580      4.381205480441433E+025
         600   5.341880      4.380555693881437E+025
         601   5.342180      4.379905446152838E+025
         602   5.400855      4.253820566903228E+025
         603   5.555003      3.933274262145988E+025
         604   5.689229      3.667199578548306E+025
         605   5.689528      3.666619197862887E+025
         606   5.689828      3.666038586593167E+025
         607   5.693638      3.658667728829915E+025
         608   5.693938      3.658088270481699E+025
         609   5.694238      3.657508812133484E+025
         610   5.713551      3.620314411473362E+025
         611   5.876624      3.316613903988535E+025
         612   5.889879      3.292746814753067E+025
         613   5.890179      3.292208630994716E+025
         614   5.890479      3.291669986067764E+025
         615   6.044352      3.023701283022314E+025
         616   6.216866      2.742928464331001E+025
         617   6.394305      2.475468660837685E+025
         618   6.471254      2.366055948881893E+025
         619   6.471554      2.365637207791420E+025
         620   6.471854      2.365218697285247E+025
         621   6.576808      2.222291018359137E+025
         622   6.764520      1.984162229695921E+025
         623   6.957589      1.761636850091753E+025
         624   7.137886      1.573173152835390E+025
         625   7.138186      1.572874661457847E+025
         626   7.138486      1.572576054788154E+025
         627   7.156169      1.555059718368662E+025
         628   7.194480      1.517680389099202E+025
         629   7.194780      1.517390890509395E+025
         630   7.195080      1.517101507211738E+025
         631   7.360417      1.364569415691500E+025
         632   7.570494      1.190110140659445E+025
         633   7.786567      1.031440125632981E+025
         634   8.008807      8.881526199052827E+024
         635   8.033099      8.736273653912677E+024
         636   8.033400      8.734487202041288E+024
         637   8.033700      8.732700750169900E+024
         638   8.237391      7.596891482995180E+024
         639   8.371193      6.925508973835218E+024
         640   8.371493      6.924062057346937E+024
         641   8.371794      6.922614564397903E+024
         642   8.472498      6.453653942566278E+024
         643   8.714315      5.443914336077308E+024
         644   8.963036      4.558941588973882E+024
         645   9.218854      3.789429895331565E+024
         646   9.275226      3.637013960652916E+024
         647   9.275526      3.636216138971728E+024
         648   9.275826      3.635421199594301E+024
         649   9.481974      3.125705379035577E+024
         650   9.752603      2.557940825411027E+024
         651   10.03096      2.076362342402609E+024
         652   10.14986      1.898006970906999E+024
         653   10.15016      1.897576354725028E+024
         654   10.15046      1.897144009160801E+024
         655   10.31725      1.671414372464955E+024
         656   10.38505      1.587165930552502E+024
         657   10.38535      1.586802616163363E+024
         658   10.38566      1.586438004737531E+024
         659   10.61172      1.333921822149214E+024
         660   10.91460      1.055202111661786E+024
         661   11.22612      8.271587776789759E+023
         662   11.54653      6.423590073181774E+023
         663   11.60513      6.131726553138670E+023
         664   11.60543      6.130267386859402E+023
         665   11.60573      6.128803176548551E+023
         666   11.87608      4.940683698981998E+023
         667   12.21504      3.762666696099562E+023
         668   12.25927      3.630664389581481E+023
         669   12.25957      3.629785286934219E+023
         670   12.25987      3.628902941695224E+023
         671   12.56368      2.836496929131192E+023
         672   12.92226      2.116022049527551E+023
         673   13.29109      1.561632358133959E+023
         674   13.67043      1.139792791117122E+023
         675   13.70719      1.105400151842781E+023
         676   13.70749      1.105123901041638E+023
         677   13.70779      1.104846749520570E+023
         678   14.06061      8.224753763400822E+022
         679   14.46192      5.865826375019350E+022
         680   14.87468      4.133324925007162E+022
         681   15.07427      3.486778704942636E+022
         682   15.07457      3.485886541856454E+022
         683   15.07487      3.484991226250533E+022
         684   15.29923      2.876629676346593E+022
         685   15.73589      1.976647665671439E+022
         686   16.18501      1.340531669753912E+022
         687   16.64696      8.969437697765397E+021
         688   17.12209      5.918677355136440E+021
         689   17.61078      3.850226682105816E+021
         690   18.11342      2.468144014059849E+021
         691   18.63040      1.558466147451933E+021
         692   19.16214      9.688968240081173E+020
         693   19.70905      5.928173335688239E+020
         694   20.27158      3.568020433405666E+020
         695   20.85016      2.111520425854517E+020
         696   21.44526      1.228041106586736E+020
         697   22.05734      7.015624816243350E+019
         698   22.68689      3.934899228135916E+019
         699   23.33440      2.165643621849000E+019
         700   24.00040      1.168937100928195E+019
 Q(H) =   5.4199999E+11  [e36 phot/s]
 LStar=    36.08904      [e36 erg/s]
 RStar =   1.0002891E-08  [e18 cm]
 deltaE =    36.79922      3.0074202E-04  [e36 erg/s]
 out setContinuum
 in fillGrid
 in setMotherGrid
 ! setMotherGrid: active cells :        1203
 Mothergrid :
 Total gas mass of ionized region by mass [1.e45 g]:   2.4696228E-13
 Total volume  of the active region [e45 cm^3]:   3.4717808E+07
 Total ionizing flux :   36.08904    
 deltaE :  3.0074202E-04
 out setMotherGrid
 Mother Grid:
 xAxis:   0.0000000E+00  3.2400001E+16  6.4800001E+16  9.7199998E+16
  1.2960000E+17  1.6200000E+17  1.9440000E+17  2.2679999E+17  2.5920001E+17
  2.9160000E+17  3.2400000E+17  3.5639999E+17  3.8879999E+17
 yAxis:   0.0000000E+00  3.2400001E+16  6.4800001E+16  9.7199998E+16
  1.2960000E+17  1.6200000E+17  1.9440000E+17  2.2679999E+17  2.5920001E+17
  2.9160000E+17  3.2400000E+17  3.5639999E+17  3.8879999E+17
 zAxis:   0.0000000E+00  3.2400001E+16  6.4800001E+16  9.7199998E+16
  1.2960000E+17  1.6200000E+17  1.9440000E+17  2.2679999E+17  2.5920001E+17
  2.9160000E+17  3.2400000E+17  3.5639999E+17  3.8879999E+17
 ! fillGrid: total number of active cells over all grids:         1203
 ! setSubGrids: number of diffuse packets per active cell:            0
 Mother Grid:
 xAxis:   0.0000000E+00  3.2400001E+16  6.4800001E+16  9.7199998E+16
  1.2960000E+17  1.6200000E+17  1.9440000E+17  2.2679999E+17  2.5920001E+17
  2.9160000E+17  3.2400000E+17  3.5639999E+17  3.8879999E+17
 yAxis:   0.0000000E+00  3.2400001E+16  6.4800001E+16  9.7199998E+16
  1.2960000E+17  1.6200000E+17  1.9440000E+17  2.2679999E+17  2.5920001E+17
  2.9160000E+17  3.2400000E+17  3.5639999E+17  3.8879999E+17
 zAxis:   0.0000000E+00  3.2400001E+16  6.4800001E+16  9.7199998E+16
  1.2960000E+17  1.6200000E+17  1.9440000E+17  2.2679999E+17  2.5920001E+17
  2.9160000E+17  3.2400000E+17  3.5639999E+17  3.8879999E+17
 Origin at mother grid cell:             1           1           1
 Geometric grid corrections for grid            1  :   1.6199998E+16
  1.6199998E+16  1.6199998E+16
 out fillGrid
 Grid :            1
 active cells:         1203
 active elements:            9
 ! mocassin: calling MCIterationDriver
 ! iterateMC: ionizationDriver in           1
 ! iterateMC: ionizationDriver out           1
 ! iterateMC: adding dust contribution to total opacity            1
 ! iterateMC: dust contribution to total opacity added            1
 ! iterateMC: emissionDriver in           1
 ! iterateMC: emissionDriver out           1
 Balmer Jump: [erg/s/A]   1.0125675E+33
 iterateMC: Starting transfer for ionising source            1
 Star:            1
 Qphot =   5.5367978E+11
 Qphot =   5.5367978E+11
 Lstar   36.08904    
  total Escaped Packets :           0
 in writeSED
 Total energy radiated out of the nebula [e36 erg/s]:   22.62263    
  7.1897595E+28   36.08904          120000
 out writeSED
 iterateMC: updateCell in           1
 iterateMC: updateCell out           1
 ! iterateMC:  Summary] Iteration            1 ;            0 
 % conveged cells in grid            1
 ! iterateMC: [Summary] Iteration            1 ;            0 
 % no hit cells in grid            1
 ! iterateMC: [Summary] Iteration            1 ;            0 
 % Ion balance not reached in grid            1
 ! iterateMC: [Summary] Iteration            1 ;            0 
 % Te balance not reached in grid           1
 ! iterateMC: [Summary] Iteration            1 ; Total:    0.0000000E+00 
 % converged cells over all grids
 ! iterateMC: [Summary] Iteration            1 ;       120000 
  energy packets used
 in writeGrid
 out writeGrid
 in outputGas
 ! iterateMC: ionizationDriver in           1
 ! iterateMC: ionizationDriver out           1
 ! iterateMC: adding dust contribution to total opacity            1
 ! iterateMC: dust contribution to total opacity added            1
 ! iterateMC: emissionDriver in           1
 ! iterateMC: emissionDriver out           1
 Balmer Jump: [erg/s/A]   1.3317016E+33
 iterateMC: Starting transfer for ionising source            1
 Star:            1
 Qphot =   5.5468248E+11
 Qphot =   5.5468248E+11
 Lstar   36.08904    
  total Escaped Packets :           0
 in writeSED
 Total energy radiated out of the nebula [e36 erg/s]:   13.58449    
  7.1897595E+28   36.08904          120000
 out writeSED
 iterateMC: updateCell in           1
 iterateMC: updateCell out           1
 ! iterateMC:  Summary] Iteration            2 ;            3 
 % conveged cells in grid            1
 ! iterateMC: [Summary] Iteration            2 ;            0 
 % no hit cells in grid            1
 ! iterateMC: [Summary] Iteration            2 ;            0 
 % Ion balance not reached in grid            1
 ! iterateMC: [Summary] Iteration            2 ;            0 
 % Te balance not reached in grid           1
 ! iterateMC: [Summary] Iteration            2 ; Total:     3.574397     
 % converged cells over all grids
 ! iterateMC: [Summary] Iteration            2 ;       120000 
  energy packets used
 in writeGrid
 out writeGrid
 in outputGas
