2
 NiII : Omegas and Aij's from Nussbaumer & Storey (A&A 110,295,1982).
 Entered by Dean Johnson 6-6-1991
17 1   0
1  3d9   2D(5/2)
2  3d9   2D(3/2)
3  3d84s 4F(9/2)
4  3d84s 4F(7/2)
5  3d84s 4F(5/2)
6  3d84s 4F(3/2)
7  3d84s 2F(7/2)
8  3d84s 2F(5/2)
9  3d84s 2D(5/2)
10 3d84s 2D(3/2)
11 3d84s 4P(3/2)
12 3d84s 4P(1/2)
13 3d84s 4P(5/2)
14 3d84s 2P(3/2)
15 3d84s 2P(1/2)
16 3d84s 2G(9/2)
17 3d84s 2G(7/2)
10000
0
1 2   0.148 10000
1 3   0.230 10000
1 4   0.144 10000
1 5   0.062 10000
1 6   0.024 10000
1 7   0.777 10000
1 8   0.174 10000
1 9   0.167 10000
1 10  0.095 10000
1 11  0.049 10000
1 12  0.022 10000
1 13  0.088 10000
1 14  0.132 10000
1 15  0.049 10000
1 16  0.215 10000
1 17  0.114 10000
2 3   0.023 10000
2 4   0.071 10000
2 5   0.095 10000
2 6   0.078 10000
2 7   0.116 10000
2 8   0.499 10000
2 9   0.034 10000
2 10  0.060 10000
2 11  0.062 10000
2 12  0.028 10000
2 13  0.109 10000
2 14  0.093 10000
2 15  0.065 10000
2 16  0.096 10000
2 17  0.135 10000
3 4   1.234 10000
3 5   0.024 10000
3 6   0.010 10000
3 7   0.833 10000
3 8   0.023 10000
3 9   0.229 10000
3 10  0.027 10000
3 11  0.035 10000
3 12  0.009 10000
3 13  0.163 10000
3 14  0.015 10000
3 15  0.007 10000
3 16  0.151 10000
3 17  0.024 10000
4 5   1.183 10000
4 6   0.025 10000
4 7   0.661 10000
4 8   0.250 10000
4 9   0.086 10000
4 10  0.071 10000
4 11  0.109 10000
4 12  0.019 10000
4 13  0.086 10000
4 14  0.017 10000
4 15  0.007 10000
4 16  0.064 10000
4 17  0.078 10000
5 6   0.796 10000
5 7   0.317 10000
5 8   0.478 10000
5 9   0.029 10000
5 10  0.048 10000
5 11  0.097 10000
5 12  0.061 10000
5 13  0.047 10000
5 14  0.013 10000
5 15  0.006 10000
5 16  0.029 10000
5 17  0.077 10000
6 7   0.008 10000
6 8   0.542 10000
6 9   0.008 10000
6 10  0.027 10000
6 11  0.051 10000
6 12  0.079 10000
6 13  0.026 10000
6 14  0.009 10000
6 15  0.004 10000
6 16  0.012 10000
6 17  0.059 10000
7 8   0.157 10000
7 9   0.066 10000
7 10  0.053 10000
7 11  0.022 10000
7 12  0.007 10000
7 13  0.046 10000
7 14  0.207 10000
7 15  0.048 10000
7 16  0.117 10000
7 17  0.081 10000
8 9   0.037 10000
8 10  0.032 10000
8 11  0.022 10000
8 12  0.007 10000
8 13  0.061 10000
8 14  0.094 10000
8 15  0.106 10000
8 16  0.096 10000
8 17  0.055 10000
9 10  1.354 10000
9 11  0.084 10000
9 12  0.052 10000
9 13  0.104 10000
9 14  0.317 10000
9 15  0.013 10000
9 16  0.113 10000
9 17  0.026 10000
10 11 0.349 10000
10 12 0.083 10000
10 13 0.274 10000
10 14 0.057 10000
10 15 0.064 10000
10 16 0.019 10000
10 17 0.086 10000
11 12 0.439 10000
11 13 0.762 10000
11 14 0.353 10000
11 15 0.310 10000
11 16 0.036 10000
11 17 0.054 10000
12 13 0.081 10000
12 14 0.058 10000
12 15 0.329 10000
12 16 0.018 10000
12 17 0.024 10000
13 14 0.725 10000
13 15 0.018 10000
13 16 0.107 10000
13 17 0.043 10000
14 15 0.115 10000
14 16 0.059 10000
14 17 0.051 10000
15 16 0.031 10000
15 17 0.024 10000
16 17 3.860 10000
0 0 0
1  2  5.54e-2
1  3  7.53e-6
2  3  0.00000
1  4  1.43e-3
2  4  2.11e-5
3  4  2.71e-2
1  5  1.31e-4
2  5  1.19e-3
3  5  6.85e-10
4  5  2.76e-2
1  6  8.79e-5
2  6  8.28e-4
3  6  0.00000
4  6  4.12e-10
5  6  1.05e-2
1  7  2.26e-1
2  7  1.30e-2
3  7  8.67e-2
4  7  5.46e-3
5  7  1.42e-2
6  7  6.30e-11
1  8  9.82e-2
2  8  1.84e-1
3  8  1.32e-8
4  8  2.79e-3
5  8  7.20e-3
6  8  2.87e-2
7  8  4.71e-2
1  9  3.48e-1
2  9  1.29e-1
3  9  4.57e-3
4  9  1.65e-1
5  9  1.42e-2
6  9  1.01e-2
7  9  7.63e-2
8  9  8.18e-2
1  10 6.59e-1
2  10 3.05e-1
3  10 0.00000
4  10 1.24e-3
5  10 3.77e-1
6  10 1.81e-1
7  10 5.96e-5
8  10 5.71e-2
9  10 5.14e-3
1  11 9.84e-2
2  11 1.12e-1
3  11 0.00000
4  11 6.22e-3
5  11 9.51e-2
6  11 2.75e-2
7  11 4.54e-5
8  11 6.82e-3
9  11 1.92e-2
10 11 1.18e-2
1  12 2.90e-4
2  12 4.33e-3
3  12 0.00000
4  12 0.00000
5  12 4.87e-3
6  12 6.55e-3
7  12 0.00000
8  12 1.10e-6
9  12 1.25e-7
10 12 8.47e-3
11 12 4.06e-6
1  13 5.22e-1
2  13 1.76e-1
3  13 7.38e-3
4  13 1.87e-1
5  13 8.10e-3
6  13 7.68e-3
7  13 8.90e-2
8  13 6.24e-2
9  13 6.86e-2
10 13 1.63e-3
11 13 1.92e-4
12 13 8.49e-13
1  14 5.53
2  14 2.75
3  14 0.00000
4  14 1.34e-3
5  14 1.17e-2
6  14 1.97e-3
7  14 3.12e-2
8  14 1.04e-2
9  14 8.00e-2
10 14 7.29e-2
11 14 2.11e-2
12 14 1.36e-3
13 14 5.94e-3
1  15 4.11
2  15 4.62
3  15 0.00000
4  15 0.00000
5  15 4.45e-4
6  15 1.39e-3
7  15 0.00000
8  15 2.29e-2
9  15 8.20e-6
10 15 7.72e-2
11 15 7.82e-3
12 15 6.07e-3
13 15 1.03e-6
14 15 2.50e-3
1  16 4.60
2  16 0.00000
3  16 3.17e-1
4  16 7.36e-2
5  16 1.29e-4
6  16 0.00000
7  16 8.59e-2
8  16 5.87e-4
9  16 2.91e-4
10 16 0.00000
11 16 0.00000
12 16 0.00000
13 16 9.82e-5
14 16 0.00000
15 16 0.00000
1  17 3.50e-1
2  17 3.52
3  17 9.56e-3
4  17 1.59e-1
5  17 9.90e-2
6  17 4.55e-4
7  17 1.23e-1
8  17 4.38e-2
9  17 4.58e-5
10 17 3.15e-4
11 17 3.70e-5
12 17 0.00000
13 17 1.45e-5
14 17 1.51e-7
15 17 0.00000
16 17 2.07e-7
1   6     0.00
2   4  1506.94
3  10  8393.90
4   8  9330.04
5   6 10115.66
6   4 10663.89
7   8 13550.39
8   6 14995.57
9   6 23108.28
10  4 23796.18
11  4 24788.20
12  2 24835.93
13  6 25036.38
14  4 29070.93
15  2 29593.46
16 10 32499.53
17  8 32523.54
