30
35000.  1000. 'input/z1_37msun.spectrum1'  0.9621277      0.2041102      5.1586255E-03    sb99 0.1e7
35000.  1000. 'input/z1_37msun.spectrum1'  0.3418148      0.5387554      0.2949124        sb99 0.1e7
35000.  1000. 'input/z1_37msun.spectrum1'  0.1593790      0.2125378      1.3037371E-02    sb99 0.1e7
35000.  1000. 'input/z1_37msun.spectrum1'  8.1882246E-02  0.3001505      0.2448206        sb99 0.1e7
35000.  1000. 'input/z1_37msun.spectrum1'  0.6460855      0.3978437      0.5580338        sb99 0.1e7
35000.  1000. 'input/z1_37msun.spectrum1'  0.2787784      0.2266861      0.2250178        sb99 0.1e7
35000.  1000. 'input/z1_37msun.spectrum1'  0.6329199      0.2933829      9.7492054E-02    sb99 0.1e7
35000.  1000. 'input/z1_37msun.spectrum1'  0.4057013      0.5082980      3.1938508E-02    sb99 0.1e7
35000.  1000. 'input/z1_37msun.spectrum1'  0.7374029      0.1520128      0.2728098        sb99 0.1e7
35000.  1000. 'input/z1_37msun.spectrum1'  0.4273753      0.3875916      0.2599449        sb99 0.1e7
35000.  1000. 'input/z1_37msun.spectrum1'  0.2243424      0.6592567      4.8587527E-02    sb99 0.1e7
35000.  1000. 'input/z1_37msun.spectrum1'  0.4335396      0.7653471      0.2650895        sb99 0.1e7
35000.  1000. 'input/z1_37msun.spectrum1'  0.4039654      0.7888762      0.1596297        sb99 0.1e7
35000.  1000. 'input/z1_37msun.spectrum1'  2.7243873E-02  0.1820064      0.6220393        sb99 0.1e7
35000.  1000. 'input/z1_37msun.spectrum1'  0.7679381      0.4981429      0.2080392        sb99 0.1e7
35000.  1000. 'input/z1_37msun.spectrum1'  0.1733164      0.4417411      0.8473776        sb99 0.1e7
35000.  1000. 'input/z1_37msun.spectrum1'  0.5210573      0.1123693      0.3602651        sb99 0.1e7
35000.  1000. 'input/z1_37msun.spectrum1'  1.1629717E-02  0.3025041      0.1795176        sb99 0.1e7
56000.  1000. 'input/z1_56msun.spectrum1'   0.1574090      0.9490185      6.9964245E-02   sb99 0.1e7
56000.  1000. 'input/z1_56msun.spectrum1'   2.3494145E-02  0.7091005      0.6908138       sb99 0.1e7
56000.  1000. 'input/z1_56msun.spectrum1'   0.1139123      0.8858855      0.2612025       sb99 0.1e7
56000.  1000. 'input/z1_56msun.spectrum1'   0.6713122      0.2025017      0.6872553       sb99 0.1e7
56000.  1000. 'input/z1_56msun.spectrum1'  0.3037777      0.4485201      5.5034712E-02    sb99 0.1e7
56000.  1000. 'input/z1_56msun.spectrum1'  0.5163653      0.7489290      0.1474893        sb99 0.1e7
56000.  1000. 'input/z1_56msun.spectrum1'  0.3276749      0.2591847      0.8047218        sb99 0.1e7
56000.  1000. 'input/z1_56msun.spectrum1'  0.2763517      0.1548677      0.5588461        sb99 0.1e7
56000.  1000. 'input/z1_56msun.spectrum1'  3.9899319E-02  0.2803171      0.3661981        sb99 0.1e7
56000.  1000. 'input/z1_56msun.spectrum1'  0.8130224      0.3128855      0.2859414        sb99 0.1e7
56000.  1000. 'input/z1_56msun.spectrum1'  0.5596825      0.4541323      0.3685014        sb99 0.1e7
56000.  1000. 'input/z1_56msun.spectrum1'  0.2839521      0.7504615      0.1896556        sb99 0.1e7
