  0.0000000E+00  0.0000000E+00  0.0000000E+00   100.0000    
  0.0000000E+00  0.0000000E+00  0.1250000       100.0000    
  0.0000000E+00  0.0000000E+00  0.2500000       100.0000    
  0.0000000E+00  0.0000000E+00  0.3750000       100.0000    
  0.0000000E+00  0.0000000E+00  0.5000000       100.0000    
  0.0000000E+00  0.0000000E+00  0.6250000       100.0000    
  0.0000000E+00  0.0000000E+00  0.7500000       100.0000    
  0.0000000E+00  0.0000000E+00  0.8750000       100.0000    
  0.0000000E+00  0.0000000E+00   1.000000       100.0000    
  0.0000000E+00  0.1250000      0.0000000E+00   100.0000    
  0.0000000E+00  0.1250000      0.1250000       100.0000    
  0.0000000E+00  0.1250000      0.2500000       100.0000    
  0.0000000E+00  0.1250000      0.3750000       100.0000    
  0.0000000E+00  0.1250000      0.5000000       100.0000    
  0.0000000E+00  0.1250000      0.6250000       100.0000    
  0.0000000E+00  0.1250000      0.7500000       100.0000    
  0.0000000E+00  0.1250000      0.8750000       100.0000    
  0.0000000E+00  0.1250000       1.000000       100.0000    
  0.0000000E+00  0.2500000      0.0000000E+00   100.0000    
  0.0000000E+00  0.2500000      0.1250000       100.0000    
  0.0000000E+00  0.2500000      0.2500000       100.0000    
  0.0000000E+00  0.2500000      0.3750000       100.0000    
  0.0000000E+00  0.2500000      0.5000000       100.0000    
  0.0000000E+00  0.2500000      0.6250000       100.0000    
  0.0000000E+00  0.2500000      0.7500000       100.0000    
  0.0000000E+00  0.2500000      0.8750000       100.0000    
  0.0000000E+00  0.2500000       1.000000       100.0000    
  0.0000000E+00  0.3750000      0.0000000E+00   100.0000    
  0.0000000E+00  0.3750000      0.1250000       100.0000    
  0.0000000E+00  0.3750000      0.2500000       100.0000    
  0.0000000E+00  0.3750000      0.3750000       100.0000    
  0.0000000E+00  0.3750000      0.5000000       100.0000    
  0.0000000E+00  0.3750000      0.6250000       100.0000    
  0.0000000E+00  0.3750000      0.7500000       100.0000    
  0.0000000E+00  0.3750000      0.8750000       100.0000    
  0.0000000E+00  0.3750000       1.000000       100.0000    
  0.0000000E+00  0.5000000      0.0000000E+00   100.0000    
  0.0000000E+00  0.5000000      0.1250000       100.0000    
  0.0000000E+00  0.5000000      0.2500000       100.0000    
  0.0000000E+00  0.5000000      0.3750000       100.0000    
  0.0000000E+00  0.5000000      0.5000000       100.0000    
  0.0000000E+00  0.5000000      0.6250000       100.0000    
  0.0000000E+00  0.5000000      0.7500000       100.0000    
  0.0000000E+00  0.5000000      0.8750000       100.0000    
  0.0000000E+00  0.5000000       1.000000       100.0000    
  0.0000000E+00  0.6250000      0.0000000E+00   100.0000    
  0.0000000E+00  0.6250000      0.1250000       100.0000    
  0.0000000E+00  0.6250000      0.2500000       100.0000    
  0.0000000E+00  0.6250000      0.3750000       100.0000    
  0.0000000E+00  0.6250000      0.5000000       100.0000    
  0.0000000E+00  0.6250000      0.6250000       100.0000    
  0.0000000E+00  0.6250000      0.7500000       100.0000    
  0.0000000E+00  0.6250000      0.8750000       100.0000    
  0.0000000E+00  0.6250000       1.000000       100.0000    
  0.0000000E+00  0.7500000      0.0000000E+00   100.0000    
  0.0000000E+00  0.7500000      0.1250000       100.0000    
  0.0000000E+00  0.7500000      0.2500000       100.0000    
  0.0000000E+00  0.7500000      0.3750000       100.0000    
  0.0000000E+00  0.7500000      0.5000000       100.0000    
  0.0000000E+00  0.7500000      0.6250000       100.0000    
  0.0000000E+00  0.7500000      0.7500000       100.0000    
  0.0000000E+00  0.7500000      0.8750000       100.0000    
  0.0000000E+00  0.7500000       1.000000       100.0000    
  0.0000000E+00  0.8750000      0.0000000E+00   100.0000    
  0.0000000E+00  0.8750000      0.1250000       100.0000    
  0.0000000E+00  0.8750000      0.2500000       100.0000    
  0.0000000E+00  0.8750000      0.3750000       100.0000    
  0.0000000E+00  0.8750000      0.5000000       100.0000    
  0.0000000E+00  0.8750000      0.6250000       100.0000    
  0.0000000E+00  0.8750000      0.7500000       100.0000    
  0.0000000E+00  0.8750000      0.8750000       100.0000    
  0.0000000E+00  0.8750000       1.000000       100.0000    
  0.0000000E+00   1.000000      0.0000000E+00   100.0000    
  0.0000000E+00   1.000000      0.1250000       100.0000    
  0.0000000E+00   1.000000      0.2500000       100.0000    
  0.0000000E+00   1.000000      0.3750000       100.0000    
  0.0000000E+00   1.000000      0.5000000       100.0000    
  0.0000000E+00   1.000000      0.6250000       100.0000    
  0.0000000E+00   1.000000      0.7500000       100.0000    
  0.0000000E+00   1.000000      0.8750000       100.0000    
  0.0000000E+00   1.000000       1.000000       100.0000    
  0.1250000      0.0000000E+00  0.0000000E+00   100.0000    
  0.1250000      0.0000000E+00  0.1250000       100.0000    
  0.1250000      0.0000000E+00  0.2500000       100.0000    
  0.1250000      0.0000000E+00  0.3750000       100.0000    
  0.1250000      0.0000000E+00  0.5000000       100.0000    
  0.1250000      0.0000000E+00  0.6250000       100.0000    
  0.1250000      0.0000000E+00  0.7500000       100.0000    
  0.1250000      0.0000000E+00  0.8750000       100.0000    
  0.1250000      0.0000000E+00   1.000000       100.0000    
  0.1250000      0.1250000      0.0000000E+00   100.0000    
  0.1250000      0.1250000      0.1250000       100.0000    
  0.1250000      0.1250000      0.2500000       100.0000    
  0.1250000      0.1250000      0.3750000       100.0000    
  0.1250000      0.1250000      0.5000000       100.0000    
  0.1250000      0.1250000      0.6250000       100.0000    
  0.1250000      0.1250000      0.7500000       100.0000    
  0.1250000      0.1250000      0.8750000       100.0000    
  0.1250000      0.1250000       1.000000       100.0000    
  0.1250000      0.2500000      0.0000000E+00   100.0000    
  0.1250000      0.2500000      0.1250000       100.0000    
  0.1250000      0.2500000      0.2500000       100.0000    
  0.1250000      0.2500000      0.3750000       100.0000    
  0.1250000      0.2500000      0.5000000       100.0000    
  0.1250000      0.2500000      0.6250000       100.0000    
  0.1250000      0.2500000      0.7500000       100.0000    
  0.1250000      0.2500000      0.8750000       100.0000    
  0.1250000      0.2500000       1.000000       100.0000    
  0.1250000      0.3750000      0.0000000E+00   100.0000    
  0.1250000      0.3750000      0.1250000       100.0000    
  0.1250000      0.3750000      0.2500000       100.0000    
  0.1250000      0.3750000      0.3750000       100.0000    
  0.1250000      0.3750000      0.5000000       100.0000    
  0.1250000      0.3750000      0.6250000       100.0000    
  0.1250000      0.3750000      0.7500000       100.0000    
  0.1250000      0.3750000      0.8750000       100.0000    
  0.1250000      0.3750000       1.000000       100.0000    
  0.1250000      0.5000000      0.0000000E+00   100.0000    
  0.1250000      0.5000000      0.1250000       100.0000    
  0.1250000      0.5000000      0.2500000       100.0000    
  0.1250000      0.5000000      0.3750000       100.0000    
  0.1250000      0.5000000      0.5000000       100.0000    
  0.1250000      0.5000000      0.6250000       100.0000    
  0.1250000      0.5000000      0.7500000       100.0000    
  0.1250000      0.5000000      0.8750000       100.0000    
  0.1250000      0.5000000       1.000000       100.0000    
  0.1250000      0.6250000      0.0000000E+00   100.0000    
  0.1250000      0.6250000      0.1250000       100.0000    
  0.1250000      0.6250000      0.2500000       100.0000    
  0.1250000      0.6250000      0.3750000       100.0000    
  0.1250000      0.6250000      0.5000000       100.0000    
  0.1250000      0.6250000      0.6250000       100.0000    
  0.1250000      0.6250000      0.7500000       100.0000    
  0.1250000      0.6250000      0.8750000       100.0000    
  0.1250000      0.6250000       1.000000       100.0000    
  0.1250000      0.7500000      0.0000000E+00   100.0000    
  0.1250000      0.7500000      0.1250000       100.0000    
  0.1250000      0.7500000      0.2500000       100.0000    
  0.1250000      0.7500000      0.3750000       100.0000    
  0.1250000      0.7500000      0.5000000       100.0000    
  0.1250000      0.7500000      0.6250000       100.0000    
  0.1250000      0.7500000      0.7500000       100.0000    
  0.1250000      0.7500000      0.8750000       100.0000    
  0.1250000      0.7500000       1.000000       100.0000    
  0.1250000      0.8750000      0.0000000E+00   100.0000    
  0.1250000      0.8750000      0.1250000       100.0000    
  0.1250000      0.8750000      0.2500000       100.0000    
  0.1250000      0.8750000      0.3750000       100.0000    
  0.1250000      0.8750000      0.5000000       100.0000    
  0.1250000      0.8750000      0.6250000       100.0000    
  0.1250000      0.8750000      0.7500000       100.0000    
  0.1250000      0.8750000      0.8750000       100.0000    
  0.1250000      0.8750000       1.000000       100.0000    
  0.1250000       1.000000      0.0000000E+00   100.0000    
  0.1250000       1.000000      0.1250000       100.0000    
  0.1250000       1.000000      0.2500000       100.0000    
  0.1250000       1.000000      0.3750000       100.0000    
  0.1250000       1.000000      0.5000000       100.0000    
  0.1250000       1.000000      0.6250000       100.0000    
  0.1250000       1.000000      0.7500000       100.0000    
  0.1250000       1.000000      0.8750000       100.0000    
  0.1250000       1.000000       1.000000       100.0000    
  0.2500000      0.0000000E+00  0.0000000E+00   100.0000    
  0.2500000      0.0000000E+00  0.1250000       100.0000    
  0.2500000      0.0000000E+00  0.2500000       100.0000    
  0.2500000      0.0000000E+00  0.3750000       100.0000    
  0.2500000      0.0000000E+00  0.5000000       100.0000    
  0.2500000      0.0000000E+00  0.6250000       100.0000    
  0.2500000      0.0000000E+00  0.7500000       100.0000    
  0.2500000      0.0000000E+00  0.8750000       100.0000    
  0.2500000      0.0000000E+00   1.000000       100.0000    
  0.2500000      0.1250000      0.0000000E+00   100.0000    
  0.2500000      0.1250000      0.1250000       100.0000    
  0.2500000      0.1250000      0.2500000       100.0000    
  0.2500000      0.1250000      0.3750000       100.0000    
  0.2500000      0.1250000      0.5000000       100.0000    
  0.2500000      0.1250000      0.6250000       100.0000    
  0.2500000      0.1250000      0.7500000       100.0000    
  0.2500000      0.1250000      0.8750000       100.0000    
  0.2500000      0.1250000       1.000000       100.0000    
  0.2500000      0.2500000      0.0000000E+00   100.0000    
  0.2500000      0.2500000      0.1250000       100.0000    
  0.2500000      0.2500000      0.2500000       100.0000    
  0.2500000      0.2500000      0.3750000       100.0000    
  0.2500000      0.2500000      0.5000000       100.0000    
  0.2500000      0.2500000      0.6250000       100.0000    
  0.2500000      0.2500000      0.7500000       100.0000    
  0.2500000      0.2500000      0.8750000       100.0000    
  0.2500000      0.2500000       1.000000       100.0000    
  0.2500000      0.3750000      0.0000000E+00   100.0000    
  0.2500000      0.3750000      0.1250000       100.0000    
  0.2500000      0.3750000      0.2500000       100.0000    
  0.2500000      0.3750000      0.3750000       100.0000    
  0.2500000      0.3750000      0.5000000       100.0000    
  0.2500000      0.3750000      0.6250000       100.0000    
  0.2500000      0.3750000      0.7500000       100.0000    
  0.2500000      0.3750000      0.8750000       100.0000    
  0.2500000      0.3750000       1.000000       100.0000    
  0.2500000      0.5000000      0.0000000E+00   100.0000    
  0.2500000      0.5000000      0.1250000       100.0000    
  0.2500000      0.5000000      0.2500000       100.0000    
  0.2500000      0.5000000      0.3750000       100.0000    
  0.2500000      0.5000000      0.5000000       100.0000    
  0.2500000      0.5000000      0.6250000       100.0000    
  0.2500000      0.5000000      0.7500000       100.0000    
  0.2500000      0.5000000      0.8750000       100.0000    
  0.2500000      0.5000000       1.000000       100.0000    
  0.2500000      0.6250000      0.0000000E+00   100.0000    
  0.2500000      0.6250000      0.1250000       100.0000    
  0.2500000      0.6250000      0.2500000       100.0000    
  0.2500000      0.6250000      0.3750000       100.0000    
  0.2500000      0.6250000      0.5000000       100.0000    
  0.2500000      0.6250000      0.6250000       100.0000    
  0.2500000      0.6250000      0.7500000       100.0000    
  0.2500000      0.6250000      0.8750000       100.0000    
  0.2500000      0.6250000       1.000000       100.0000    
  0.2500000      0.7500000      0.0000000E+00   100.0000    
  0.2500000      0.7500000      0.1250000       100.0000    
  0.2500000      0.7500000      0.2500000       100.0000    
  0.2500000      0.7500000      0.3750000       100.0000    
  0.2500000      0.7500000      0.5000000       100.0000    
  0.2500000      0.7500000      0.6250000       100.0000    
  0.2500000      0.7500000      0.7500000       100.0000    
  0.2500000      0.7500000      0.8750000       100.0000    
  0.2500000      0.7500000       1.000000       100.0000    
  0.2500000      0.8750000      0.0000000E+00   100.0000    
  0.2500000      0.8750000      0.1250000       100.0000    
  0.2500000      0.8750000      0.2500000       100.0000    
  0.2500000      0.8750000      0.3750000       100.0000    
  0.2500000      0.8750000      0.5000000       100.0000    
  0.2500000      0.8750000      0.6250000       100.0000    
  0.2500000      0.8750000      0.7500000       100.0000    
  0.2500000      0.8750000      0.8750000       100.0000    
  0.2500000      0.8750000       1.000000       100.0000    
  0.2500000       1.000000      0.0000000E+00   100.0000    
  0.2500000       1.000000      0.1250000       100.0000    
  0.2500000       1.000000      0.2500000       100.0000    
  0.2500000       1.000000      0.3750000       100.0000    
  0.2500000       1.000000      0.5000000       100.0000    
  0.2500000       1.000000      0.6250000       100.0000    
  0.2500000       1.000000      0.7500000       100.0000    
  0.2500000       1.000000      0.8750000       100.0000    
  0.2500000       1.000000       1.000000       100.0000    
  0.3750000      0.0000000E+00  0.0000000E+00   100.0000    
  0.3750000      0.0000000E+00  0.1250000       100.0000    
  0.3750000      0.0000000E+00  0.2500000       100.0000    
  0.3750000      0.0000000E+00  0.3750000       100.0000    
  0.3750000      0.0000000E+00  0.5000000       100.0000    
  0.3750000      0.0000000E+00  0.6250000       100.0000    
  0.3750000      0.0000000E+00  0.7500000       100.0000    
  0.3750000      0.0000000E+00  0.8750000       100.0000    
  0.3750000      0.0000000E+00   1.000000       100.0000    
  0.3750000      0.1250000      0.0000000E+00   100.0000    
  0.3750000      0.1250000      0.1250000       100.0000    
  0.3750000      0.1250000      0.2500000       100.0000    
  0.3750000      0.1250000      0.3750000       100.0000    
  0.3750000      0.1250000      0.5000000       100.0000    
  0.3750000      0.1250000      0.6250000       100.0000    
  0.3750000      0.1250000      0.7500000       100.0000    
  0.3750000      0.1250000      0.8750000       100.0000    
  0.3750000      0.1250000       1.000000       100.0000    
  0.3750000      0.2500000      0.0000000E+00   100.0000    
  0.3750000      0.2500000      0.1250000       100.0000    
  0.3750000      0.2500000      0.2500000       100.0000    
  0.3750000      0.2500000      0.3750000       100.0000    
  0.3750000      0.2500000      0.5000000       100.0000    
  0.3750000      0.2500000      0.6250000       100.0000    
  0.3750000      0.2500000      0.7500000       100.0000    
  0.3750000      0.2500000      0.8750000       100.0000    
  0.3750000      0.2500000       1.000000       100.0000    
  0.3750000      0.3750000      0.0000000E+00   100.0000    
  0.3750000      0.3750000      0.1250000       100.0000    
  0.3750000      0.3750000      0.2500000       100.0000    
  0.3750000      0.3750000      0.3750000       100.0000    
  0.3750000      0.3750000      0.5000000       100.0000    
  0.3750000      0.3750000      0.6250000       100.0000    
  0.3750000      0.3750000      0.7500000       100.0000    
  0.3750000      0.3750000      0.8750000       100.0000    
  0.3750000      0.3750000       1.000000       100.0000    
  0.3750000      0.5000000      0.0000000E+00   100.0000    
  0.3750000      0.5000000      0.1250000       100.0000    
  0.3750000      0.5000000      0.2500000       100.0000    
  0.3750000      0.5000000      0.3750000       100.0000    
  0.3750000      0.5000000      0.5000000       100.0000    
  0.3750000      0.5000000      0.6250000       100.0000    
  0.3750000      0.5000000      0.7500000       100.0000    
  0.3750000      0.5000000      0.8750000       100.0000    
  0.3750000      0.5000000       1.000000       100.0000    
  0.3750000      0.6250000      0.0000000E+00   100.0000    
  0.3750000      0.6250000      0.1250000       100.0000    
  0.3750000      0.6250000      0.2500000       100.0000    
  0.3750000      0.6250000      0.3750000       100.0000    
  0.3750000      0.6250000      0.5000000       100.0000    
  0.3750000      0.6250000      0.6250000       100.0000    
  0.3750000      0.6250000      0.7500000       100.0000    
  0.3750000      0.6250000      0.8750000       100.0000    
  0.3750000      0.6250000       1.000000       100.0000    
  0.3750000      0.7500000      0.0000000E+00   100.0000    
  0.3750000      0.7500000      0.1250000       100.0000    
  0.3750000      0.7500000      0.2500000       100.0000    
  0.3750000      0.7500000      0.3750000       100.0000    
  0.3750000      0.7500000      0.5000000       100.0000    
  0.3750000      0.7500000      0.6250000       100.0000    
  0.3750000      0.7500000      0.7500000       100.0000    
  0.3750000      0.7500000      0.8750000       100.0000    
  0.3750000      0.7500000       1.000000       100.0000    
  0.3750000      0.8750000      0.0000000E+00   100.0000    
  0.3750000      0.8750000      0.1250000       100.0000    
  0.3750000      0.8750000      0.2500000       100.0000    
  0.3750000      0.8750000      0.3750000       100.0000    
  0.3750000      0.8750000      0.5000000       100.0000    
  0.3750000      0.8750000      0.6250000       100.0000    
  0.3750000      0.8750000      0.7500000       100.0000    
  0.3750000      0.8750000      0.8750000       100.0000    
  0.3750000      0.8750000       1.000000       100.0000    
  0.3750000       1.000000      0.0000000E+00   100.0000    
  0.3750000       1.000000      0.1250000       100.0000    
  0.3750000       1.000000      0.2500000       100.0000    
  0.3750000       1.000000      0.3750000       100.0000    
  0.3750000       1.000000      0.5000000       100.0000    
  0.3750000       1.000000      0.6250000       100.0000    
  0.3750000       1.000000      0.7500000       100.0000    
  0.3750000       1.000000      0.8750000       100.0000    
  0.3750000       1.000000       1.000000       100.0000    
  0.5000000      0.0000000E+00  0.0000000E+00   100.0000    
  0.5000000      0.0000000E+00  0.1250000       100.0000    
  0.5000000      0.0000000E+00  0.2500000       100.0000    
  0.5000000      0.0000000E+00  0.3750000       100.0000    
  0.5000000      0.0000000E+00  0.5000000       100.0000    
  0.5000000      0.0000000E+00  0.6250000       100.0000    
  0.5000000      0.0000000E+00  0.7500000       100.0000    
  0.5000000      0.0000000E+00  0.8750000       100.0000    
  0.5000000      0.0000000E+00   1.000000       100.0000    
  0.5000000      0.1250000      0.0000000E+00   100.0000    
  0.5000000      0.1250000      0.1250000       100.0000    
  0.5000000      0.1250000      0.2500000       100.0000    
  0.5000000      0.1250000      0.3750000       100.0000    
  0.5000000      0.1250000      0.5000000       100.0000    
  0.5000000      0.1250000      0.6250000       100.0000    
  0.5000000      0.1250000      0.7500000       100.0000    
  0.5000000      0.1250000      0.8750000       100.0000    
  0.5000000      0.1250000       1.000000       100.0000    
  0.5000000      0.2500000      0.0000000E+00   100.0000    
  0.5000000      0.2500000      0.1250000       100.0000    
  0.5000000      0.2500000      0.2500000       100.0000    
  0.5000000      0.2500000      0.3750000       100.0000    
  0.5000000      0.2500000      0.5000000       100.0000    
  0.5000000      0.2500000      0.6250000       100.0000    
  0.5000000      0.2500000      0.7500000       100.0000    
  0.5000000      0.2500000      0.8750000       100.0000    
  0.5000000      0.2500000       1.000000       100.0000    
  0.5000000      0.3750000      0.0000000E+00   100.0000    
  0.5000000      0.3750000      0.1250000       100.0000    
  0.5000000      0.3750000      0.2500000       100.0000    
  0.5000000      0.3750000      0.3750000       100.0000    
  0.5000000      0.3750000      0.5000000       100.0000    
  0.5000000      0.3750000      0.6250000       100.0000    
  0.5000000      0.3750000      0.7500000       100.0000    
  0.5000000      0.3750000      0.8750000       100.0000    
  0.5000000      0.3750000       1.000000       100.0000    
  0.5000000      0.5000000      0.0000000E+00   100.0000    
  0.5000000      0.5000000      0.1250000       100.0000    
  0.5000000      0.5000000      0.2500000       100.0000    
  0.5000000      0.5000000      0.3750000       100.0000    
  0.5000000      0.5000000      0.5000000       100.0000    
  0.5000000      0.5000000      0.6250000       100.0000    
  0.5000000      0.5000000      0.7500000       100.0000    
  0.5000000      0.5000000      0.8750000       100.0000    
  0.5000000      0.5000000       1.000000       100.0000    
  0.5000000      0.6250000      0.0000000E+00   100.0000    
  0.5000000      0.6250000      0.1250000       100.0000    
  0.5000000      0.6250000      0.2500000       100.0000    
  0.5000000      0.6250000      0.3750000       100.0000    
  0.5000000      0.6250000      0.5000000       100.0000    
  0.5000000      0.6250000      0.6250000       100.0000    
  0.5000000      0.6250000      0.7500000       100.0000    
  0.5000000      0.6250000      0.8750000       100.0000    
  0.5000000      0.6250000       1.000000       100.0000    
  0.5000000      0.7500000      0.0000000E+00   100.0000    
  0.5000000      0.7500000      0.1250000       100.0000    
  0.5000000      0.7500000      0.2500000       100.0000    
  0.5000000      0.7500000      0.3750000       100.0000    
  0.5000000      0.7500000      0.5000000       100.0000    
  0.5000000      0.7500000      0.6250000       100.0000    
  0.5000000      0.7500000      0.7500000       100.0000    
  0.5000000      0.7500000      0.8750000       100.0000    
  0.5000000      0.7500000       1.000000       100.0000    
  0.5000000      0.8750000      0.0000000E+00   100.0000    
  0.5000000      0.8750000      0.1250000       100.0000    
  0.5000000      0.8750000      0.2500000       100.0000    
  0.5000000      0.8750000      0.3750000       100.0000    
  0.5000000      0.8750000      0.5000000       100.0000    
  0.5000000      0.8750000      0.6250000       100.0000    
  0.5000000      0.8750000      0.7500000       100.0000    
  0.5000000      0.8750000      0.8750000       100.0000    
  0.5000000      0.8750000       1.000000       100.0000    
  0.5000000       1.000000      0.0000000E+00   100.0000    
  0.5000000       1.000000      0.1250000       100.0000    
  0.5000000       1.000000      0.2500000       100.0000    
  0.5000000       1.000000      0.3750000       100.0000    
  0.5000000       1.000000      0.5000000       100.0000    
  0.5000000       1.000000      0.6250000       100.0000    
  0.5000000       1.000000      0.7500000       100.0000    
  0.5000000       1.000000      0.8750000       100.0000    
  0.5000000       1.000000       1.000000       100.0000    
  0.6250000      0.0000000E+00  0.0000000E+00   100.0000    
  0.6250000      0.0000000E+00  0.1250000       100.0000    
  0.6250000      0.0000000E+00  0.2500000       100.0000    
  0.6250000      0.0000000E+00  0.3750000       100.0000    
  0.6250000      0.0000000E+00  0.5000000       100.0000    
  0.6250000      0.0000000E+00  0.6250000       100.0000    
  0.6250000      0.0000000E+00  0.7500000       100.0000    
  0.6250000      0.0000000E+00  0.8750000       100.0000    
  0.6250000      0.0000000E+00   1.000000       100.0000    
  0.6250000      0.1250000      0.0000000E+00   100.0000    
  0.6250000      0.1250000      0.1250000       100.0000    
  0.6250000      0.1250000      0.2500000       100.0000    
  0.6250000      0.1250000      0.3750000       100.0000    
  0.6250000      0.1250000      0.5000000       100.0000    
  0.6250000      0.1250000      0.6250000       100.0000    
  0.6250000      0.1250000      0.7500000       100.0000    
  0.6250000      0.1250000      0.8750000       100.0000    
  0.6250000      0.1250000       1.000000       100.0000    
  0.6250000      0.2500000      0.0000000E+00   100.0000    
  0.6250000      0.2500000      0.1250000       100.0000    
  0.6250000      0.2500000      0.2500000       100.0000    
  0.6250000      0.2500000      0.3750000       100.0000    
  0.6250000      0.2500000      0.5000000       100.0000    
  0.6250000      0.2500000      0.6250000       100.0000    
  0.6250000      0.2500000      0.7500000       100.0000    
  0.6250000      0.2500000      0.8750000       100.0000    
  0.6250000      0.2500000       1.000000       100.0000    
  0.6250000      0.3750000      0.0000000E+00   100.0000    
  0.6250000      0.3750000      0.1250000       100.0000    
  0.6250000      0.3750000      0.2500000       100.0000    
  0.6250000      0.3750000      0.3750000       100.0000    
  0.6250000      0.3750000      0.5000000       100.0000    
  0.6250000      0.3750000      0.6250000       100.0000    
  0.6250000      0.3750000      0.7500000       100.0000    
  0.6250000      0.3750000      0.8750000       100.0000    
  0.6250000      0.3750000       1.000000       100.0000    
  0.6250000      0.5000000      0.0000000E+00   100.0000    
  0.6250000      0.5000000      0.1250000       100.0000    
  0.6250000      0.5000000      0.2500000       100.0000    
  0.6250000      0.5000000      0.3750000       100.0000    
  0.6250000      0.5000000      0.5000000       100.0000    
  0.6250000      0.5000000      0.6250000       100.0000    
  0.6250000      0.5000000      0.7500000       100.0000    
  0.6250000      0.5000000      0.8750000       100.0000    
  0.6250000      0.5000000       1.000000       100.0000    
  0.6250000      0.6250000      0.0000000E+00   100.0000    
  0.6250000      0.6250000      0.1250000       100.0000    
  0.6250000      0.6250000      0.2500000       100.0000    
  0.6250000      0.6250000      0.3750000       100.0000    
  0.6250000      0.6250000      0.5000000       100.0000    
  0.6250000      0.6250000      0.6250000       100.0000    
  0.6250000      0.6250000      0.7500000       100.0000    
  0.6250000      0.6250000      0.8750000       100.0000    
  0.6250000      0.6250000       1.000000       100.0000    
  0.6250000      0.7500000      0.0000000E+00   100.0000    
  0.6250000      0.7500000      0.1250000       100.0000    
  0.6250000      0.7500000      0.2500000       100.0000    
  0.6250000      0.7500000      0.3750000       100.0000    
  0.6250000      0.7500000      0.5000000       100.0000    
  0.6250000      0.7500000      0.6250000       100.0000    
  0.6250000      0.7500000      0.7500000       100.0000    
  0.6250000      0.7500000      0.8750000       100.0000    
  0.6250000      0.7500000       1.000000       100.0000    
  0.6250000      0.8750000      0.0000000E+00   100.0000    
  0.6250000      0.8750000      0.1250000       100.0000    
  0.6250000      0.8750000      0.2500000       100.0000    
  0.6250000      0.8750000      0.3750000       100.0000    
  0.6250000      0.8750000      0.5000000       100.0000    
  0.6250000      0.8750000      0.6250000       100.0000    
  0.6250000      0.8750000      0.7500000       100.0000    
  0.6250000      0.8750000      0.8750000       100.0000    
  0.6250000      0.8750000       1.000000       100.0000    
  0.6250000       1.000000      0.0000000E+00   100.0000    
  0.6250000       1.000000      0.1250000       100.0000    
  0.6250000       1.000000      0.2500000       100.0000    
  0.6250000       1.000000      0.3750000       100.0000    
  0.6250000       1.000000      0.5000000       100.0000    
  0.6250000       1.000000      0.6250000       100.0000    
  0.6250000       1.000000      0.7500000       100.0000    
  0.6250000       1.000000      0.8750000       100.0000    
  0.6250000       1.000000       1.000000       100.0000    
  0.7500000      0.0000000E+00  0.0000000E+00   100.0000    
  0.7500000      0.0000000E+00  0.1250000       100.0000    
  0.7500000      0.0000000E+00  0.2500000       100.0000    
  0.7500000      0.0000000E+00  0.3750000       100.0000    
  0.7500000      0.0000000E+00  0.5000000       100.0000    
  0.7500000      0.0000000E+00  0.6250000       100.0000    
  0.7500000      0.0000000E+00  0.7500000       100.0000    
  0.7500000      0.0000000E+00  0.8750000       100.0000    
  0.7500000      0.0000000E+00   1.000000       100.0000    
  0.7500000      0.1250000      0.0000000E+00   100.0000    
  0.7500000      0.1250000      0.1250000       100.0000    
  0.7500000      0.1250000      0.2500000       100.0000    
  0.7500000      0.1250000      0.3750000       100.0000    
  0.7500000      0.1250000      0.5000000       100.0000    
  0.7500000      0.1250000      0.6250000       100.0000    
  0.7500000      0.1250000      0.7500000       100.0000    
  0.7500000      0.1250000      0.8750000       100.0000    
  0.7500000      0.1250000       1.000000       100.0000    
  0.7500000      0.2500000      0.0000000E+00   100.0000    
  0.7500000      0.2500000      0.1250000       100.0000    
  0.7500000      0.2500000      0.2500000       100.0000    
  0.7500000      0.2500000      0.3750000       100.0000    
  0.7500000      0.2500000      0.5000000       100.0000    
  0.7500000      0.2500000      0.6250000       100.0000    
  0.7500000      0.2500000      0.7500000       100.0000    
  0.7500000      0.2500000      0.8750000       100.0000    
  0.7500000      0.2500000       1.000000       100.0000    
  0.7500000      0.3750000      0.0000000E+00   100.0000    
  0.7500000      0.3750000      0.1250000       100.0000    
  0.7500000      0.3750000      0.2500000       100.0000    
  0.7500000      0.3750000      0.3750000       100.0000    
  0.7500000      0.3750000      0.5000000       100.0000    
  0.7500000      0.3750000      0.6250000       100.0000    
  0.7500000      0.3750000      0.7500000       100.0000    
  0.7500000      0.3750000      0.8750000       100.0000    
  0.7500000      0.3750000       1.000000       100.0000    
  0.7500000      0.5000000      0.0000000E+00   100.0000    
  0.7500000      0.5000000      0.1250000       100.0000    
  0.7500000      0.5000000      0.2500000       100.0000    
  0.7500000      0.5000000      0.3750000       100.0000    
  0.7500000      0.5000000      0.5000000       100.0000    
  0.7500000      0.5000000      0.6250000       100.0000    
  0.7500000      0.5000000      0.7500000       100.0000    
  0.7500000      0.5000000      0.8750000       100.0000    
  0.7500000      0.5000000       1.000000       100.0000    
  0.7500000      0.6250000      0.0000000E+00   100.0000    
  0.7500000      0.6250000      0.1250000       100.0000    
  0.7500000      0.6250000      0.2500000       100.0000    
  0.7500000      0.6250000      0.3750000       100.0000    
  0.7500000      0.6250000      0.5000000       100.0000    
  0.7500000      0.6250000      0.6250000       100.0000    
  0.7500000      0.6250000      0.7500000       100.0000    
  0.7500000      0.6250000      0.8750000       100.0000    
  0.7500000      0.6250000       1.000000       100.0000    
  0.7500000      0.7500000      0.0000000E+00   100.0000    
  0.7500000      0.7500000      0.1250000       100.0000    
  0.7500000      0.7500000      0.2500000       100.0000    
  0.7500000      0.7500000      0.3750000       100.0000    
  0.7500000      0.7500000      0.5000000       100.0000    
  0.7500000      0.7500000      0.6250000       100.0000    
  0.7500000      0.7500000      0.7500000       100.0000    
  0.7500000      0.7500000      0.8750000       100.0000    
  0.7500000      0.7500000       1.000000       100.0000    
  0.7500000      0.8750000      0.0000000E+00   100.0000    
  0.7500000      0.8750000      0.1250000       100.0000    
  0.7500000      0.8750000      0.2500000       100.0000    
  0.7500000      0.8750000      0.3750000       100.0000    
  0.7500000      0.8750000      0.5000000       100.0000    
  0.7500000      0.8750000      0.6250000       100.0000    
  0.7500000      0.8750000      0.7500000       100.0000    
  0.7500000      0.8750000      0.8750000       100.0000    
  0.7500000      0.8750000       1.000000       100.0000    
  0.7500000       1.000000      0.0000000E+00   100.0000    
  0.7500000       1.000000      0.1250000       100.0000    
  0.7500000       1.000000      0.2500000       100.0000    
  0.7500000       1.000000      0.3750000       100.0000    
  0.7500000       1.000000      0.5000000       100.0000    
  0.7500000       1.000000      0.6250000       100.0000    
  0.7500000       1.000000      0.7500000       100.0000    
  0.7500000       1.000000      0.8750000       100.0000    
  0.7500000       1.000000       1.000000       100.0000    
  0.8750000      0.0000000E+00  0.0000000E+00   100.0000    
  0.8750000      0.0000000E+00  0.1250000       100.0000    
  0.8750000      0.0000000E+00  0.2500000       100.0000    
  0.8750000      0.0000000E+00  0.3750000       100.0000    
  0.8750000      0.0000000E+00  0.5000000       100.0000    
  0.8750000      0.0000000E+00  0.6250000       100.0000    
  0.8750000      0.0000000E+00  0.7500000       100.0000    
  0.8750000      0.0000000E+00  0.8750000       100.0000    
  0.8750000      0.0000000E+00   1.000000       100.0000    
  0.8750000      0.1250000      0.0000000E+00   100.0000    
  0.8750000      0.1250000      0.1250000       100.0000    
  0.8750000      0.1250000      0.2500000       100.0000    
  0.8750000      0.1250000      0.3750000       100.0000    
  0.8750000      0.1250000      0.5000000       100.0000    
  0.8750000      0.1250000      0.6250000       100.0000    
  0.8750000      0.1250000      0.7500000       100.0000    
  0.8750000      0.1250000      0.8750000       100.0000    
  0.8750000      0.1250000       1.000000       100.0000    
  0.8750000      0.2500000      0.0000000E+00   100.0000    
  0.8750000      0.2500000      0.1250000       100.0000    
  0.8750000      0.2500000      0.2500000       100.0000    
  0.8750000      0.2500000      0.3750000       100.0000    
  0.8750000      0.2500000      0.5000000       100.0000    
  0.8750000      0.2500000      0.6250000       100.0000    
  0.8750000      0.2500000      0.7500000       100.0000    
  0.8750000      0.2500000      0.8750000       100.0000    
  0.8750000      0.2500000       1.000000       100.0000    
  0.8750000      0.3750000      0.0000000E+00   100.0000    
  0.8750000      0.3750000      0.1250000       100.0000    
  0.8750000      0.3750000      0.2500000       100.0000    
  0.8750000      0.3750000      0.3750000       100.0000    
  0.8750000      0.3750000      0.5000000       100.0000    
  0.8750000      0.3750000      0.6250000       100.0000    
  0.8750000      0.3750000      0.7500000       100.0000    
  0.8750000      0.3750000      0.8750000       100.0000    
  0.8750000      0.3750000       1.000000       100.0000    
  0.8750000      0.5000000      0.0000000E+00   100.0000    
  0.8750000      0.5000000      0.1250000       100.0000    
  0.8750000      0.5000000      0.2500000       100.0000    
  0.8750000      0.5000000      0.3750000       100.0000    
  0.8750000      0.5000000      0.5000000       100.0000    
  0.8750000      0.5000000      0.6250000       100.0000    
  0.8750000      0.5000000      0.7500000       100.0000    
  0.8750000      0.5000000      0.8750000       100.0000    
  0.8750000      0.5000000       1.000000       100.0000    
  0.8750000      0.6250000      0.0000000E+00   100.0000    
  0.8750000      0.6250000      0.1250000       100.0000    
  0.8750000      0.6250000      0.2500000       100.0000    
  0.8750000      0.6250000      0.3750000       100.0000    
  0.8750000      0.6250000      0.5000000       100.0000    
  0.8750000      0.6250000      0.6250000       100.0000    
  0.8750000      0.6250000      0.7500000       100.0000    
  0.8750000      0.6250000      0.8750000       100.0000    
  0.8750000      0.6250000       1.000000       100.0000    
  0.8750000      0.7500000      0.0000000E+00   100.0000    
  0.8750000      0.7500000      0.1250000       100.0000    
  0.8750000      0.7500000      0.2500000       100.0000    
  0.8750000      0.7500000      0.3750000       100.0000    
  0.8750000      0.7500000      0.5000000       100.0000    
  0.8750000      0.7500000      0.6250000       100.0000    
  0.8750000      0.7500000      0.7500000       100.0000    
  0.8750000      0.7500000      0.8750000       100.0000    
  0.8750000      0.7500000       1.000000       100.0000    
  0.8750000      0.8750000      0.0000000E+00   100.0000    
  0.8750000      0.8750000      0.1250000       100.0000    
  0.8750000      0.8750000      0.2500000       100.0000    
  0.8750000      0.8750000      0.3750000       100.0000    
  0.8750000      0.8750000      0.5000000       100.0000    
  0.8750000      0.8750000      0.6250000       100.0000    
  0.8750000      0.8750000      0.7500000       100.0000    
  0.8750000      0.8750000      0.8750000       100.0000    
  0.8750000      0.8750000       1.000000       100.0000    
  0.8750000       1.000000      0.0000000E+00   100.0000    
  0.8750000       1.000000      0.1250000       100.0000    
  0.8750000       1.000000      0.2500000       100.0000    
  0.8750000       1.000000      0.3750000       100.0000    
  0.8750000       1.000000      0.5000000       100.0000    
  0.8750000       1.000000      0.6250000       100.0000    
  0.8750000       1.000000      0.7500000       100.0000    
  0.8750000       1.000000      0.8750000       100.0000    
  0.8750000       1.000000       1.000000       100.0000    
   1.000000      0.0000000E+00  0.0000000E+00   100.0000    
   1.000000      0.0000000E+00  0.1250000       100.0000    
   1.000000      0.0000000E+00  0.2500000       100.0000    
   1.000000      0.0000000E+00  0.3750000       100.0000    
   1.000000      0.0000000E+00  0.5000000       100.0000    
   1.000000      0.0000000E+00  0.6250000       100.0000    
   1.000000      0.0000000E+00  0.7500000       100.0000    
   1.000000      0.0000000E+00  0.8750000       100.0000    
   1.000000      0.0000000E+00   1.000000       100.0000    
   1.000000      0.1250000      0.0000000E+00   100.0000    
   1.000000      0.1250000      0.1250000       100.0000    
   1.000000      0.1250000      0.2500000       100.0000    
   1.000000      0.1250000      0.3750000       100.0000    
   1.000000      0.1250000      0.5000000       100.0000    
   1.000000      0.1250000      0.6250000       100.0000    
   1.000000      0.1250000      0.7500000       100.0000    
   1.000000      0.1250000      0.8750000       100.0000    
   1.000000      0.1250000       1.000000       100.0000    
   1.000000      0.2500000      0.0000000E+00   100.0000    
   1.000000      0.2500000      0.1250000       100.0000    
   1.000000      0.2500000      0.2500000       100.0000    
   1.000000      0.2500000      0.3750000       100.0000    
   1.000000      0.2500000      0.5000000       100.0000    
   1.000000      0.2500000      0.6250000       100.0000    
   1.000000      0.2500000      0.7500000       100.0000    
   1.000000      0.2500000      0.8750000       100.0000    
   1.000000      0.2500000       1.000000       100.0000    
   1.000000      0.3750000      0.0000000E+00   100.0000    
   1.000000      0.3750000      0.1250000       100.0000    
   1.000000      0.3750000      0.2500000       100.0000    
   1.000000      0.3750000      0.3750000       100.0000    
   1.000000      0.3750000      0.5000000       100.0000    
   1.000000      0.3750000      0.6250000       100.0000    
   1.000000      0.3750000      0.7500000       100.0000    
   1.000000      0.3750000      0.8750000       100.0000    
   1.000000      0.3750000       1.000000       100.0000    
   1.000000      0.5000000      0.0000000E+00   100.0000    
   1.000000      0.5000000      0.1250000       100.0000    
   1.000000      0.5000000      0.2500000       100.0000    
   1.000000      0.5000000      0.3750000       100.0000    
   1.000000      0.5000000      0.5000000       100.0000    
   1.000000      0.5000000      0.6250000       100.0000    
   1.000000      0.5000000      0.7500000       100.0000    
   1.000000      0.5000000      0.8750000       100.0000    
   1.000000      0.5000000       1.000000       100.0000    
   1.000000      0.6250000      0.0000000E+00   100.0000    
   1.000000      0.6250000      0.1250000       100.0000    
   1.000000      0.6250000      0.2500000       100.0000    
   1.000000      0.6250000      0.3750000       100.0000    
   1.000000      0.6250000      0.5000000       100.0000    
   1.000000      0.6250000      0.6250000       100.0000    
   1.000000      0.6250000      0.7500000       100.0000    
   1.000000      0.6250000      0.8750000       100.0000    
   1.000000      0.6250000       1.000000       100.0000    
   1.000000      0.7500000      0.0000000E+00   100.0000    
   1.000000      0.7500000      0.1250000       100.0000    
   1.000000      0.7500000      0.2500000       100.0000    
   1.000000      0.7500000      0.3750000       100.0000    
   1.000000      0.7500000      0.5000000       100.0000    
   1.000000      0.7500000      0.6250000       100.0000    
   1.000000      0.7500000      0.7500000       100.0000    
   1.000000      0.7500000      0.8750000       100.0000    
   1.000000      0.7500000       1.000000       100.0000    
   1.000000      0.8750000      0.0000000E+00   100.0000    
   1.000000      0.8750000      0.1250000       100.0000    
   1.000000      0.8750000      0.2500000       100.0000    
   1.000000      0.8750000      0.3750000       100.0000    
   1.000000      0.8750000      0.5000000       100.0000    
   1.000000      0.8750000      0.6250000       100.0000    
   1.000000      0.8750000      0.7500000       100.0000    
   1.000000      0.8750000      0.8750000       100.0000    
   1.000000      0.8750000       1.000000       100.0000    
   1.000000       1.000000      0.0000000E+00   100.0000    
   1.000000       1.000000      0.1250000       100.0000    
   1.000000       1.000000      0.2500000       100.0000    
   1.000000       1.000000      0.3750000       100.0000    
   1.000000       1.000000      0.5000000       100.0000    
   1.000000       1.000000      0.6250000       100.0000    
   1.000000       1.000000      0.7500000       100.0000    
   1.000000       1.000000      0.8750000       100.0000    
   1.000000       1.000000       1.000000       100.0000    
