   2.5312993E-06
   3.7969489E-06
   5.6954236E-06
   7.0097522E-06
   8.2842525E-06
   1.2314429E-05
   1.8225355E-05
   2.7202022E-05
   4.0500789E-05
   6.0751183E-05
   9.1126778E-05
   1.3018111E-04
   1.8225356E-04
   2.2781694E-04
   3.0375592E-04
   3.6450711E-04
   4.5563388E-04
   6.0751184E-04
   6.5090554E-04
   7.0097519E-04
   7.5938983E-04
   8.2842523E-04
   8.6787407E-04
   9.1126777E-04
   9.5922925E-04
   1.0125197E-03
   1.0720798E-03
   1.1390847E-03
   1.2150237E-03
   1.3018111E-03
   1.4019504E-03
   1.5187797E-03
   1.6568505E-03
   1.8225355E-03
   2.0250394E-03
   2.2781694E-03
   2.6036222E-03
   3.0375593E-03
   3.2545277E-03
   3.3750657E-03
   3.5048760E-03
   3.6450711E-03
   3.7969491E-03
   3.9620339E-03
   4.1421261E-03
   4.5563388E-03
   4.7961459E-03
   5.0625987E-03
   5.3603984E-03
   5.6954236E-03
   6.0751187E-03
   6.2846052E-03
   6.5090554E-03
   6.7501315E-03
   7.0097521E-03
   7.2901421E-03
   7.5938981E-03
   7.8557562E-03
   8.0643166E-03
   8.2842521E-03
   8.6787408E-03
   9.1126775E-03
   9.2514493E-03
   9.3945134E-03
   9.5420703E-03
   9.6943388E-03
   1.0125197E-02
   1.0720797E-02
   1.1390847E-02
   1.2150237E-02
   1.3018111E-02
   1.4019504E-02
   1.5187796E-02
   1.6568504E-02
   1.8225355E-02
   2.0250395E-02
   2.2781694E-02
   2.6036222E-02
   3.0375592E-02
   3.3750657E-02
   4.1421261E-02
   4.5563389E-02
   5.3603984E-02
   7.0097521E-02
   7.9240680E-02
   9.1126777E-02
   0.1072080
   0.1301811
   0.1656850
   0.2071063
   0.2531299
   0.3037559
   0.3645071
   0.4556339
   0.6075118
   0.7593898
   0.9112678
   1.1390847
   1.5187796
   1.8225355
   2.2781694
   3.0375593
   4.5563388
   6.0751185
   9.1126776

