  1.3000000E-06
  1.4894342E-06
  3.3333333E-06	
  4.4633333E-06	
  1.6713333E-05	
  3.7413333E-05	
  9.1126778E-05
  9.6522381E-05
  1.0224030E-04
  1.0830375E-04
  1.1472590E-04
  1.2151857E-04
  1.2872831E-04
  1.3635610E-04
  1.4441645E-04
  1.5297427E-04
  1.6206078E-04
  1.7164584E-04
  1.8181719E-04
  1.9257561E-04
  2.0399994E-04
  2.1609385E-04
  2.2890423E-04
  2.4248744E-04
  2.5683985E-04
  2.7202023E-04
  2.8819346E-04
  3.0528233E-04
  3.2337397E-04
  3.4245313E-04
  3.6276583E-04
  3.8433899E-04
  4.0699769E-04
  4.3126728E-04
  4.5677583E-04
  4.8368779E-04
  5.1252404E-04
  5.4274435E-04
  5.7493232E-04
  6.0913619E-04
  6.4491702E-04
  6.8310928E-04
  7.2380283E-04
  7.6641527E-04
  8.1218162E-04
  8.6049834E-04
  9.1126777E-04
  9.6522376E-04
  1.0224030E-03
  1.0830376E-03
  1.1472589E-03
  1.2151857E-03
  1.2872831E-03
  1.3635609E-03
  1.4441644E-03
  1.5297427E-03
  1.6206078E-03
  1.7164584E-03
  1.8181719E-03
  1.9257561E-03
  2.0399995E-03
  2.1609387E-03
  2.2890423E-03
  2.4248741E-03
  2.5683984E-03
  2.7202023E-03
  2.8819346E-03
  3.0528232E-03
  3.2337394E-03
  3.4245311E-03
  3.6276581E-03
  3.8433901E-03
  4.0699770E-03
  4.3126731E-03
  4.5677582E-03
  4.8368778E-03
  5.1252404E-03
  5.4274434E-03
  5.7493234E-03
  6.0913619E-03
  6.4491704E-03
  6.8310928E-03
  7.2380281E-03
  7.6641524E-03
  8.1218155E-03
  8.6049838E-03
  9.1126775E-03
  9.6522374E-03
  1.0224029E-02
  1.0830375E-02
  1.1472589E-02
  1.2151857E-02
  1.2872832E-02
  1.3635609E-02
  1.4441645E-02
  1.5297429E-02
  1.6206078E-02
  1.7164584E-02
  1.8181719E-02
  1.9257560E-02
  2.0399995E-02
  2.1609385E-02
  2.2890424E-02
  2.4248743E-02
  2.5683984E-02
  2.7202023E-02
  2.8819349E-02
  3.0528234E-02
  3.2337394E-02
  3.4245312E-02
  3.6276583E-02
  3.8433898E-02
  4.0699765E-02
  4.3126728E-02
  4.5677584E-02
  4.8368778E-02
  5.1252406E-02
  5.4274436E-02
  5.7493232E-02
  6.0913619E-02
  6.4491704E-02
  6.8310924E-02
  7.2380289E-02
  7.6641530E-02
  8.1218161E-02
  8.6049832E-02
  9.1126777E-02
  9.6522376E-02
  0.1022403    
  0.1083037    
  0.1147259    
  0.1215186    
  0.1287283    
  0.1363561    
  0.1444165    
  0.1529743    
  0.1620608    
  0.1716458    
  0.1818172    
  0.1925756    
  0.2040000    
  0.2160939    
  0.2289042    
  0.2424874    
  0.2568398    
  0.2720202    
  0.2881935    
  0.3052823    
  0.3233739    
  0.3424532    
  0.3627658    
  0.3843390    
  0.4069977    
  0.4312673    
  0.4567758    
  0.4836878    
  0.5125241    
  0.5427443    
  0.5749323    
  0.6091362    
  0.6449171    
  0.6831093    
  0.7238028    
  0.7664153    
  0.8121816    
  0.8604984    
  0.9112678    
  0.9652237    
   1.022403    
   1.083037    
   1.147259    
   1.215186    
   1.287283    
   1.363561    
   1.444164    
   1.529743    
   1.620608    
   1.716458    
   1.818172    
   1.925756    
   2.039999    
   2.160939    
   2.289042    
   2.424874    
   2.568398    
   2.720202    
   2.881935    
   3.052823    
   3.233739    
   3.424531    
   3.627658    
   3.843390    
   4.069976    
   4.312673    
   4.567758    
   4.836878    
   5.125240    
   5.427444    
   5.749323    
   6.091362    
   6.449170    
   6.831093    
   7.238028    
   7.664153    
   8.121817    
   8.604983    
   9.112678    
   9.652237    
   10.22403    
   10.83037    
   11.47259    
   12.15186    
   12.87283    
   13.63561    
   14.44164    
   15.29743    
   16.20608    
   17.16458    
   18.18172    
   19.25756    
   20.40000    
   21.60938    
   22.89042    
   24.24874    
   25.68398    
   27.20202    
   28.81935    
   30.52823    
   32.33739    
   34.24531    
   36.27658    
   38.43390    
   40.69976    
   43.12673    
   45.67758    
   48.36878    
   51.25240    
   54.27444    
   57.49324    
   60.91362    
   64.49170    
   68.31093    
   72.38028    
   76.64153    
   81.21815    
   86.04984    
   91.12677    
