 31
** Atomic data from version 7 of the CHIANTI database **
%energy levels (n=2): Edlen, B, 1983, Phys. Scripta, 28, 483
%energy levels (n=3): Martin,W.C., Sugar,J., Musgrove,A., Dalton,G.R., 1995, NIST Database Version 1.0.
%theoretical energy levels: Sampson and Zhang, 1995, unpublished calculations
%comment: observed energy of level 55 estimated by comparison with Sampson's values
%produced as part of the Arcetri/Cambridge/NRL 'CHIANTI' atomic data base collaboration
%
% K.P.Dere and E.Landi 1999
%filename: al_9.wgfa
%energy levels (n=2): Edlen, B, 1983, Phys. Scripta, 28, 483
%energy levels (n=3): Martin,W.C., Sugar,J., Musgrove,A., Dalton,G.R., 1995, NIST Database Version 1.0
%oscillator strengths (n=3): Sampson and Zhang, 1995, unpublished calculations
%note:  gf and A values for transitions O5-K1 and O6-K2 are estimates                      
%oscillator strengths (1- 16): Dankwort, W., Trefftz, E., 1978, A&A, 65, 93.
%A-value (1-2): Tachiev, G., Froese Fischer, 2000, J.Phys.B, 33, 2419
%comment: Peter Young, 17-Jul-2006, changed ground transition
%produced as part of the Arcetri/Cambridge/NRL 'CHIANTI' atomic data base collaboration
%
% K.P.Dere and E.Landi 1999

%filename: al_9.splups
%effective collision strengths (1-15): Zhang, H.L., Graziani, M., Pradhan, A.K., 1994, A&A, 283, 319
%oscillator strengths (1-15): Dankwort, W., Trefftz, E., 1978, A&A, 65, 93
%collision strengths (16-125): Zhang & Sampson 1995, unpublished calculations
% Comment: A small error was found in Zhang, H.L. et al 1994 upsilons, affecting
           upsilons for Al IX, Si X, S XII, Ar XIV, Ca XVI (and not lower-Z ions).
           The present data have been corrected by the authors.
% Comment: Zhang, H.L. et al 1994 upsilons are provided in the 6.4x10^3 to 3.2x10^6 K temperature range.
%produced as part of the Arcetri/Cambridge/NRL 'CHIANTI' atomic data base collaboration
%
% Enrico Landi - Aug 2001
10 23
  1  2s2.2p 2P1/2
  2  2s2.2p 2P3/2
  3  2s.2p2 4P1/2
  4  2s.2p2 4P3/2
  5  2s.2p2 4P5/2
  6  2s.2p2 2D3/2
  7  2s.2p2 2D5/2
  8  2s.2p2 2S1/2
  9  2s.2p2 2P1/2
 10  2s.2p2 2P3/2
     100.0
     158.5
     251.2
     398.1
     631.0
    1000.0
    1584.9
    2511.9
    3981.1
    6309.6
   10000.0
   15848.9
   25118.9
   39810.7
   63095.8
  100000.0
  158489.2
  251188.7
  398107.1
  630957.6
 1000000.0
 1584892.5
 2511887.0
0
  1  2   6.61e-01
  0  0   6.59e-01
  0  0   6.56e-01
  0  0   6.52e-01
  0  0   6.46e-01
  0  0   6.36e-01
  0  0   6.20e-01
  0  0   5.95e-01
  0  0   5.59e-01
  0  0   5.09e-01
  0  0   4.54e-01
  0  0   4.42e-01
  0  0   5.73e-01
  0  0   8.28e-01
  0  0   1.04e+00
  0  0   1.17e+00
  0  0   1.19e+00
  0  0   1.09e+00
  0  0   9.36e-01
  0  0   7.53e-01
  0  0   5.71e-01
  0  0   4.22e-01
  0  0   3.16e-01
  1  3   4.45e-02
  0  0   4.45e-02
  0  0   4.45e-02
  0  0   4.45e-02
  0  0   4.45e-02
  0  0   4.45e-02
  0  0   4.45e-02
  0  0   4.44e-02
  0  0   4.44e-02
  0  0   4.43e-02
  0  0   4.42e-02
  0  0   4.40e-02
  0  0   4.36e-02
  0  0   4.31e-02
  0  0   4.22e-02
  0  0   4.02e-02
  0  0   3.68e-02
  0  0   3.26e-02
  0  0   2.84e-02
  0  0   2.44e-02
  0  0   2.12e-02
  0  0   1.83e-02
  0  0   1.55e-02
  1  4   7.91e-02
  0  0   7.90e-02
  0  0   7.90e-02
  0  0   7.89e-02
  0  0   7.88e-02
  0  0   7.86e-02
  0  0   7.83e-02
  0  0   7.79e-02
  0  0   7.72e-02
  0  0   7.62e-02
  0  0   7.46e-02
  0  0   7.24e-02
  0  0   6.97e-02
  0  0   6.77e-02
  0  0   6.69e-02
  0  0   6.39e-02
  0  0   5.78e-02
  0  0   5.09e-02
  0  0   4.37e-02
  0  0   3.70e-02
  0  0   3.18e-02
  0  0   2.69e-02
  0  0   2.24e-02
  1  5   6.73e-02
  0  0   6.72e-02
  0  0   6.72e-02
  0  0   6.71e-02
  0  0   6.70e-02
  0  0   6.68e-02
  0  0   6.66e-02
  0  0   6.61e-02
  0  0   6.55e-02
  0  0   6.44e-02
  0  0   6.29e-02
  0  0   6.08e-02
  0  0   5.84e-02
  0  0   5.70e-02
  0  0   5.66e-02
  0  0   5.35e-02
  0  0   4.78e-02
  0  0   4.11e-02
  0  0   3.39e-02
  0  0   2.76e-02
  0  0   2.27e-02
  0  0   1.84e-02
  0  0   1.49e-02
  1  6   7.03e-01
  0  0   7.03e-01
  0  0   7.03e-01
  0  0   7.03e-01
  0  0   7.04e-01
  0  0   7.05e-01
  0  0   7.06e-01
  0  0   7.08e-01
  0  0   7.10e-01
  0  0   7.14e-01
  0  0   7.20e-01
  0  0   7.28e-01
  0  0   7.35e-01
  0  0   7.33e-01
  0  0   7.19e-01
  0  0   6.99e-01
  0  0   6.87e-01
  0  0   6.87e-01
  0  0   7.05e-01
  0  0   7.51e-01
  0  0   8.08e-01
  0  0   8.70e-01
  0  0   9.42e-01
  1  7   1.07e-01
  0  0   1.07e-01
  0  0   1.07e-01
  0  0   1.07e-01
  0  0   1.08e-01
  0  0   1.09e-01
  0  0   1.10e-01
  0  0   1.12e-01
  0  0   1.15e-01
  0  0   1.20e-01
  0  0   1.27e-01
  0  0   1.37e-01
  0  0   1.49e-01
  0  0   1.62e-01
  0  0   1.64e-01
  0  0   1.47e-01
  0  0   1.22e-01
  0  0   9.83e-02
  0  0   7.64e-02
  0  0   5.99e-02
  0  0   4.78e-02
  0  0   3.81e-02
  0  0   3.08e-02
  1  8   1.97e-01
  0  0   1.97e-01
  0  0   1.97e-01
  0  0   1.98e-01
  0  0   1.98e-01
  0  0   1.99e-01
  0  0   2.00e-01
  0  0   2.01e-01
  0  0   2.04e-01
  0  0   2.08e-01
  0  0   2.15e-01
  0  0   2.25e-01
  0  0   2.40e-01
  0  0   2.64e-01
  0  0   2.91e-01
  0  0   3.09e-01
  0  0   3.25e-01
  0  0   3.40e-01
  0  0   3.59e-01
  0  0   3.84e-01
  0  0   4.10e-01
  0  0   4.41e-01
  0  0   4.78e-01
  1  9   6.43e-01
  0  0   6.43e-01
  0  0   6.43e-01
  0  0   6.43e-01
  0  0   6.43e-01
  0  0   6.43e-01
  0  0   6.43e-01
  0  0   6.43e-01
  0  0   6.43e-01
  0  0   6.42e-01
  0  0   6.42e-01
  0  0   6.41e-01
  0  0   6.40e-01
  0  0   6.37e-01
  0  0   6.32e-01
  0  0   6.24e-01
  0  0   6.22e-01
  0  0   6.35e-01
  0  0   6.57e-01
  0  0   6.94e-01
  0  0   7.47e-01
  0  0   8.03e-01
  0  0   8.64e-01
  1 10   3.63e-01
  0  0   3.63e-01
  0  0   3.63e-01
  0  0   3.63e-01
  0  0   3.63e-01
  0  0   3.63e-01
  0  0   3.63e-01
  0  0   3.64e-01
  0  0   3.64e-01
  0  0   3.64e-01
  0  0   3.65e-01
  0  0   3.66e-01
  0  0   3.67e-01
  0  0   3.67e-01
  0  0   3.65e-01
  0  0   3.61e-01
  0  0   3.60e-01
  0  0   3.63e-01
  0  0   3.72e-01
  0  0   3.90e-01
  0  0   4.12e-01
  0  0   4.38e-01
  0  0   4.72e-01
  2  3   4.88e-02
  0  0   4.88e-02
  0  0   4.88e-02
  0  0   4.87e-02
  0  0   4.86e-02
  0  0   4.85e-02
  0  0   4.83e-02
  0  0   4.79e-02
  0  0   4.74e-02
  0  0   4.66e-02
  0  0   4.54e-02
  0  0   4.37e-02
  0  0   4.20e-02
  0  0   4.10e-02
  0  0   4.06e-02
  0  0   3.83e-02
  0  0   3.42e-02
  0  0   2.93e-02
  0  0   2.42e-02
  0  0   1.98e-02
  0  0   1.64e-02
  0  0   1.33e-02
  0  0   1.09e-02
  2  4   1.10e-01
  0  0   1.10e-01
  0  0   1.10e-01
  0  0   1.10e-01
  0  0   1.10e-01
  0  0   1.10e-01
  0  0   1.10e-01
  0  0   1.10e-01
  0  0   1.09e-01
  0  0   1.09e-01
  0  0   1.07e-01
  0  0   1.06e-01
  0  0   1.03e-01
  0  0   1.00e-01
  0  0   9.72e-02
  0  0   9.34e-02
  0  0   8.47e-02
  0  0   7.28e-02
  0  0   6.16e-02
  0  0   5.13e-02
  0  0   4.28e-02
  0  0   3.58e-02
  0  0   2.95e-02
  2  5   2.35e-01
  0  0   2.35e-01
  0  0   2.35e-01
  0  0   2.35e-01
  0  0   2.34e-01
  0  0   2.33e-01
  0  0   2.32e-01
  0  0   2.30e-01
  0  0   2.27e-01
  0  0   2.23e-01
  0  0   2.16e-01
  0  0   2.08e-01
  0  0   1.99e-01
  0  0   1.95e-01
  0  0   1.93e-01
  0  0   1.82e-01
  0  0   1.65e-01
  0  0   1.46e-01
  0  0   1.24e-01
  0  0   1.06e-01
  0  0   9.03e-02
  0  0   7.54e-02
  0  0   6.33e-02
  2  6   3.02e-01
  0  0   3.02e-01
  0  0   3.02e-01
  0  0   3.03e-01
  0  0   3.03e-01
  0  0   3.04e-01
  0  0   3.06e-01
  0  0   3.09e-01
  0  0   3.13e-01
  0  0   3.20e-01
  0  0   3.29e-01
  0  0   3.42e-01
  0  0   3.55e-01
  0  0   3.64e-01
  0  0   3.54e-01
  0  0   3.22e-01
  0  0   2.85e-01
  0  0   2.47e-01
  0  0   2.20e-01
  0  0   2.06e-01
  0  0   1.97e-01
  0  0   1.94e-01
  0  0   1.97e-01
  2  7   1.37e+00
  0  0   1.37e+00
  0  0   1.37e+00
  0  0   1.37e+00
  0  0   1.37e+00
  0  0   1.37e+00
  0  0   1.38e+00
  0  0   1.38e+00
  0  0   1.39e+00
  0  0   1.40e+00
  0  0   1.41e+00
  0  0   1.43e+00
  0  0   1.45e+00
  0  0   1.46e+00
  0  0   1.43e+00
  0  0   1.37e+00
  0  0   1.31e+00
  0  0   1.27e+00
  0  0   1.29e+00
  0  0   1.33e+00
  0  0   1.41e+00
  0  0   1.50e+00
  0  0   1.63e+00
  2  8   4.53e-01
  0  0   4.53e-01
  0  0   4.53e-01
  0  0   4.52e-01
  0  0   4.52e-01
  0  0   4.50e-01
  0  0   4.48e-01
  0  0   4.45e-01
  0  0   4.41e-01
  0  0   4.33e-01
  0  0   4.23e-01
  0  0   4.09e-01
  0  0   3.95e-01
  0  0   3.88e-01
  0  0   3.88e-01
  0  0   3.86e-01
  0  0   3.87e-01
  0  0   3.93e-01
  0  0   4.07e-01
  0  0   4.30e-01
  0  0   4.63e-01
  0  0   5.03e-01
  0  0   5.51e-01
  2  9   4.93e-01
  0  0   4.93e-01
  0  0   4.93e-01
  0  0   4.93e-01
  0  0   4.93e-01
  0  0   4.93e-01
  0  0   4.94e-01
  0  0   4.94e-01
  0  0   4.94e-01
  0  0   4.94e-01
  0  0   4.95e-01
  0  0   4.95e-01
  0  0   4.96e-01
  0  0   4.95e-01
  0  0   4.92e-01
  0  0   4.87e-01
  0  0   4.87e-01
  0  0   4.92e-01
  0  0   5.06e-01
  0  0   5.35e-01
  0  0   5.66e-01
  0  0   6.00e-01
  0  0   6.47e-01
  2 10   1.92e+00
  0  0   1.92e+00
  0  0   1.92e+00
  0  0   1.92e+00
  0  0   1.92e+00
  0  0   1.92e+00
  0  0   1.92e+00
  0  0   1.92e+00
  0  0   1.92e+00
  0  0   1.92e+00
  0  0   1.92e+00
  0  0   1.92e+00
  0  0   1.92e+00
  0  0   1.91e+00
  0  0   1.89e+00
  0  0   1.87e+00
  0  0   1.87e+00
  0  0   1.89e+00
  0  0   1.96e+00
  0  0   2.06e+00
  0  0   2.20e+00
  0  0   2.36e+00
  0  0   2.55e+00
  3  4   1.94e-01
  0  0   1.95e-01
  0  0   1.97e-01
  0  0   1.99e-01
  0  0   2.03e-01
  0  0   2.09e-01
  0  0   2.18e-01
  0  0   2.33e-01
  0  0   2.56e-01
  0  0   2.91e-01
  0  0   3.41e-01
  0  0   4.08e-01
  0  0   4.77e-01
  0  0   5.09e-01
  0  0   4.98e-01
  0  0   4.68e-01
  0  0   4.22e-01
  0  0   3.71e-01
  0  0   3.10e-01
  0  0   2.56e-01
  0  0   2.09e-01
  0  0   1.67e-01
  0  0   1.34e-01
  3  5   2.18e-01
  0  0   2.19e-01
  0  0   2.20e-01
  0  0   2.21e-01
  0  0   2.23e-01
  0  0   2.26e-01
  0  0   2.31e-01
  0  0   2.39e-01
  0  0   2.50e-01
  0  0   2.68e-01
  0  0   2.95e-01
  0  0   3.30e-01
  0  0   3.65e-01
  0  0   3.78e-01
  0  0   3.59e-01
  0  0   3.31e-01
  0  0   2.98e-01
  0  0   2.59e-01
  0  0   2.18e-01
  0  0   1.79e-01
  0  0   1.47e-01
  0  0   1.21e-01
  0  0   1.02e-01
  3  6   8.53e-02
  0  0   8.53e-02
  0  0   8.53e-02
  0  0   8.53e-02
  0  0   8.53e-02
  0  0   8.53e-02
  0  0   8.52e-02
  0  0   8.52e-02
  0  0   8.52e-02
  0  0   8.52e-02
  0  0   8.51e-02
  0  0   8.50e-02
  0  0   8.48e-02
  0  0   8.42e-02
  0  0   8.28e-02
  0  0   8.00e-02
  0  0   7.58e-02
  0  0   7.04e-02
  0  0   6.43e-02
  0  0   5.76e-02
  0  0   5.07e-02
  0  0   4.36e-02
  0  0   3.63e-02
  3  7   5.72e-02
  0  0   5.72e-02
  0  0   5.72e-02
  0  0   5.72e-02
  0  0   5.71e-02
  0  0   5.71e-02
  0  0   5.70e-02
  0  0   5.68e-02
  0  0   5.66e-02
  0  0   5.62e-02
  0  0   5.57e-02
  0  0   5.50e-02
  0  0   5.43e-02
  0  0   5.40e-02
  0  0   5.35e-02
  0  0   5.14e-02
  0  0   4.82e-02
  0  0   4.46e-02
  0  0   3.98e-02
  0  0   3.56e-02
  0  0   3.15e-02
  0  0   2.68e-02
  0  0   2.28e-02
  3  8   1.50e-02
  0  0   1.50e-02
  0  0   1.50e-02
  0  0   1.50e-02
  0  0   1.50e-02
  0  0   1.51e-02
  0  0   1.51e-02
  0  0   1.51e-02
  0  0   1.52e-02
  0  0   1.52e-02
  0  0   1.54e-02
  0  0   1.55e-02
  0  0   1.58e-02
  0  0   1.60e-02
  0  0   1.60e-02
  0  0   1.58e-02
  0  0   1.52e-02
  0  0   1.44e-02
  0  0   1.34e-02
  0  0   1.21e-02
  0  0   1.08e-02
  0  0   9.34e-03
  0  0   7.79e-03
  3  9   2.26e-02
  0  0   2.26e-02
  0  0   2.26e-02
  0  0   2.27e-02
  0  0   2.28e-02
  0  0   2.29e-02
  0  0   2.31e-02
  0  0   2.34e-02
  0  0   2.39e-02
  0  0   2.46e-02
  0  0   2.57e-02
  0  0   2.70e-02
  0  0   2.81e-02
  0  0   2.77e-02
  0  0   2.53e-02
  0  0   2.24e-02
  0  0   1.87e-02
  0  0   1.50e-02
  0  0   1.16e-02
  0  0   8.83e-03
  0  0   6.82e-03
  0  0   5.23e-03
  0  0   4.01e-03
  3 10   1.87e-02
  0  0   1.88e-02
  0  0   1.88e-02
  0  0   1.89e-02
  0  0   1.91e-02
  0  0   1.93e-02
  0  0   1.97e-02
  0  0   2.04e-02
  0  0   2.13e-02
  0  0   2.28e-02
  0  0   2.49e-02
  0  0   2.77e-02
  0  0   3.04e-02
  0  0   3.11e-02
  0  0   2.93e-02
  0  0   2.69e-02
  0  0   2.33e-02
  0  0   1.97e-02
  0  0   1.62e-02
  0  0   1.33e-02
  0  0   1.10e-02
  0  0   8.87e-03
  0  0   7.23e-03
  4  5   5.27e-01
  0  0   5.29e-01
  0  0   5.31e-01
  0  0   5.35e-01
  0  0   5.41e-01
  0  0   5.51e-01
  0  0   5.67e-01
  0  0   5.90e-01
  0  0   6.27e-01
  0  0   6.83e-01
  0  0   7.63e-01
  0  0   8.67e-01
  0  0   9.74e-01
  0  0   1.04e+00
  0  0   1.00e+00
  0  0   9.24e-01
  0  0   8.42e-01
  0  0   7.29e-01
  0  0   6.11e-01
  0  0   5.07e-01
  0  0   4.13e-01
  0  0   3.36e-01
  0  0   2.79e-01
  4  6   1.36e-01
  0  0   1.36e-01
  0  0   1.36e-01
  0  0   1.36e-01
  0  0   1.36e-01
  0  0   1.36e-01
  0  0   1.36e-01
  0  0   1.35e-01
  0  0   1.35e-01
  0  0   1.35e-01
  0  0   1.35e-01
  0  0   1.35e-01
  0  0   1.34e-01
  0  0   1.33e-01
  0  0   1.31e-01
  0  0   1.27e-01
  0  0   1.20e-01
  0  0   1.11e-01
  0  0   1.01e-01
  0  0   9.02e-02
  0  0   7.91e-02
  0  0   6.79e-02
  0  0   5.64e-02
  4  7   1.49e-01
  0  0   1.49e-01
  0  0   1.49e-01
  0  0   1.49e-01
  0  0   1.49e-01
  0  0   1.49e-01
  0  0   1.49e-01
  0  0   1.49e-01
  0  0   1.49e-01
  0  0   1.48e-01
  0  0   1.48e-01
  0  0   1.47e-01
  0  0   1.46e-01
  0  0   1.45e-01
  0  0   1.43e-01
  0  0   1.38e-01
  0  0   1.30e-01
  0  0   1.20e-01
  0  0   1.09e-01
  0  0   9.67e-02
  0  0   8.50e-02
  0  0   7.26e-02
  0  0   6.01e-02
  4  8   3.05e-02
  0  0   3.05e-02
  0  0   3.06e-02
  0  0   3.06e-02
  0  0   3.06e-02
  0  0   3.06e-02
  0  0   3.06e-02
  0  0   3.07e-02
  0  0   3.07e-02
  0  0   3.08e-02
  0  0   3.10e-02
  0  0   3.12e-02
  0  0   3.14e-02
  0  0   3.15e-02
  0  0   3.12e-02
  0  0   3.05e-02
  0  0   2.94e-02
  0  0   2.77e-02
  0  0   2.58e-02
  0  0   2.33e-02
  0  0   2.09e-02
  0  0   1.83e-02
  0  0   1.54e-02
  4  9   3.43e-02
  0  0   3.43e-02
  0  0   3.44e-02
  0  0   3.45e-02
  0  0   3.47e-02
  0  0   3.50e-02
  0  0   3.55e-02
  0  0   3.62e-02
  0  0   3.73e-02
  0  0   3.90e-02
  0  0   4.13e-02
  0  0   4.44e-02
  0  0   4.69e-02
  0  0   4.63e-02
  0  0   4.28e-02
  0  0   3.84e-02
  0  0   3.24e-02
  0  0   2.66e-02
  0  0   2.10e-02
  0  0   1.66e-02
  0  0   1.33e-02
  0  0   1.05e-02
  0  0   8.39e-03
  4 10   4.65e-02
  0  0   4.66e-02
  0  0   4.68e-02
  0  0   4.70e-02
  0  0   4.74e-02
  0  0   4.81e-02
  0  0   4.90e-02
  0  0   5.05e-02
  0  0   5.29e-02
  0  0   5.64e-02
  0  0   6.14e-02
  0  0   6.77e-02
  0  0   7.30e-02
  0  0   7.30e-02
  0  0   6.86e-02
  0  0   6.24e-02
  0  0   5.36e-02
  0  0   4.50e-02
  0  0   3.64e-02
  0  0   2.96e-02
  0  0   2.42e-02
  0  0   1.94e-02
  0  0   1.58e-02
  5  6   1.23e-01
  0  0   1.23e-01
  0  0   1.23e-01
  0  0   1.23e-01
  0  0   1.23e-01
  0  0   1.23e-01
  0  0   1.22e-01
  0  0   1.22e-01
  0  0   1.22e-01
  0  0   1.21e-01
  0  0   1.20e-01
  0  0   1.18e-01
  0  0   1.17e-01
  0  0   1.17e-01
  0  0   1.16e-01
  0  0   1.12e-01
  0  0   1.05e-01
  0  0   9.68e-02
  0  0   8.65e-02
  0  0   7.71e-02
  0  0   6.82e-02
  0  0   5.83e-02
  0  0   4.94e-02
  5  7   3.11e-01
  0  0   3.11e-01
  0  0   3.11e-01
  0  0   3.11e-01
  0  0   3.11e-01
  0  0   3.11e-01
  0  0   3.11e-01
  0  0   3.11e-01
  0  0   3.10e-01
  0  0   3.10e-01
  0  0   3.09e-01
  0  0   3.08e-01
  0  0   3.07e-01
  0  0   3.05e-01
  0  0   3.02e-01
  0  0   2.91e-01
  0  0   2.74e-01
  0  0   2.55e-01
  0  0   2.30e-01
  0  0   2.06e-01
  0  0   1.82e-01
  0  0   1.54e-01
  0  0   1.28e-01
  5  8   4.71e-02
  0  0   4.71e-02
  0  0   4.71e-02
  0  0   4.71e-02
  0  0   4.71e-02
  0  0   4.71e-02
  0  0   4.71e-02
  0  0   4.71e-02
  0  0   4.71e-02
  0  0   4.71e-02
  0  0   4.71e-02
  0  0   4.70e-02
  0  0   4.68e-02
  0  0   4.64e-02
  0  0   4.54e-02
  0  0   4.40e-02
  0  0   4.22e-02
  0  0   3.96e-02
  0  0   3.67e-02
  0  0   3.30e-02
  0  0   2.96e-02
  0  0   2.58e-02
  0  0   2.17e-02
  5  9   3.32e-02
  0  0   3.32e-02
  0  0   3.33e-02
  0  0   3.34e-02
  0  0   3.36e-02
  0  0   3.39e-02
  0  0   3.43e-02
  0  0   3.50e-02
  0  0   3.60e-02
  0  0   3.76e-02
  0  0   4.00e-02
  0  0   4.32e-02
  0  0   4.68e-02
  0  0   4.84e-02
  0  0   4.58e-02
  0  0   4.21e-02
  0  0   3.76e-02
  0  0   3.22e-02
  0  0   2.73e-02
  0  0   2.27e-02
  0  0   1.91e-02
  0  0   1.59e-02
  0  0   1.30e-02
  5 10   9.41e-02
  0  0   9.43e-02
  0  0   9.45e-02
  0  0   9.50e-02
  0  0   9.57e-02
  0  0   9.67e-02
  0  0   9.84e-02
  0  0   1.01e-01
  0  0   1.05e-01
  0  0   1.11e-01
  0  0   1.20e-01
  0  0   1.31e-01
  0  0   1.39e-01
  0  0   1.37e-01
  0  0   1.27e-01
  0  0   1.15e-01
  0  0   9.70e-02
  0  0   8.03e-02
  0  0   6.36e-02
  0  0   5.09e-02
  0  0   4.09e-02
  0  0   3.24e-02
  0  0   2.61e-02
 0 0 0
  1  2   1.073e+00
  1  3   1.534e+05
  1  4   3.573e+03
  1  5   0.000e+00
  1  6   1.587e+09
  1  7   0.000e+00
  1  8   3.827e+09
  1  9   8.467e+09
  1 10   2.458e+09
  2  3   1.197e+05
  2  4   3.345e+04
  2  5   1.195e+05
  2  6   2.554e+08
  2  7   1.817e+09
  2  8   4.232e+09
  2  9   6.817e+09
  2 10   1.297e+10
  3  4   0.000e+00
  3  5   0.000e+00
  3  6   0.000e+00
  3  7   0.000e+00
  3  8   0.000e+00
  3  9   0.000e+00
  3 10   0.000e+00
  4  5   0.000e+00
  4  6   0.000e+00
  4  7   0.000e+00
  4  8   0.000e+00
  4  9   0.000e+00
  4 10   0.000e+00
  5  6   0.000e+00
  5  7   0.000e+00
  5  8   0.000e+00
  5  9   0.000e+00
  5 10   0.000e+00
  6  7   0.000e+00
  6  8   0.000e+00
  6  9   0.000e+00
  6 10   0.000e+00
  7  8   0.000e+00
  7  9   0.000e+00
  7 10   0.000e+00
  8  9   0.000e+00
  8 10   0.000e+00
  9 10   0.000e+00
  1  2        0.0
  2  4     4890.0
  3  2   145288.0
  4  4   146998.0
  5  6   149488.0
  6  4   259733.0
  7  6   259711.0
  8  2   332685.0
  9  2   354082.0
 10  4   356972.0
