29
** Atomic data from version 10 of the CHIANTI database **
%filename: al_6.elvlc
%experimental energy levels: Edlen, B., 1983, Phys. Scr., 28, 51
%theoretical energy levels: Landi, E., 2005, A&A, 434, 365
% produced as part of the Arcetri/Cambridge/NRL 'CHIANTI' atomic data base collaboration
%
% E. Landi - May 2004
%filename:  /data2/svn/chianti/dbase/trunk/al/al_6/al_6.wgfa
%filename: al_6.wgfa
%experimental energy levels: Edlen, B., 1983, Phys. Scr., 28, 51
%Radiative data: Landi, E., 2005, A&A, 434, 365
% produced as part of the Arcetri/Cambridge/NRL 'CHIANTI' atomic data base collaboration
%
% E. Landi - May 2004

K. Dere  -  minimum branching ratio =   1.00e-05  :  2017 December 06
%File processed with wgfa_tidy by pryoung on  6-Mar-2019
-1
%filename: al_6.splups
%effective collision strengths: interpolated using Ne III, Mg V, Si VII, S IX, Ar XI, Ca XIII
%comment: data are most accurate in the 3.0 < Log T < 5.0 temperature range.
%comment: interpolated data were preferred over Close Coupling calculations from 
%         Butler & Zeippen, 1994, AASS, 108, 1 for transitions within the ground 
%         configuration since, as noted by the authors themselves, their Al VI upsilons
%         were uncertain due to the presence of resonances close to threshold, which
%         their model was not able to adequately describe.
% produced as part of the Arcetri/Cambridge/NRL 'CHIANTI' atomic data base collaboration
%
% Enrico Landi 1997
9 23
  1  2p4 3P2
  2  2p4 3P1
  3  2p4 3P0
  4  2p4 1D2
  5  2p4 1S0
  6  2s.2p5 3P2
  7  2s.2p5 3P1
  8  2s.2p5 3P0
  9  2s.2p5 1P1
     100.0
     158.5
     251.2
     398.1
     631.0
    1000.0
    1584.9
    2511.9
    3981.1
    6309.6
   10000.0
   15848.9
   25118.9
   39810.7
   63095.7
  100000.0
  158489.3
  251188.6
  398107.2
  630957.3
 1000000.0
 1584893.2
 2511886.4
0
  1  2   4.16e-01
  0  0   4.16e-01
  0  0   4.18e-01
  0  0   4.20e-01
  0  0   4.23e-01
  0  0   4.28e-01
  0  0   4.36e-01
  0  0   4.48e-01
  0  0   4.66e-01
  0  0   4.91e-01
  0  0   5.25e-01
  0  0   5.66e-01
  0  0   6.08e-01
  0  0   6.40e-01
  0  0   6.52e-01
  0  0   6.43e-01
  0  0   6.26e-01
  0  0   5.90e-01
  0  0   5.25e-01
  0  0   4.42e-01
  0  0   3.58e-01
  0  0   2.88e-01
  0  0   2.33e-01
  1  3   9.07e-02
  0  0   9.09e-02
  0  0   9.13e-02
  0  0   9.19e-02
  0  0   9.29e-02
  0  0   9.44e-02
  0  0   9.66e-02
  0  0   1.00e-01
  0  0   1.05e-01
  0  0   1.13e-01
  0  0   1.23e-01
  0  0   1.35e-01
  0  0   1.49e-01
  0  0   1.60e-01
  0  0   1.66e-01
  0  0   1.64e-01
  0  0   1.54e-01
  0  0   1.37e-01
  0  0   1.16e-01
  0  0   9.64e-02
  0  0   7.95e-02
  0  0   6.66e-02
  0  0   5.74e-02
  1  4   5.66e-01
  0  0   5.66e-01
  0  0   5.66e-01
  0  0   5.66e-01
  0  0   5.66e-01
  0  0   5.65e-01
  0  0   5.65e-01
  0  0   5.65e-01
  0  0   5.64e-01
  0  0   5.63e-01
  0  0   5.61e-01
  0  0   5.58e-01
  0  0   5.54e-01
  0  0   5.48e-01
  0  0   5.37e-01
  0  0   5.23e-01
  0  0   5.01e-01
  0  0   4.72e-01
  0  0   4.34e-01
  0  0   3.88e-01
  0  0   3.39e-01
  0  0   2.88e-01
  0  0   2.37e-01
  1  5   7.17e-02
  0  0   7.17e-02
  0  0   7.17e-02
  0  0   7.17e-02
  0  0   7.17e-02
  0  0   7.16e-02
  0  0   7.16e-02
  0  0   7.15e-02
  0  0   7.14e-02
  0  0   7.12e-02
  0  0   7.09e-02
  0  0   7.05e-02
  0  0   6.98e-02
  0  0   6.88e-02
  0  0   6.74e-02
  0  0   6.56e-02
  0  0   6.33e-02
  0  0   6.06e-02
  0  0   5.76e-02
  0  0   5.37e-02
  0  0   4.80e-02
  0  0   4.03e-02
  0  0   3.18e-02
  1  6   2.22e+00
  0  0   2.22e+00
  0  0   2.22e+00
  0  0   2.22e+00
  0  0   2.22e+00
  0  0   2.22e+00
  0  0   2.22e+00
  0  0   2.22e+00
  0  0   2.22e+00
  0  0   2.22e+00
  0  0   2.23e+00
  0  0   2.23e+00
  0  0   2.24e+00
  0  0   2.25e+00
  0  0   2.26e+00
  0  0   2.29e+00
  0  0   2.32e+00
  0  0   2.38e+00
  0  0   2.45e+00
  0  0   2.55e+00
  0  0   2.68e+00
  0  0   2.86e+00
  0  0   3.08e+00
  1  7   5.48e-01
  0  0   5.48e-01
  0  0   5.48e-01
  0  0   5.48e-01
  0  0   5.48e-01
  0  0   5.48e-01
  0  0   5.48e-01
  0  0   5.49e-01
  0  0   5.49e-01
  0  0   5.50e-01
  0  0   5.52e-01
  0  0   5.54e-01
  0  0   5.58e-01
  0  0   5.64e-01
  0  0   5.73e-01
  0  0   5.86e-01
  0  0   6.07e-01
  0  0   6.37e-01
  0  0   6.79e-01
  0  0   7.34e-01
  0  0   8.03e-01
  0  0   8.84e-01
  0  0   9.77e-01
  1  8   1.03e-02
  0  0   1.03e-02
  0  0   1.03e-02
  0  0   1.03e-02
  0  0   1.03e-02
  0  0   1.03e-02
  0  0   1.03e-02
  0  0   1.03e-02
  0  0   1.03e-02
  0  0   1.03e-02
  0  0   1.03e-02
  0  0   1.02e-02
  0  0   1.02e-02
  0  0   1.01e-02
  0  0   1.00e-02
  0  0   9.87e-03
  0  0   9.63e-03
  0  0   9.29e-03
  0  0   8.81e-03
  0  0   8.15e-03
  0  0   7.33e-03
  0  0   6.38e-03
  0  0   5.35e-03
  1  9   6.58e-02
  0  0   6.58e-02
  0  0   6.58e-02
  0  0   6.58e-02
  0  0   6.58e-02
  0  0   6.58e-02
  0  0   6.58e-02
  0  0   6.57e-02
  0  0   6.57e-02
  0  0   6.56e-02
  0  0   6.55e-02
  0  0   6.54e-02
  0  0   6.51e-02
  0  0   6.47e-02
  0  0   6.41e-02
  0  0   6.32e-02
  0  0   6.18e-02
  0  0   5.98e-02
  0  0   5.70e-02
  0  0   5.33e-02
  0  0   4.87e-02
  0  0   4.34e-02
  0  0   3.73e-02
  2  3   2.19e-01
  0  0   2.19e-01
  0  0   2.19e-01
  0  0   2.19e-01
  0  0   2.19e-01
  0  0   2.19e-01
  0  0   2.19e-01
  0  0   2.20e-01
  0  0   2.20e-01
  0  0   2.20e-01
  0  0   2.21e-01
  0  0   2.22e-01
  0  0   2.24e-01
  0  0   2.26e-01
  0  0   2.27e-01
  0  0   2.28e-01
  0  0   2.25e-01
  0  0   2.15e-01
  0  0   1.96e-01
  0  0   1.69e-01
  0  0   1.40e-01
  0  0   1.12e-01
  0  0   8.90e-02
  2  4   3.46e-01
  0  0   3.46e-01
  0  0   3.46e-01
  0  0   3.46e-01
  0  0   3.46e-01
  0  0   3.46e-01
  0  0   3.46e-01
  0  0   3.47e-01
  0  0   3.47e-01
  0  0   3.48e-01
  0  0   3.49e-01
  0  0   3.49e-01
  0  0   3.49e-01
  0  0   3.46e-01
  0  0   3.38e-01
  0  0   3.23e-01
  0  0   3.00e-01
  0  0   2.76e-01
  0  0   2.62e-01
  0  0   2.49e-01
  0  0   2.25e-01
  0  0   1.92e-01
  0  0   1.55e-01
  2  5   4.79e-02
  0  0   4.79e-02
  0  0   4.79e-02
  0  0   4.78e-02
  0  0   4.78e-02
  0  0   4.78e-02
  0  0   4.78e-02
  0  0   4.77e-02
  0  0   4.76e-02
  0  0   4.74e-02
  0  0   4.72e-02
  0  0   4.69e-02
  0  0   4.63e-02
  0  0   4.55e-02
  0  0   4.45e-02
  0  0   4.31e-02
  0  0   4.15e-02
  0  0   3.97e-02
  0  0   3.76e-02
  0  0   3.48e-02
  0  0   3.06e-02
  0  0   2.53e-02
  0  0   2.01e-02
  2  6   7.30e-01
  0  0   7.30e-01
  0  0   7.30e-01
  0  0   7.31e-01
  0  0   7.31e-01
  0  0   7.31e-01
  0  0   7.31e-01
  0  0   7.31e-01
  0  0   7.31e-01
  0  0   7.32e-01
  0  0   7.33e-01
  0  0   7.34e-01
  0  0   7.37e-01
  0  0   7.40e-01
  0  0   7.46e-01
  0  0   7.55e-01
  0  0   7.67e-01
  0  0   7.85e-01
  0  0   8.11e-01
  0  0   8.45e-01
  0  0   8.91e-01
  0  0   9.52e-01
  0  0   1.03e+00
  2  7   4.59e-01
  0  0   4.59e-01
  0  0   4.59e-01
  0  0   4.59e-01
  0  0   4.59e-01
  0  0   4.59e-01
  0  0   4.60e-01
  0  0   4.60e-01
  0  0   4.60e-01
  0  0   4.60e-01
  0  0   4.61e-01
  0  0   4.62e-01
  0  0   4.63e-01
  0  0   4.65e-01
  0  0   4.68e-01
  0  0   4.73e-01
  0  0   4.80e-01
  0  0   4.90e-01
  0  0   5.04e-01
  0  0   5.24e-01
  0  0   5.50e-01
  0  0   5.84e-01
  0  0   6.29e-01
  2  8   5.78e-01
  0  0   5.78e-01
  0  0   5.78e-01
  0  0   5.78e-01
  0  0   5.78e-01
  0  0   5.78e-01
  0  0   5.78e-01
  0  0   5.78e-01
  0  0   5.78e-01
  0  0   5.79e-01
  0  0   5.80e-01
  0  0   5.81e-01
  0  0   5.83e-01
  0  0   5.86e-01
  0  0   5.90e-01
  0  0   5.97e-01
  0  0   6.07e-01
  0  0   6.21e-01
  0  0   6.41e-01
  0  0   6.68e-01
  0  0   7.05e-01
  0  0   7.53e-01
  0  0   8.15e-01
  2  9   3.90e-02
  0  0   3.90e-02
  0  0   3.90e-02
  0  0   3.90e-02
  0  0   3.90e-02
  0  0   3.90e-02
  0  0   3.89e-02
  0  0   3.89e-02
  0  0   3.89e-02
  0  0   3.89e-02
  0  0   3.88e-02
  0  0   3.87e-02
  0  0   3.85e-02
  0  0   3.82e-02
  0  0   3.78e-02
  0  0   3.72e-02
  0  0   3.63e-02
  0  0   3.49e-02
  0  0   3.30e-02
  0  0   3.06e-02
  0  0   2.77e-02
  0  0   2.44e-02
  0  0   2.08e-02
  3  4   1.17e-01
  0  0   1.17e-01
  0  0   1.17e-01
  0  0   1.17e-01
  0  0   1.17e-01
  0  0   1.17e-01
  0  0   1.16e-01
  0  0   1.16e-01
  0  0   1.16e-01
  0  0   1.16e-01
  0  0   1.15e-01
  0  0   1.15e-01
  0  0   1.14e-01
  0  0   1.12e-01
  0  0   1.10e-01
  0  0   1.07e-01
  0  0   1.02e-01
  0  0   9.71e-02
  0  0   9.10e-02
  0  0   8.34e-02
  0  0   7.36e-02
  0  0   6.15e-02
  0  0   4.92e-02
  3  5   1.60e-02
  0  0   1.60e-02
  0  0   1.60e-02
  0  0   1.60e-02
  0  0   1.60e-02
  0  0   1.60e-02
  0  0   1.60e-02
  0  0   1.60e-02
  0  0   1.59e-02
  0  0   1.59e-02
  0  0   1.58e-02
  0  0   1.57e-02
  0  0   1.56e-02
  0  0   1.54e-02
  0  0   1.51e-02
  0  0   1.47e-02
  0  0   1.42e-02
  0  0   1.37e-02
  0  0   1.29e-02
  0  0   1.19e-02
  0  0   1.03e-02
  0  0   8.54e-03
  0  0   6.82e-03
  3  6   1.32e-02
  0  0   1.32e-02
  0  0   1.32e-02
  0  0   1.32e-02
  0  0   1.32e-02
  0  0   1.32e-02
  0  0   1.32e-02
  0  0   1.32e-02
  0  0   1.32e-02
  0  0   1.32e-02
  0  0   1.32e-02
  0  0   1.32e-02
  0  0   1.31e-02
  0  0   1.30e-02
  0  0   1.29e-02
  0  0   1.27e-02
  0  0   1.24e-02
  0  0   1.19e-02
  0  0   1.13e-02
  0  0   1.05e-02
  0  0   9.43e-03
  0  0   8.20e-03
  0  0   6.88e-03
  3  7   5.64e-01
  0  0   5.64e-01
  0  0   5.64e-01
  0  0   5.64e-01
  0  0   5.64e-01
  0  0   5.64e-01
  0  0   5.65e-01
  0  0   5.65e-01
  0  0   5.65e-01
  0  0   5.66e-01
  0  0   5.66e-01
  0  0   5.68e-01
  0  0   5.69e-01
  0  0   5.72e-01
  0  0   5.77e-01
  0  0   5.84e-01
  0  0   5.94e-01
  0  0   6.09e-01
  0  0   6.31e-01
  0  0   6.60e-01
  0  0   6.99e-01
  0  0   7.49e-01
  0  0   8.13e-01
  3  8   8.33e-03
  0  0   8.33e-03
  0  0   8.33e-03
  0  0   8.32e-03
  0  0   8.32e-03
  0  0   8.32e-03
  0  0   8.32e-03
  0  0   8.32e-03
  0  0   8.31e-03
  0  0   8.30e-03
  0  0   8.29e-03
  0  0   8.27e-03
  0  0   8.24e-03
  0  0   8.19e-03
  0  0   8.11e-03
  0  0   7.99e-03
  0  0   7.80e-03
  0  0   7.53e-03
  0  0   7.13e-03
  0  0   6.59e-03
  0  0   5.91e-03
  0  0   5.14e-03
  0  0   4.32e-03
  3  9   1.32e-02
  0  0   1.32e-02
  0  0   1.32e-02
  0  0   1.32e-02
  0  0   1.32e-02
  0  0   1.32e-02
  0  0   1.32e-02
  0  0   1.32e-02
  0  0   1.32e-02
  0  0   1.32e-02
  0  0   1.32e-02
  0  0   1.31e-02
  0  0   1.31e-02
  0  0   1.30e-02
  0  0   1.29e-02
  0  0   1.27e-02
  0  0   1.24e-02
  0  0   1.19e-02
  0  0   1.13e-02
  0  0   1.05e-02
  0  0   9.51e-03
  0  0   8.34e-03
  0  0   7.04e-03
  4  6   1.11e-01
  0  0   1.11e-01
  0  0   1.11e-01
  0  0   1.11e-01
  0  0   1.11e-01
  0  0   1.11e-01
  0  0   1.11e-01
  0  0   1.11e-01
  0  0   1.11e-01
  0  0   1.11e-01
  0  0   1.11e-01
  0  0   1.11e-01
  0  0   1.10e-01
  0  0   1.10e-01
  0  0   1.09e-01
  0  0   1.07e-01
  0  0   1.05e-01
  0  0   1.02e-01
  0  0   9.68e-02
  0  0   9.00e-02
  0  0   8.15e-02
  0  0   7.17e-02
  0  0   6.14e-02
  4  7   7.15e-02
  0  0   7.15e-02
  0  0   7.15e-02
  0  0   7.15e-02
  0  0   7.15e-02
  0  0   7.15e-02
  0  0   7.15e-02
  0  0   7.15e-02
  0  0   7.14e-02
  0  0   7.13e-02
  0  0   7.12e-02
  0  0   7.10e-02
  0  0   7.06e-02
  0  0   7.01e-02
  0  0   6.93e-02
  0  0   6.80e-02
  0  0   6.62e-02
  0  0   6.37e-02
  0  0   6.01e-02
  0  0   5.56e-02
  0  0   5.01e-02
  0  0   4.36e-02
  0  0   3.63e-02
  4  8   2.36e-02
  0  0   2.36e-02
  0  0   2.36e-02
  0  0   2.36e-02
  0  0   2.36e-02
  0  0   2.36e-02
  0  0   2.35e-02
  0  0   2.35e-02
  0  0   2.35e-02
  0  0   2.35e-02
  0  0   2.35e-02
  0  0   2.34e-02
  0  0   2.33e-02
  0  0   2.32e-02
  0  0   2.30e-02
  0  0   2.26e-02
  0  0   2.21e-02
  0  0   2.13e-02
  0  0   2.02e-02
  0  0   1.87e-02
  0  0   1.67e-02
  0  0   1.46e-02
  0  0   1.23e-02
  4  9   2.50e+00
  0  0   2.50e+00
  0  0   2.50e+00
  0  0   2.50e+00
  0  0   2.50e+00
  0  0   2.50e+00
  0  0   2.50e+00
  0  0   2.50e+00
  0  0   2.50e+00
  0  0   2.50e+00
  0  0   2.50e+00
  0  0   2.51e+00
  0  0   2.51e+00
  0  0   2.52e+00
  0  0   2.53e+00
  0  0   2.55e+00
  0  0   2.59e+00
  0  0   2.64e+00
  0  0   2.73e+00
  0  0   2.86e+00
  0  0   3.03e+00
  0  0   3.26e+00
  0  0   3.54e+00
  5  6   3.27e-02
  0  0   3.27e-02
  0  0   3.27e-02
  0  0   3.27e-02
  0  0   3.27e-02
  0  0   3.27e-02
  0  0   3.26e-02
  0  0   3.26e-02
  0  0   3.26e-02
  0  0   3.26e-02
  0  0   3.25e-02
  0  0   3.24e-02
  0  0   3.23e-02
  0  0   3.21e-02
  0  0   3.18e-02
  0  0   3.13e-02
  0  0   3.05e-02
  0  0   2.94e-02
  0  0   2.80e-02
  0  0   2.60e-02
  0  0   2.35e-02
  0  0   2.05e-02
  0  0   1.72e-02
  5  7   2.23e-02
  0  0   2.23e-02
  0  0   2.23e-02
  0  0   2.23e-02
  0  0   2.23e-02
  0  0   2.23e-02
  0  0   2.23e-02
  0  0   2.23e-02
  0  0   2.23e-02
  0  0   2.23e-02
  0  0   2.23e-02
  0  0   2.22e-02
  0  0   2.21e-02
  0  0   2.20e-02
  0  0   2.18e-02
  0  0   2.15e-02
  0  0   2.10e-02
  0  0   2.03e-02
  0  0   1.93e-02
  0  0   1.80e-02
  0  0   1.62e-02
  0  0   1.43e-02
  0  0   1.22e-02
  5  8   7.52e-03
  0  0   7.52e-03
  0  0   7.52e-03
  0  0   7.52e-03
  0  0   7.52e-03
  0  0   7.52e-03
  0  0   7.52e-03
  0  0   7.52e-03
  0  0   7.51e-03
  0  0   7.50e-03
  0  0   7.49e-03
  0  0   7.47e-03
  0  0   7.45e-03
  0  0   7.40e-03
  0  0   7.33e-03
  0  0   7.22e-03
  0  0   7.05e-03
  0  0   6.81e-03
  0  0   6.46e-03
  0  0   5.99e-03
  0  0   5.39e-03
  0  0   4.71e-03
  0  0   3.98e-03
  5  9   2.35e-01
  0  0   2.35e-01
  0  0   2.35e-01
  0  0   2.35e-01
  0  0   2.35e-01
  0  0   2.35e-01
  0  0   2.35e-01
  0  0   2.35e-01
  0  0   2.36e-01
  0  0   2.36e-01
  0  0   2.36e-01
  0  0   2.36e-01
  0  0   2.37e-01
  0  0   2.38e-01
  0  0   2.40e-01
  0  0   2.43e-01
  0  0   2.47e-01
  0  0   2.53e-01
  0  0   2.62e-01
  0  0   2.75e-01
  0  0   2.92e-01
  0  0   3.15e-01
  0  0   3.45e-01
  6  7   4.80e-01
  0  0   4.80e-01
  0  0   4.80e-01
  0  0   4.80e-01
  0  0   4.80e-01
  0  0   4.80e-01
  0  0   4.80e-01
  0  0   4.79e-01
  0  0   4.79e-01
  0  0   4.79e-01
  0  0   4.78e-01
  0  0   4.77e-01
  0  0   4.75e-01
  0  0   4.72e-01
  0  0   4.67e-01
  0  0   4.60e-01
  0  0   4.49e-01
  0  0   4.33e-01
  0  0   4.12e-01
  0  0   3.84e-01
  0  0   3.51e-01
  0  0   3.14e-01
  0  0   2.72e-01
  6  8   9.07e-02
  0  0   9.07e-02
  0  0   9.07e-02
  0  0   9.07e-02
  0  0   9.07e-02
  0  0   9.07e-02
  0  0   9.07e-02
  0  0   9.07e-02
  0  0   9.06e-02
  0  0   9.06e-02
  0  0   9.05e-02
  0  0   9.03e-02
  0  0   9.01e-02
  0  0   8.97e-02
  0  0   8.91e-02
  0  0   8.82e-02
  0  0   8.69e-02
  0  0   8.48e-02
  0  0   8.18e-02
  0  0   7.78e-02
  0  0   7.28e-02
  0  0   6.71e-02
  0  0   6.13e-02
  6  9   2.67e-01
  0  0   2.67e-01
  0  0   2.67e-01
  0  0   2.67e-01
  0  0   2.67e-01
  0  0   2.67e-01
  0  0   2.67e-01
  0  0   2.67e-01
  0  0   2.67e-01
  0  0   2.66e-01
  0  0   2.66e-01
  0  0   2.65e-01
  0  0   2.64e-01
  0  0   2.62e-01
  0  0   2.60e-01
  0  0   2.56e-01
  0  0   2.49e-01
  0  0   2.40e-01
  0  0   2.27e-01
  0  0   2.08e-01
  0  0   1.85e-01
  0  0   1.57e-01
  0  0   1.27e-01
  7  8   2.06e-01
  0  0   2.06e-01
  0  0   2.06e-01
  0  0   2.06e-01
  0  0   2.06e-01
  0  0   2.06e-01
  0  0   2.06e-01
  0  0   2.06e-01
  0  0   2.06e-01
  0  0   2.06e-01
  0  0   2.06e-01
  0  0   2.05e-01
  0  0   2.04e-01
  0  0   2.03e-01
  0  0   2.01e-01
  0  0   1.98e-01
  0  0   1.93e-01
  0  0   1.85e-01
  0  0   1.75e-01
  0  0   1.60e-01
  0  0   1.42e-01
  0  0   1.22e-01
  0  0   1.00e-01
  7  9   1.62e-01
  0  0   1.62e-01
  0  0   1.62e-01
  0  0   1.62e-01
  0  0   1.62e-01
  0  0   1.62e-01
  0  0   1.62e-01
  0  0   1.62e-01
  0  0   1.62e-01
  0  0   1.62e-01
  0  0   1.62e-01
  0  0   1.61e-01
  0  0   1.60e-01
  0  0   1.59e-01
  0  0   1.58e-01
  0  0   1.55e-01
  0  0   1.52e-01
  0  0   1.46e-01
  0  0   1.38e-01
  0  0   1.26e-01
  0  0   1.12e-01
  0  0   9.49e-02
  0  0   7.72e-02
  8  9   5.41e-02
  0  0   5.41e-02
  0  0   5.41e-02
  0  0   5.41e-02
  0  0   5.41e-02
  0  0   5.41e-02
  0  0   5.41e-02
  0  0   5.40e-02
  0  0   5.40e-02
  0  0   5.40e-02
  0  0   5.39e-02
  0  0   5.37e-02
  0  0   5.35e-02
  0  0   5.32e-02
  0  0   5.27e-02
  0  0   5.19e-02
  0  0   5.06e-02
  0  0   4.88e-02
  0  0   4.60e-02
  0  0   4.22e-02
  0  0   3.73e-02
  0  0   3.17e-02
  0  0   2.57e-02
 0 0 0
  1  2   4.575e-01
  1  3   5.199e-06
  1  4   4.863e+00
  1  5   4.419e-02
  1  6   8.740e+09
  1  7   4.985e+09
  1  8   0.000e+00
  1  9   6.812e+07
  2  3   7.108e-02
  2  4   1.321e+00
  2  5   6.336e+01
  2  6   2.840e+09
  2  7   2.909e+09
  2  8   1.180e+10
  2  9   1.529e+06
  3  4   1.534e-04
  3  5   0.000e+00
  3  6   0.000e+00
  3  7   3.834e+09
  3  8   0.000e+00
  3  9   3.200e+06
  4  5   5.080e+00
  4  6   9.773e+06
  4  7   6.840e+05
  4  8   0.000e+00
  4  9   4.103e+10
  5  6   0.000e+00
  5  7   1.776e+06
  5  8   0.000e+00
  5  9   2.498e+09
  6  7   0.000e+00
  6  8   0.000e+00
  6  9   0.000e+00
  7  8   0.000e+00
  7  9   0.000e+00
  8  9   0.000e+00
  1  5        0.0
  2  3     2733.0
  3  1     3827.0
  4  5    41147.0
  5  1    88206.0
  6  5   323005.0
  7  3   325476.0
  8  1   326824.0
  9  3   451383.0
