 28
** Atomic data from version 6 of the CHIANTI database **
%observed energy levels:  Martin, W. C., Sugar, J., Musgrove, A., and Dalton, G. R., 1995, 
  NIST Database for Atomic Spectroscopy, Version 1.0, NIST Standard Reference Database 61.
%comment:    18584144      Limit     
%comment: theoretical levels are the same as the observed ones.
%produced as part of the Arcetri/Cambridge/NRL atomic data base collaboration CHIANTI
%
% K.P.Dere 2001
%filename: al_13.wgfa
%energy levels: Martin, W.C., Sugar, J., Musgrove, A., Dalton, G.R., 1995, 
    NIST Database for Atomic Spectroscopy, Version 1.0, NIST Standard Reference Database 61
% A values: Parpia, F.A., Johnson, W.R., 1982, Phys.Rev.A, 26, 1142
%oscillator strengths: Wiese,W.L., Smith,M.W., Glennon,B.M., 1966, Atomic Transition Probabilities, NSRDS-NBS-4
%note: hydrogenic f values
%produced as part of the Arcetri/Cambridge/NRL 'CHIANTI' atomic data base collaboration
%  
% Ken Dere 1998

%filename: al_13.splups
%oscillator strengths: Wiese,W.L., Smith,M.W., Glennon,B.M., 1966, Atomic Transition Probabilities, NSRDS-NBS-4
%oscillator strengths: Parpia, F.A., Johnson, W.R., 1982, Phys.Rev.A, 26, 1142
%collision strengths: interpolation of R-matrix calculations of C VI, Ne X, Si XIV, Ca XX and Fe XXVI
%comment: the original data used for the interpolation were from the calculations of Aggarwal & Kingston
    (1991 to 1993). The range of temperature for which upsilons were provided was different for each
    ion, however, the interpolated results should be most reliable in the 4.2 < Log T < 6.2.
%produced as part of the Arcetri/Cambridge/NRL 'CHIANTI' atomic data base collaboration
%
%  K.P. Dere   Aug 1998
 9 23
  1  1s 2S1/2
  2  2s 2S1/2
  3  2p 2P1/2
  4  2p 2P3/2
  5  3s 2S1/2
  6  3p 2P1/2
  7  3p 2P3/2
  8  3d 2D3/2
  9  3d 2D5/2
     100.0
     158.5
     251.2
     398.1
     631.0
    1000.0
    1584.9
    2511.9
    3981.1
    6309.6
   10000.0
   15848.9
   25118.9
   39810.7
   63095.8
  100000.0
  158489.2
  251188.7
  398107.1
  630957.6
 1000000.0
 1584892.5
 2511887.0
0
  1  2   4.29e-03
  0  0   4.29e-03
  0  0   4.29e-03
  0  0   4.29e-03
  0  0   4.29e-03
  0  0   4.29e-03
  0  0   4.29e-03
  0  0   4.29e-03
  0  0   4.29e-03
  0  0   4.29e-03
  0  0   4.29e-03
  0  0   4.29e-03
  0  0   4.29e-03
  0  0   4.29e-03
  0  0   4.29e-03
  0  0   4.29e-03
  0  0   4.29e-03
  0  0   4.30e-03
  0  0   4.30e-03
  0  0   4.31e-03
  0  0   4.33e-03
  0  0   4.34e-03
  0  0   4.36e-03
  1  3   6.28e-03
  0  0   6.28e-03
  0  0   6.28e-03
  0  0   6.28e-03
  0  0   6.28e-03
  0  0   6.28e-03
  0  0   6.28e-03
  0  0   6.28e-03
  0  0   6.28e-03
  0  0   6.28e-03
  0  0   6.28e-03
  0  0   6.28e-03
  0  0   6.28e-03
  0  0   6.28e-03
  0  0   6.28e-03
  0  0   6.28e-03
  0  0   6.28e-03
  0  0   6.28e-03
  0  0   6.29e-03
  0  0   6.30e-03
  0  0   6.32e-03
  0  0   6.37e-03
  0  0   6.51e-03
  1  4   1.26e-02
  0  0   1.26e-02
  0  0   1.26e-02
  0  0   1.26e-02
  0  0   1.26e-02
  0  0   1.26e-02
  0  0   1.26e-02
  0  0   1.26e-02
  0  0   1.26e-02
  0  0   1.26e-02
  0  0   1.26e-02
  0  0   1.26e-02
  0  0   1.26e-02
  0  0   1.26e-02
  0  0   1.26e-02
  0  0   1.26e-02
  0  0   1.26e-02
  0  0   1.26e-02
  0  0   1.26e-02
  0  0   1.26e-02
  0  0   1.27e-02
  0  0   1.28e-02
  0  0   1.30e-02
  1  5   1.04e-03
  0  0   1.04e-03
  0  0   1.04e-03
  0  0   1.04e-03
  0  0   1.04e-03
  0  0   1.04e-03
  0  0   1.04e-03
  0  0   1.04e-03
  0  0   1.04e-03
  0  0   1.04e-03
  0  0   1.04e-03
  0  0   1.04e-03
  0  0   1.04e-03
  0  0   1.04e-03
  0  0   1.04e-03
  0  0   1.04e-03
  0  0   1.04e-03
  0  0   1.03e-03
  0  0   1.03e-03
  0  0   1.02e-03
  0  0   1.00e-03
  0  0   9.81e-04
  0  0   9.57e-04
  1  6   1.40e-03
  0  0   1.40e-03
  0  0   1.40e-03
  0  0   1.40e-03
  0  0   1.40e-03
  0  0   1.40e-03
  0  0   1.40e-03
  0  0   1.40e-03
  0  0   1.40e-03
  0  0   1.40e-03
  0  0   1.40e-03
  0  0   1.40e-03
  0  0   1.40e-03
  0  0   1.40e-03
  0  0   1.40e-03
  0  0   1.40e-03
  0  0   1.39e-03
  0  0   1.39e-03
  0  0   1.38e-03
  0  0   1.37e-03
  0  0   1.35e-03
  0  0   1.33e-03
  0  0   1.32e-03
  1  7   2.80e-03
  0  0   2.80e-03
  0  0   2.80e-03
  0  0   2.80e-03
  0  0   2.80e-03
  0  0   2.80e-03
  0  0   2.80e-03
  0  0   2.80e-03
  0  0   2.80e-03
  0  0   2.80e-03
  0  0   2.80e-03
  0  0   2.80e-03
  0  0   2.80e-03
  0  0   2.80e-03
  0  0   2.80e-03
  0  0   2.79e-03
  0  0   2.79e-03
  0  0   2.78e-03
  0  0   2.76e-03
  0  0   2.74e-03
  0  0   2.71e-03
  0  0   2.67e-03
  0  0   2.65e-03
  1  8   4.94e-04
  0  0   4.94e-04
  0  0   4.94e-04
  0  0   4.94e-04
  0  0   4.94e-04
  0  0   4.94e-04
  0  0   4.94e-04
  0  0   4.94e-04
  0  0   4.94e-04
  0  0   4.94e-04
  0  0   4.94e-04
  0  0   4.93e-04
  0  0   4.92e-04
  0  0   4.91e-04
  0  0   4.89e-04
  0  0   4.86e-04
  0  0   4.82e-04
  0  0   4.75e-04
  0  0   4.64e-04
  0  0   4.48e-04
  0  0   4.24e-04
  0  0   3.91e-04
  0  0   3.52e-04
  1  9   7.43e-04
  0  0   7.43e-04
  0  0   7.43e-04
  0  0   7.43e-04
  0  0   7.43e-04
  0  0   7.42e-04
  0  0   7.42e-04
  0  0   7.42e-04
  0  0   7.42e-04
  0  0   7.42e-04
  0  0   7.41e-04
  0  0   7.41e-04
  0  0   7.40e-04
  0  0   7.38e-04
  0  0   7.35e-04
  0  0   7.31e-04
  0  0   7.24e-04
  0  0   7.13e-04
  0  0   6.97e-04
  0  0   6.72e-04
  0  0   6.36e-04
  0  0   5.87e-04
  0  0   5.28e-04
  2  5   4.19e-02
  0  0   4.19e-02
  0  0   4.19e-02
  0  0   4.19e-02
  0  0   4.19e-02
  0  0   4.19e-02
  0  0   4.19e-02
  0  0   4.19e-02
  0  0   4.19e-02
  0  0   4.19e-02
  0  0   4.20e-02
  0  0   4.20e-02
  0  0   4.21e-02
  0  0   4.22e-02
  0  0   4.24e-02
  0  0   4.27e-02
  0  0   4.31e-02
  0  0   4.37e-02
  0  0   4.45e-02
  0  0   4.55e-02
  0  0   4.63e-02
  0  0   4.70e-02
  0  0   4.78e-02
  2  6   1.77e-02
  0  0   1.77e-02
  0  0   1.77e-02
  0  0   1.77e-02
  0  0   1.77e-02
  0  0   1.77e-02
  0  0   1.77e-02
  0  0   1.78e-02
  0  0   1.78e-02
  0  0   1.78e-02
  0  0   1.78e-02
  0  0   1.79e-02
  0  0   1.79e-02
  0  0   1.81e-02
  0  0   1.82e-02
  0  0   1.85e-02
  0  0   1.89e-02
  0  0   1.95e-02
  0  0   2.04e-02
  0  0   2.13e-02
  0  0   2.23e-02
  0  0   2.36e-02
  0  0   2.59e-02
  2  7   3.55e-02
  0  0   3.55e-02
  0  0   3.55e-02
  0  0   3.55e-02
  0  0   3.56e-02
  0  0   3.56e-02
  0  0   3.56e-02
  0  0   3.56e-02
  0  0   3.56e-02
  0  0   3.56e-02
  0  0   3.57e-02
  0  0   3.58e-02
  0  0   3.59e-02
  0  0   3.62e-02
  0  0   3.65e-02
  0  0   3.71e-02
  0  0   3.79e-02
  0  0   3.91e-02
  0  0   4.07e-02
  0  0   4.26e-02
  0  0   4.47e-02
  0  0   4.73e-02
  0  0   5.18e-02
  2  8   3.57e-02
  0  0   3.57e-02
  0  0   3.57e-02
  0  0   3.57e-02
  0  0   3.57e-02
  0  0   3.58e-02
  0  0   3.58e-02
  0  0   3.58e-02
  0  0   3.58e-02
  0  0   3.59e-02
  0  0   3.60e-02
  0  0   3.61e-02
  0  0   3.63e-02
  0  0   3.66e-02
  0  0   3.71e-02
  0  0   3.79e-02
  0  0   3.90e-02
  0  0   4.04e-02
  0  0   4.21e-02
  0  0   4.35e-02
  0  0   4.41e-02
  0  0   4.47e-02
  0  0   4.60e-02
  2  9   5.41e-02
  0  0   5.41e-02
  0  0   5.41e-02
  0  0   5.41e-02
  0  0   5.41e-02
  0  0   5.41e-02
  0  0   5.41e-02
  0  0   5.42e-02
  0  0   5.42e-02
  0  0   5.43e-02
  0  0   5.44e-02
  0  0   5.46e-02
  0  0   5.49e-02
  0  0   5.53e-02
  0  0   5.61e-02
  0  0   5.71e-02
  0  0   5.87e-02
  0  0   6.08e-02
  0  0   6.32e-02
  0  0   6.51e-02
  0  0   6.61e-02
  0  0   6.71e-02
  0  0   6.91e-02
 0 0 0
  1  2   3.474e+05
 -1 -2   3.949e+07
  1  3   1.795e+13
  1  4   1.801e+13
  1  5   0.000e+00
  1  6   4.795e+12
  1  7   4.804e+12
  1  8   0.000e+00
  1  9   0.000e+00
  2  3   0.000e+00
  2  4   0.000e+00
  2  5   0.000e+00
  2  6   6.450e+11
  2  7   6.475e+11
  2  8   0.000e+00
  2  9   0.000e+00
  3  4   0.000e+00
  3  5   6.055e+10
  3  6   0.000e+00
  3  7   0.000e+00
  3  8   1.554e+12
  3  9   0.000e+00
  4  5   1.201e+11
  4  6   0.000e+00
  4  7   0.000e+00
  4  8   3.082e+11
  4  9   1.851e+12
  5  6   0.000e+00
  5  7   0.000e+00
  5  8   0.000e+00
  5  9   0.000e+00
  6  7   0.000e+00
  6  8   0.000e+00
  6  9   0.000e+00
  7  8   0.000e+00
  7  9   0.000e+00
  8  9   0.000e+00
  1  2        0.0
  2  2 13935134.0
  3  2 13934724.9
  4  4 13945238.5
  5  2 16519027.0
  6  2 16518905.0
  7  4 16522020.0
  8  4 16522015.0
  9  6 16523049.0
