2
 Upsilons from Mendoza (1983, Proc. IAU Symp.103,p.143)
 Aij's from Mendoza & Zeippen (MNRAS,199,1025,1982)
 5 4 0
 3P0
 3P1
 3P2
 1D2
 1S0
 5000
 10000
 15000
 20000
0
      1     2   .257
      0   0   .257
      0   0   .257
      0   0   .257
      1     3   1.24E-6
       0    0   1.24E-6
       0    0   1.24E-6
       0    0   1.24E-6
      1     4   0.4856E+00    5000.0
      0  0   0.4133E+00   10000.0
      0  0   0.3911E+00   15000.0
      0  0   0.3800E+00   20000.0
      1     5   0.1300E+00    5000.0
      0  0   0.1311E+00   10000.0
      0  0   0.1233E+00   15000.0
      0  0   0.1144E+00   20000.0
      2     3   1.04
       0    0   1.04
       0    0   1.04
       0    0   1.04
      2     4   0.1457E+01    5000.0
      0  0   0.1240E+01   10000.0
      0  0   0.1173E+01   15000.0
      0  0   0.1140E+01   20000.0
      2     5   0.3900E+00    5000.0
      0  0   0.3933E+00   10000.0
      0  0   0.3700E+00   15000.0
      0  0   0.3433E+00   20000.0
      3     4   0.2428E+01    5000.0
      0  0   0.2067E+01   10000.0
      0  0   0.1956E+01   15000.0
      0  0   0.1900E+01   20000.0
      3     5   0.6500E+00    5000.0
      0  0   0.6556E+00   10000.0
      0  0   0.6167E+00   15000.0
      0  0   0.5722E+00   20000.0
      4     5  1.26
      0    0   1.25
      0    0   1.24
      0    0   1.23
 0 0 0
 1  2  7.99E-3
 1  3  1.24E-6
 1  4  3.5E-5
 1  5  0.
 2  3  2.72E-2
 2  4  .201
 2  5  6.55
 3  4  .476
 3  5  5.69E-2
 4  5  3.29
 1  1  0.
 2  3  763.9
 3  5  2029.2
 4  5  16299.4
 5  1  37912.5
