 26
** Atomic data from version 6 of the CHIANTI database **
%Observed energy levels (1 - 15): Edlen, 1984, Phys.Scripta, 30, 135
%Observed energy levels (n=3): NIST Database for Atomic Spectroscopy, Version 2.0, 1999, NIST Standard Reference Database # 78
%Theoretical energy levels: Eissner, Landi & Bhatia 2005, ADNDT, 89, 195
%comment: theoretical energy levels come from the 24-configuration calculation in Eissner, Landi & Bhatia (2005)
% produced as part of the Arcetri/Cambridge/NRL 'CHIANTI' atomic data base collaboration
% 
% Enrico Landi - Oct 2003
%filename: ar_12.wgfa
%Observed energy levels (1 - 15): Edlen, 1984, Phys.Scripta, 30, 135
%Observed energy levels (n=3): NIST Database for Atomic Spectroscopy, Version 2.0, 1999, NIST Standard Reference Database # 78
%Theoretical energy levels: Eissner, Landi & Bhatia 2005, ADNDT, 89, 195
%A and gf values: Eissner, Landi & Bhatia 2005, ADNDT, 89, 195
%comment: theoretical energy levels and all radiative data come from the 24-configuration calculation in Eissner et al (2005)
% produced as part of the Arcetri/Cambridge/NRL 'CHIANTI' atomic data base collaboration
%
% Enrico Landi - Oct 2003

%filename: ar_12.splups
%Oscillator strengths: Eissner, Landi & Bhatia 2005, ADNDT, 89, 195
%Collision strengths: Eissner, Landi & Bhatia 2005, ADNDT, 89, 195
%comment: oscillator strengths have been taken from the 6-configuration model of Eissner et al.
    (2005) for consistency with the collisional calculation
%produced as part of the Arcetri/Cambridge/NRL 'CHIANTI' atomic data base collaboration
%
% E. Landi - Oct 2003
13 23
  1  2s2.2p3 4S3/2
  2  2s2.2p3 2D3/2
  3  2s2.2p3 2D5/2
  4  2s2.2p3 2P1/2
  5  2s2.2p3 2P3/2
  6  2s.2p4 4P5/2
  7  2s.2p4 4P3/2
  8  2s.2p4 4P1/2
  9  2s.2p4 2D3/2
 10  2s.2p4 2D5/2
 11  2s.2p4 2S1/2
 12  2s.2p4 2P3/2
 13  2s.2p4 2P1/2
     100.0
     158.5
     251.2
     398.1
     631.0
    1000.0
    1584.9
    2511.9
    3981.1
    6309.6
   10000.0
   15848.9
   25118.9
   39810.7
   63095.8
  100000.0
  158489.2
  251188.7
  398107.1
  630957.6
 1000000.0
 1584892.5
 2511887.0
0
  1  2   6.14e-02
  0  0   6.14e-02
  0  0   6.14e-02
  0  0   6.14e-02
  0  0   6.14e-02
  0  0   6.14e-02
  0  0   6.14e-02
  0  0   6.14e-02
  0  0   6.14e-02
  0  0   6.14e-02
  0  0   6.13e-02
  0  0   6.13e-02
  0  0   6.12e-02
  0  0   6.11e-02
  0  0   6.10e-02
  0  0   6.07e-02
  0  0   6.04e-02
  0  0   5.98e-02
  0  0   5.89e-02
  0  0   5.75e-02
  0  0   5.54e-02
  0  0   5.23e-02
  0  0   4.81e-02
  1  3   8.86e-02
  0  0   8.86e-02
  0  0   8.86e-02
  0  0   8.86e-02
  0  0   8.86e-02
  0  0   8.86e-02
  0  0   8.86e-02
  0  0   8.86e-02
  0  0   8.86e-02
  0  0   8.86e-02
  0  0   8.85e-02
  0  0   8.85e-02
  0  0   8.84e-02
  0  0   8.83e-02
  0  0   8.80e-02
  0  0   8.77e-02
  0  0   8.72e-02
  0  0   8.63e-02
  0  0   8.51e-02
  0  0   8.31e-02
  0  0   8.01e-02
  0  0   7.58e-02
  0  0   6.98e-02
  1  4   1.85e-02
  0  0   1.85e-02
  0  0   1.85e-02
  0  0   1.85e-02
  0  0   1.85e-02
  0  0   1.85e-02
  0  0   1.85e-02
  0  0   1.85e-02
  0  0   1.85e-02
  0  0   1.85e-02
  0  0   1.85e-02
  0  0   1.84e-02
  0  0   1.84e-02
  0  0   1.84e-02
  0  0   1.83e-02
  0  0   1.83e-02
  0  0   1.81e-02
  0  0   1.80e-02
  0  0   1.77e-02
  0  0   1.72e-02
  0  0   1.65e-02
  0  0   1.56e-02
  0  0   1.42e-02
  1  5   3.50e-02
  0  0   3.50e-02
  0  0   3.50e-02
  0  0   3.50e-02
  0  0   3.50e-02
  0  0   3.50e-02
  0  0   3.50e-02
  0  0   3.50e-02
  0  0   3.50e-02
  0  0   3.50e-02
  0  0   3.50e-02
  0  0   3.50e-02
  0  0   3.49e-02
  0  0   3.49e-02
  0  0   3.48e-02
  0  0   3.46e-02
  0  0   3.44e-02
  0  0   3.41e-02
  0  0   3.35e-02
  0  0   3.26e-02
  0  0   3.14e-02
  0  0   2.95e-02
  0  0   2.70e-02
  1  6   6.65e-01
  0  0   6.65e-01
  0  0   6.65e-01
  0  0   6.65e-01
  0  0   6.65e-01
  0  0   6.65e-01
  0  0   6.65e-01
  0  0   6.65e-01
  0  0   6.66e-01
  0  0   6.66e-01
  0  0   6.67e-01
  0  0   6.69e-01
  0  0   6.72e-01
  0  0   6.76e-01
  0  0   6.82e-01
  0  0   6.92e-01
  0  0   7.07e-01
  0  0   7.30e-01
  0  0   7.62e-01
  0  0   8.07e-01
  0  0   8.65e-01
  0  0   9.37e-01
  0  0   1.02e+00
  1  7   4.51e-01
  0  0   4.51e-01
  0  0   4.51e-01
  0  0   4.51e-01
  0  0   4.51e-01
  0  0   4.51e-01
  0  0   4.51e-01
  0  0   4.52e-01
  0  0   4.52e-01
  0  0   4.52e-01
  0  0   4.53e-01
  0  0   4.54e-01
  0  0   4.56e-01
  0  0   4.58e-01
  0  0   4.63e-01
  0  0   4.69e-01
  0  0   4.79e-01
  0  0   4.93e-01
  0  0   5.14e-01
  0  0   5.43e-01
  0  0   5.81e-01
  0  0   6.28e-01
  0  0   6.83e-01
  1  8   2.29e-01
  0  0   2.29e-01
  0  0   2.29e-01
  0  0   2.29e-01
  0  0   2.29e-01
  0  0   2.29e-01
  0  0   2.29e-01
  0  0   2.29e-01
  0  0   2.29e-01
  0  0   2.29e-01
  0  0   2.29e-01
  0  0   2.30e-01
  0  0   2.31e-01
  0  0   2.32e-01
  0  0   2.34e-01
  0  0   2.37e-01
  0  0   2.42e-01
  0  0   2.50e-01
  0  0   2.60e-01
  0  0   2.74e-01
  0  0   2.93e-01
  0  0   3.17e-01
  0  0   3.44e-01
  1  9   6.80e-04
  0  0   6.80e-04
  0  0   6.80e-04
  0  0   6.80e-04
  0  0   6.80e-04
  0  0   6.80e-04
  0  0   6.80e-04
  0  0   6.80e-04
  0  0   6.80e-04
  0  0   6.80e-04
  0  0   6.80e-04
  0  0   6.80e-04
  0  0   6.79e-04
  0  0   6.79e-04
  0  0   6.78e-04
  0  0   6.77e-04
  0  0   6.75e-04
  0  0   6.71e-04
  0  0   6.66e-04
  0  0   6.59e-04
  0  0   6.47e-04
  0  0   6.30e-04
  0  0   6.06e-04
  1 10   3.17e-04
  0  0   3.17e-04
  0  0   3.17e-04
  0  0   3.17e-04
  0  0   3.17e-04
  0  0   3.17e-04
  0  0   3.17e-04
  0  0   3.17e-04
  0  0   3.17e-04
  0  0   3.17e-04
  0  0   3.16e-04
  0  0   3.16e-04
  0  0   3.16e-04
  0  0   3.15e-04
  0  0   3.15e-04
  0  0   3.13e-04
  0  0   3.11e-04
  0  0   3.08e-04
  0  0   3.03e-04
  0  0   2.95e-04
  0  0   2.84e-04
  0  0   2.67e-04
  0  0   2.44e-04
  1 11   1.51e-03
  0  0   1.51e-03
  0  0   1.51e-03
  0  0   1.51e-03
  0  0   1.51e-03
  0  0   1.51e-03
  0  0   1.51e-03
  0  0   1.51e-03
  0  0   1.51e-03
  0  0   1.51e-03
  0  0   1.51e-03
  0  0   1.51e-03
  0  0   1.51e-03
  0  0   1.51e-03
  0  0   1.51e-03
  0  0   1.51e-03
  0  0   1.51e-03
  0  0   1.51e-03
  0  0   1.50e-03
  0  0   1.50e-03
  0  0   1.50e-03
  0  0   1.50e-03
  0  0   1.49e-03
  1 12   2.23e-02
  0  0   2.23e-02
  0  0   2.23e-02
  0  0   2.23e-02
  0  0   2.23e-02
  0  0   2.23e-02
  0  0   2.23e-02
  0  0   2.23e-02
  0  0   2.23e-02
  0  0   2.22e-02
  0  0   2.22e-02
  0  0   2.22e-02
  0  0   2.22e-02
  0  0   2.22e-02
  0  0   2.22e-02
  0  0   2.21e-02
  0  0   2.20e-02
  0  0   2.18e-02
  0  0   2.16e-02
  0  0   2.12e-02
  0  0   2.06e-02
  0  0   1.98e-02
  0  0   1.86e-02
  1 13   8.43e-03
  0  0   8.43e-03
  0  0   8.43e-03
  0  0   8.43e-03
  0  0   8.43e-03
  0  0   8.43e-03
  0  0   8.43e-03
  0  0   8.43e-03
  0  0   8.43e-03
  0  0   8.42e-03
  0  0   8.42e-03
  0  0   8.42e-03
  0  0   8.41e-03
  0  0   8.40e-03
  0  0   8.38e-03
  0  0   8.35e-03
  0  0   8.30e-03
  0  0   8.23e-03
  0  0   8.12e-03
  0  0   7.94e-03
  0  0   7.68e-03
  0  0   7.29e-03
  0  0   6.74e-03
  2  3   1.29e-01
  0  0   1.29e-01
  0  0   1.29e-01
  0  0   1.29e-01
  0  0   1.29e-01
  0  0   1.29e-01
  0  0   1.29e-01
  0  0   1.29e-01
  0  0   1.29e-01
  0  0   1.29e-01
  0  0   1.29e-01
  0  0   1.29e-01
  0  0   1.29e-01
  0  0   1.29e-01
  0  0   1.29e-01
  0  0   1.28e-01
  0  0   1.28e-01
  0  0   1.27e-01
  0  0   1.25e-01
  0  0   1.23e-01
  0  0   1.20e-01
  0  0   1.16e-01
  0  0   1.09e-01
  2  4   4.53e-02
  0  0   4.53e-02
  0  0   4.53e-02
  0  0   4.53e-02
  0  0   4.53e-02
  0  0   4.53e-02
  0  0   4.53e-02
  0  0   4.53e-02
  0  0   4.53e-02
  0  0   4.53e-02
  0  0   4.53e-02
  0  0   4.53e-02
  0  0   4.53e-02
  0  0   4.53e-02
  0  0   4.53e-02
  0  0   4.54e-02
  0  0   4.55e-02
  0  0   4.56e-02
  0  0   4.58e-02
  0  0   4.61e-02
  0  0   4.66e-02
  0  0   4.73e-02
  0  0   4.83e-02
  2  5   5.59e-02
  0  0   5.59e-02
  0  0   5.59e-02
  0  0   5.59e-02
  0  0   5.59e-02
  0  0   5.59e-02
  0  0   5.59e-02
  0  0   5.59e-02
  0  0   5.59e-02
  0  0   5.59e-02
  0  0   5.59e-02
  0  0   5.59e-02
  0  0   5.59e-02
  0  0   5.59e-02
  0  0   5.58e-02
  0  0   5.58e-02
  0  0   5.57e-02
  0  0   5.56e-02
  0  0   5.54e-02
  0  0   5.51e-02
  0  0   5.46e-02
  0  0   5.40e-02
  0  0   5.31e-02
  2  6   1.37e-02
  0  0   1.37e-02
  0  0   1.37e-02
  0  0   1.37e-02
  0  0   1.37e-02
  0  0   1.37e-02
  0  0   1.37e-02
  0  0   1.37e-02
  0  0   1.37e-02
  0  0   1.37e-02
  0  0   1.37e-02
  0  0   1.37e-02
  0  0   1.37e-02
  0  0   1.37e-02
  0  0   1.36e-02
  0  0   1.36e-02
  0  0   1.36e-02
  0  0   1.35e-02
  0  0   1.34e-02
  0  0   1.32e-02
  0  0   1.29e-02
  0  0   1.25e-02
  0  0   1.18e-02
  2  7   1.28e-02
  0  0   1.28e-02
  0  0   1.28e-02
  0  0   1.28e-02
  0  0   1.28e-02
  0  0   1.28e-02
  0  0   1.28e-02
  0  0   1.28e-02
  0  0   1.28e-02
  0  0   1.28e-02
  0  0   1.28e-02
  0  0   1.28e-02
  0  0   1.28e-02
  0  0   1.28e-02
  0  0   1.27e-02
  0  0   1.27e-02
  0  0   1.26e-02
  0  0   1.25e-02
  0  0   1.23e-02
  0  0   1.20e-02
  0  0   1.16e-02
  0  0   1.10e-02
  0  0   1.01e-02
  2  8   7.66e-03
  0  0   7.66e-03
  0  0   7.66e-03
  0  0   7.66e-03
  0  0   7.66e-03
  0  0   7.66e-03
  0  0   7.66e-03
  0  0   7.66e-03
  0  0   7.66e-03
  0  0   7.66e-03
  0  0   7.65e-03
  0  0   7.65e-03
  0  0   7.64e-03
  0  0   7.63e-03
  0  0   7.62e-03
  0  0   7.59e-03
  0  0   7.55e-03
  0  0   7.49e-03
  0  0   7.39e-03
  0  0   7.23e-03
  0  0   7.00e-03
  0  0   6.66e-03
  0  0   6.18e-03
  2  9   6.57e-01
  0  0   6.57e-01
  0  0   6.57e-01
  0  0   6.57e-01
  0  0   6.57e-01
  0  0   6.57e-01
  0  0   6.57e-01
  0  0   6.57e-01
  0  0   6.58e-01
  0  0   6.58e-01
  0  0   6.59e-01
  0  0   6.61e-01
  0  0   6.63e-01
  0  0   6.66e-01
  0  0   6.71e-01
  0  0   6.79e-01
  0  0   6.92e-01
  0  0   7.11e-01
  0  0   7.38e-01
  0  0   7.76e-01
  0  0   8.28e-01
  0  0   8.93e-01
  0  0   9.71e-01
  2 10   3.08e-02
  0  0   3.08e-02
  0  0   3.08e-02
  0  0   3.08e-02
  0  0   3.08e-02
  0  0   3.08e-02
  0  0   3.08e-02
  0  0   3.08e-02
  0  0   3.08e-02
  0  0   3.09e-02
  0  0   3.09e-02
  0  0   3.09e-02
  0  0   3.10e-02
  0  0   3.11e-02
  0  0   3.13e-02
  0  0   3.15e-02
  0  0   3.19e-02
  0  0   3.24e-02
  0  0   3.31e-02
  0  0   3.40e-02
  0  0   3.50e-02
  0  0   3.59e-02
  0  0   3.66e-02
  2 11   9.21e-02
  0  0   9.21e-02
  0  0   9.21e-02
  0  0   9.21e-02
  0  0   9.21e-02
  0  0   9.21e-02
  0  0   9.21e-02
  0  0   9.21e-02
  0  0   9.22e-02
  0  0   9.22e-02
  0  0   9.23e-02
  0  0   9.25e-02
  0  0   9.27e-02
  0  0   9.31e-02
  0  0   9.37e-02
  0  0   9.46e-02
  0  0   9.60e-02
  0  0   9.82e-02
  0  0   1.01e-01
  0  0   1.06e-01
  0  0   1.12e-01
  0  0   1.20e-01
  0  0   1.30e-01
  2 12   1.89e-01
  0  0   1.89e-01
  0  0   1.89e-01
  0  0   1.89e-01
  0  0   1.89e-01
  0  0   1.89e-01
  0  0   1.89e-01
  0  0   1.89e-01
  0  0   1.89e-01
  0  0   1.89e-01
  0  0   1.89e-01
  0  0   1.89e-01
  0  0   1.90e-01
  0  0   1.91e-01
  0  0   1.92e-01
  0  0   1.94e-01
  0  0   1.96e-01
  0  0   2.01e-01
  0  0   2.07e-01
  0  0   2.16e-01
  0  0   2.28e-01
  0  0   2.45e-01
  0  0   2.65e-01
  2 13   3.45e-01
  0  0   3.45e-01
  0  0   3.45e-01
  0  0   3.45e-01
  0  0   3.45e-01
  0  0   3.45e-01
  0  0   3.45e-01
  0  0   3.45e-01
  0  0   3.45e-01
  0  0   3.45e-01
  0  0   3.46e-01
  0  0   3.46e-01
  0  0   3.47e-01
  0  0   3.48e-01
  0  0   3.50e-01
  0  0   3.54e-01
  0  0   3.59e-01
  0  0   3.66e-01
  0  0   3.77e-01
  0  0   3.94e-01
  0  0   4.16e-01
  0  0   4.45e-01
  0  0   4.81e-01
  3  4   4.51e-02
  0  0   4.51e-02
  0  0   4.51e-02
  0  0   4.51e-02
  0  0   4.51e-02
  0  0   4.51e-02
  0  0   4.51e-02
  0  0   4.51e-02
  0  0   4.51e-02
  0  0   4.51e-02
  0  0   4.51e-02
  0  0   4.51e-02
  0  0   4.51e-02
  0  0   4.51e-02
  0  0   4.51e-02
  0  0   4.51e-02
  0  0   4.51e-02
  0  0   4.50e-02
  0  0   4.50e-02
  0  0   4.49e-02
  0  0   4.48e-02
  0  0   4.46e-02
  0  0   4.44e-02
  3  5   1.18e-01
  0  0   1.18e-01
  0  0   1.18e-01
  0  0   1.18e-01
  0  0   1.18e-01
  0  0   1.18e-01
  0  0   1.18e-01
  0  0   1.18e-01
  0  0   1.18e-01
  0  0   1.18e-01
  0  0   1.18e-01
  0  0   1.18e-01
  0  0   1.18e-01
  0  0   1.18e-01
  0  0   1.19e-01
  0  0   1.19e-01
  0  0   1.19e-01
  0  0   1.19e-01
  0  0   1.19e-01
  0  0   1.20e-01
  0  0   1.20e-01
  0  0   1.21e-01
  0  0   1.23e-01
  3  6   3.45e-02
  0  0   3.45e-02
  0  0   3.45e-02
  0  0   3.45e-02
  0  0   3.45e-02
  0  0   3.45e-02
  0  0   3.45e-02
  0  0   3.45e-02
  0  0   3.45e-02
  0  0   3.45e-02
  0  0   3.45e-02
  0  0   3.45e-02
  0  0   3.45e-02
  0  0   3.44e-02
  0  0   3.44e-02
  0  0   3.43e-02
  0  0   3.41e-02
  0  0   3.39e-02
  0  0   3.35e-02
  0  0   3.30e-02
  0  0   3.21e-02
  0  0   3.08e-02
  0  0   2.90e-02
  3  7   9.82e-03
  0  0   9.82e-03
  0  0   9.82e-03
  0  0   9.82e-03
  0  0   9.82e-03
  0  0   9.82e-03
  0  0   9.82e-03
  0  0   9.82e-03
  0  0   9.82e-03
  0  0   9.81e-03
  0  0   9.81e-03
  0  0   9.81e-03
  0  0   9.80e-03
  0  0   9.78e-03
  0  0   9.76e-03
  0  0   9.73e-03
  0  0   9.68e-03
  0  0   9.59e-03
  0  0   9.46e-03
  0  0   9.26e-03
  0  0   8.96e-03
  0  0   8.51e-03
  0  0   7.87e-03
  3  8   1.29e-03
  0  0   1.29e-03
  0  0   1.29e-03
  0  0   1.29e-03
  0  0   1.29e-03
  0  0   1.29e-03
  0  0   1.29e-03
  0  0   1.29e-03
  0  0   1.29e-03
  0  0   1.29e-03
  0  0   1.29e-03
  0  0   1.29e-03
  0  0   1.29e-03
  0  0   1.28e-03
  0  0   1.28e-03
  0  0   1.28e-03
  0  0   1.27e-03
  0  0   1.26e-03
  0  0   1.24e-03
  0  0   1.21e-03
  0  0   1.16e-03
  0  0   1.10e-03
  0  0   1.01e-03
  3  9   5.89e-02
  0  0   5.89e-02
  0  0   5.89e-02
  0  0   5.89e-02
  0  0   5.89e-02
  0  0   5.89e-02
  0  0   5.89e-02
  0  0   5.89e-02
  0  0   5.89e-02
  0  0   5.90e-02
  0  0   5.90e-02
  0  0   5.91e-02
  0  0   5.93e-02
  0  0   5.95e-02
  0  0   5.99e-02
  0  0   6.05e-02
  0  0   6.13e-02
  0  0   6.25e-02
  0  0   6.43e-02
  0  0   6.66e-02
  0  0   6.94e-02
  0  0   7.26e-02
  0  0   7.58e-02
  3 10   9.36e-01
  0  0   9.36e-01
  0  0   9.36e-01
  0  0   9.36e-01
  0  0   9.36e-01
  0  0   9.36e-01
  0  0   9.37e-01
  0  0   9.37e-01
  0  0   9.37e-01
  0  0   9.38e-01
  0  0   9.39e-01
  0  0   9.41e-01
  0  0   9.44e-01
  0  0   9.49e-01
  0  0   9.57e-01
  0  0   9.68e-01
  0  0   9.86e-01
  0  0   1.01e+00
  0  0   1.05e+00
  0  0   1.11e+00
  0  0   1.18e+00
  0  0   1.27e+00
  0  0   1.38e+00
  3 11   3.69e-04
  0  0   3.69e-04
  0  0   3.69e-04
  0  0   3.69e-04
  0  0   3.69e-04
  0  0   3.69e-04
  0  0   3.69e-04
  0  0   3.69e-04
  0  0   3.69e-04
  0  0   3.69e-04
  0  0   3.69e-04
  0  0   3.69e-04
  0  0   3.68e-04
  0  0   3.68e-04
  0  0   3.67e-04
  0  0   3.66e-04
  0  0   3.65e-04
  0  0   3.62e-04
  0  0   3.58e-04
  0  0   3.51e-04
  0  0   3.42e-04
  0  0   3.27e-04
  0  0   3.07e-04
  3 12   1.02e+00
  0  0   1.02e+00
  0  0   1.02e+00
  0  0   1.02e+00
  0  0   1.02e+00
  0  0   1.02e+00
  0  0   1.02e+00
  0  0   1.02e+00
  0  0   1.02e+00
  0  0   1.02e+00
  0  0   1.02e+00
  0  0   1.02e+00
  0  0   1.02e+00
  0  0   1.03e+00
  0  0   1.03e+00
  0  0   1.04e+00
  0  0   1.06e+00
  0  0   1.08e+00
  0  0   1.12e+00
  0  0   1.17e+00
  0  0   1.23e+00
  0  0   1.32e+00
  0  0   1.43e+00
  3 13   2.46e-03
  0  0   2.46e-03
  0  0   2.46e-03
  0  0   2.46e-03
  0  0   2.46e-03
  0  0   2.46e-03
  0  0   2.46e-03
  0  0   2.46e-03
  0  0   2.46e-03
  0  0   2.46e-03
  0  0   2.46e-03
  0  0   2.46e-03
  0  0   2.46e-03
  0  0   2.45e-03
  0  0   2.45e-03
  0  0   2.44e-03
  0  0   2.42e-03
  0  0   2.40e-03
  0  0   2.36e-03
  0  0   2.31e-03
  0  0   2.23e-03
  0  0   2.11e-03
  0  0   1.93e-03
  4  5   4.57e-02
  0  0   4.57e-02
  0  0   4.57e-02
  0  0   4.57e-02
  0  0   4.57e-02
  0  0   4.57e-02
  0  0   4.57e-02
  0  0   4.57e-02
  0  0   4.57e-02
  0  0   4.57e-02
  0  0   4.57e-02
  0  0   4.57e-02
  0  0   4.56e-02
  0  0   4.56e-02
  0  0   4.55e-02
  0  0   4.53e-02
  0  0   4.51e-02
  0  0   4.47e-02
  0  0   4.42e-02
  0  0   4.33e-02
  0  0   4.19e-02
  0  0   4.00e-02
  0  0   3.71e-02
  4  6   4.07e-03
  0  0   4.07e-03
  0  0   4.07e-03
  0  0   4.07e-03
  0  0   4.07e-03
  0  0   4.07e-03
  0  0   4.07e-03
  0  0   4.07e-03
  0  0   4.07e-03
  0  0   4.07e-03
  0  0   4.07e-03
  0  0   4.06e-03
  0  0   4.06e-03
  0  0   4.05e-03
  0  0   4.04e-03
  0  0   4.03e-03
  0  0   4.00e-03
  0  0   3.97e-03
  0  0   3.91e-03
  0  0   3.82e-03
  0  0   3.68e-03
  0  0   3.49e-03
  0  0   3.21e-03
  4  7   8.26e-03
  0  0   8.26e-03
  0  0   8.26e-03
  0  0   8.26e-03
  0  0   8.26e-03
  0  0   8.26e-03
  0  0   8.26e-03
  0  0   8.26e-03
  0  0   8.26e-03
  0  0   8.25e-03
  0  0   8.25e-03
  0  0   8.25e-03
  0  0   8.24e-03
  0  0   8.23e-03
  0  0   8.21e-03
  0  0   8.18e-03
  0  0   8.13e-03
  0  0   8.05e-03
  0  0   7.94e-03
  0  0   7.76e-03
  0  0   7.49e-03
  0  0   7.09e-03
  0  0   6.54e-03
  4  8   6.98e-03
  0  0   6.98e-03
  0  0   6.98e-03
  0  0   6.98e-03
  0  0   6.98e-03
  0  0   6.98e-03
  0  0   6.98e-03
  0  0   6.98e-03
  0  0   6.98e-03
  0  0   6.98e-03
  0  0   6.98e-03
  0  0   6.97e-03
  0  0   6.97e-03
  0  0   6.96e-03
  0  0   6.95e-03
  0  0   6.93e-03
  0  0   6.90e-03
  0  0   6.85e-03
  0  0   6.78e-03
  0  0   6.66e-03
  0  0   6.49e-03
  0  0   6.23e-03
  0  0   5.87e-03
  4  9   1.00e-01
  0  0   1.00e-01
  0  0   1.00e-01
  0  0   1.00e-01
  0  0   1.00e-01
  0  0   1.00e-01
  0  0   1.00e-01
  0  0   1.00e-01
  0  0   1.00e-01
  0  0   1.00e-01
  0  0   1.00e-01
  0  0   1.01e-01
  0  0   1.01e-01
  0  0   1.02e-01
  0  0   1.02e-01
  0  0   1.04e-01
  0  0   1.06e-01
  0  0   1.09e-01
  0  0   1.14e-01
  0  0   1.20e-01
  0  0   1.28e-01
  0  0   1.39e-01
  0  0   1.51e-01
  4 10   1.04e-02
  0  0   1.04e-02
  0  0   1.04e-02
  0  0   1.04e-02
  0  0   1.04e-02
  0  0   1.04e-02
  0  0   1.04e-02
  0  0   1.04e-02
  0  0   1.04e-02
  0  0   1.04e-02
  0  0   1.04e-02
  0  0   1.04e-02
  0  0   1.04e-02
  0  0   1.04e-02
  0  0   1.04e-02
  0  0   1.03e-02
  0  0   1.03e-02
  0  0   1.02e-02
  0  0   1.00e-02
  0  0   9.79e-03
  0  0   9.44e-03
  0  0   8.94e-03
  0  0   8.24e-03
  4 11   2.36e-01
  0  0   2.36e-01
  0  0   2.36e-01
  0  0   2.36e-01
  0  0   2.36e-01
  0  0   2.36e-01
  0  0   2.36e-01
  0  0   2.36e-01
  0  0   2.36e-01
  0  0   2.36e-01
  0  0   2.37e-01
  0  0   2.37e-01
  0  0   2.38e-01
  0  0   2.39e-01
  0  0   2.41e-01
  0  0   2.43e-01
  0  0   2.47e-01
  0  0   2.53e-01
  0  0   2.62e-01
  0  0   2.75e-01
  0  0   2.92e-01
  0  0   3.15e-01
  0  0   3.42e-01
  4 12   7.85e-02
  0  0   7.85e-02
  0  0   7.85e-02
  0  0   7.85e-02
  0  0   7.85e-02
  0  0   7.86e-02
  0  0   7.86e-02
  0  0   7.86e-02
  0  0   7.86e-02
  0  0   7.87e-02
  0  0   7.88e-02
  0  0   7.89e-02
  0  0   7.91e-02
  0  0   7.94e-02
  0  0   8.00e-02
  0  0   8.08e-02
  0  0   8.20e-02
  0  0   8.39e-02
  0  0   8.67e-02
  0  0   9.06e-02
  0  0   9.60e-02
  0  0   1.03e-01
  0  0   1.11e-01
  4 13   7.12e-02
  0  0   7.12e-02
  0  0   7.12e-02
  0  0   7.12e-02
  0  0   7.13e-02
  0  0   7.13e-02
  0  0   7.13e-02
  0  0   7.13e-02
  0  0   7.13e-02
  0  0   7.14e-02
  0  0   7.14e-02
  0  0   7.16e-02
  0  0   7.18e-02
  0  0   7.21e-02
  0  0   7.25e-02
  0  0   7.32e-02
  0  0   7.44e-02
  0  0   7.61e-02
  0  0   7.86e-02
  0  0   8.21e-02
  0  0   8.71e-02
  0  0   9.35e-02
  0  0   1.01e-01
  5  6   1.83e-02
  0  0   1.83e-02
  0  0   1.83e-02
  0  0   1.83e-02
  0  0   1.83e-02
  0  0   1.83e-02
  0  0   1.83e-02
  0  0   1.83e-02
  0  0   1.83e-02
  0  0   1.83e-02
  0  0   1.82e-02
  0  0   1.82e-02
  0  0   1.82e-02
  0  0   1.82e-02
  0  0   1.82e-02
  0  0   1.81e-02
  0  0   1.81e-02
  0  0   1.80e-02
  0  0   1.78e-02
  0  0   1.75e-02
  0  0   1.71e-02
  0  0   1.65e-02
  0  0   1.57e-02
  5  7   1.68e-02
  0  0   1.68e-02
  0  0   1.68e-02
  0  0   1.68e-02
  0  0   1.68e-02
  0  0   1.68e-02
  0  0   1.68e-02
  0  0   1.68e-02
  0  0   1.68e-02
  0  0   1.68e-02
  0  0   1.68e-02
  0  0   1.68e-02
  0  0   1.68e-02
  0  0   1.68e-02
  0  0   1.68e-02
  0  0   1.67e-02
  0  0   1.67e-02
  0  0   1.66e-02
  0  0   1.65e-02
  0  0   1.63e-02
  0  0   1.60e-02
  0  0   1.56e-02
  0  0   1.50e-02
  5  8   7.17e-03
  0  0   7.17e-03
  0  0   7.17e-03
  0  0   7.17e-03
  0  0   7.17e-03
  0  0   7.17e-03
  0  0   7.17e-03
  0  0   7.17e-03
  0  0   7.17e-03
  0  0   7.17e-03
  0  0   7.17e-03
  0  0   7.16e-03
  0  0   7.16e-03
  0  0   7.14e-03
  0  0   7.13e-03
  0  0   7.10e-03
  0  0   7.06e-03
  0  0   6.99e-03
  0  0   6.89e-03
  0  0   6.73e-03
  0  0   6.50e-03
  0  0   6.15e-03
  0  0   5.67e-03
  5  9   1.18e-02
  0  0   1.18e-02
  0  0   1.18e-02
  0  0   1.18e-02
  0  0   1.18e-02
  0  0   1.18e-02
  0  0   1.18e-02
  0  0   1.18e-02
  0  0   1.18e-02
  0  0   1.18e-02
  0  0   1.18e-02
  0  0   1.18e-02
  0  0   1.18e-02
  0  0   1.19e-02
  0  0   1.19e-02
  0  0   1.20e-02
  0  0   1.22e-02
  0  0   1.24e-02
  0  0   1.26e-02
  0  0   1.29e-02
  0  0   1.31e-02
  0  0   1.32e-02
  0  0   1.30e-02
  5 10   2.52e-01
  0  0   2.52e-01
  0  0   2.52e-01
  0  0   2.52e-01
  0  0   2.52e-01
  0  0   2.52e-01
  0  0   2.52e-01
  0  0   2.52e-01
  0  0   2.52e-01
  0  0   2.52e-01
  0  0   2.53e-01
  0  0   2.53e-01
  0  0   2.54e-01
  0  0   2.56e-01
  0  0   2.58e-01
  0  0   2.62e-01
  0  0   2.67e-01
  0  0   2.75e-01
  0  0   2.86e-01
  0  0   3.03e-01
  0  0   3.24e-01
  0  0   3.50e-01
  0  0   3.81e-01
  5 11   2.17e-01
  0  0   2.17e-01
  0  0   2.17e-01
  0  0   2.17e-01
  0  0   2.17e-01
  0  0   2.17e-01
  0  0   2.17e-01
  0  0   2.17e-01
  0  0   2.17e-01
  0  0   2.17e-01
  0  0   2.17e-01
  0  0   2.18e-01
  0  0   2.18e-01
  0  0   2.19e-01
  0  0   2.21e-01
  0  0   2.23e-01
  0  0   2.27e-01
  0  0   2.33e-01
  0  0   2.41e-01
  0  0   2.52e-01
  0  0   2.67e-01
  0  0   2.87e-01
  0  0   3.10e-01
  5 12   2.10e-01
  0  0   2.10e-01
  0  0   2.10e-01
  0  0   2.10e-01
  0  0   2.10e-01
  0  0   2.10e-01
  0  0   2.10e-01
  0  0   2.10e-01
  0  0   2.10e-01
  0  0   2.10e-01
  0  0   2.11e-01
  0  0   2.11e-01
  0  0   2.12e-01
  0  0   2.13e-01
  0  0   2.14e-01
  0  0   2.16e-01
  0  0   2.20e-01
  0  0   2.25e-01
  0  0   2.32e-01
  0  0   2.43e-01
  0  0   2.57e-01
  0  0   2.76e-01
  0  0   2.99e-01
  5 13   3.25e-01
  0  0   3.25e-01
  0  0   3.25e-01
  0  0   3.25e-01
  0  0   3.25e-01
  0  0   3.25e-01
  0  0   3.25e-01
  0  0   3.25e-01
  0  0   3.25e-01
  0  0   3.25e-01
  0  0   3.26e-01
  0  0   3.26e-01
  0  0   3.27e-01
  0  0   3.28e-01
  0  0   3.31e-01
  0  0   3.34e-01
  0  0   3.39e-01
  0  0   3.47e-01
  0  0   3.58e-01
  0  0   3.74e-01
  0  0   3.96e-01
  0  0   4.25e-01
  0  0   4.60e-01
 0 0 0
  1  2   1.010e+02
  1  3   2.420e+00
  1  4   5.105e+02
  1  5   1.081e+03
  1  6   6.480e+09
  1  7   7.056e+09
  1  8   7.390e+09
  1  9   6.143e+06
  1 10   4.756e+05
  1 11   6.408e+07
  1 12   1.749e+08
  1 13   4.013e+07
  2  3   3.739e-01
  2  4   2.148e+02
  2  5   4.311e+02
  2  6   7.188e+06
  2  7   5.378e+04
  2  8   3.414e+06
  2  9   1.561e+10
  2 10   2.230e+08
  2 11   7.827e+09
  2 12   8.907e+09
  2 13   3.535e+10
  3  4   3.498e-01
  3  5   2.141e+02
  3  6   1.260e+07
  3  7   1.087e+06
  3  8   8.346e-01
  3  9   8.552e+08
  3 10   1.427e+10
  3 11   1.227e+00
  3 12   4.819e+10
  3 13   2.616e+01
  4  5   9.552e-01
  4  6   3.503e-01
  4  7   7.044e+04
  4  8   4.967e+06
  4  9   1.765e+09
  4 10   8.628e+00
  4 11   1.496e+10
  4 12   3.003e+09
  4 13   5.628e+09
  5  6   4.584e+06
  5  7   1.105e+07
  5  8   2.520e+04
  5  9   1.899e+07
  5 10   2.831e+09
  5 11   1.167e+10
  5 12   8.102e+09
  5 13   2.579e+10
  6  7   4.366e+01
  6  8   1.530e-03
  6  9   3.610e+01
  6 10   5.379e+02
  6 11   1.263e+00
  6 12   2.552e+02
  6 13   3.253e-02
  7  8   9.391e+00
  7  9   2.280e+02
  7 10   7.002e+01
  7 11   2.714e+03
  7 12   8.375e+01
  7 13   1.559e+02
  8  9   5.312e+01
  8 10   4.056e-02
  8 11   3.960e+02
  8 12   6.724e+01
  8 13   3.573e+02
  9 10   2.661e-03
  9 11   1.735e+01
  9 12   2.797e+02
  9 13   2.395e+02
 10 11   2.096e+01
 10 12   1.480e+02
 10 13   6.444e+00
 11 12   1.411e+01
 11 13   1.941e+02
 12 13   7.003e+01
  1  4        0.0
  2  4    94815.0
  3  6    98162.0
  4  2   149175.0
  5  4   154050.0
  6  6   445932.0
  7  4   458100.0
  8  2   464043.0
  9  4   613803.0
 10  6   614431.0
 11  2   715277.0
 12  4   745738.0
 13  2   761797.0
