 32
** Atomic data from version 6 of the CHIANTI database **
%observed energy levels (n=2 levels): Edlen, B., 1983, Phys. Scripta, 28, 51
%observed energy levels (levels 17,18,19): Curdt, Landi, Feldman, 2004, A&A, 427, 1045
%observed energy levels (25,64,67,77,81,83,84,85): Kelly, R.L., 1987, J.Phys.Chem.Ref.Data 16, Suppl. 1
%observed energy levels (11,14,15,37,51,54,71,73,82): Lepson, J.K., Beiersdorfer, P., Behar, E., Kahn, S.M., 2003, ApJ, 590, 604
%observed energy levels (12,13,16,26,40,52,56,66,68,69,72,74,86): Fawcett, B.C., Gabriel, A.H., Paget, T.M., 1971, J.Phys.B, 4, 986
%theoretical energy levels: Landi, E., Bhatia, A.K., 2006, ADNDT, 92, 305
%comment: theoretical energy levels come from the 24-configuration calculation in Bhatia & Landi (2006)
%produced as part of the Arcetri/Cambridge/NRL 'CHIANTI' atomic data base collaboration
% 
% E. Landi - Jan 2005
%filename: ar_11.wgfa
%observed energy levels (n=2 levels): Edlen, B., 1983, Phys. Scripta, 28, 51
%observed energy levels (levels 17,18,19): Curdt, Landi, Feldman, 2004, A&A, 427, 1045
%observed energy levels (25,64,67,77,81,83,84,85): Kelly, R.L., 1987, J.Phys.Chem.Ref.Data 16, Suppl. 1
%observed energy levels (11,14,15,37,51,54,71,73,82): Lepson,J.K., Beiersdorfer,P., Behar,E., Kahn,S.M., 2003, ApJ, 590, 604
%observed energy levels (12,13,16,26,40,52,56,66,68,69,72,74,86): Fawcett, B.C., Gabriel, A.H., Paget, T.M., 1971, J.Phys.B, 4,986
%theoretical energy levels: Landi, E., Bhatia, A.K., 2006, ADNDT, 92, 305
% A and gf values: Landi, E., Bhatia, A.K., 2006, ADNDT, 92, 305
%comment: theoretical energy levels and all radiative data come from the 24-configuration calculation in Bhatia & Landi (2006)
%produced as part of the Arcetri/Cambridge/NRL 'CHIANTI' atomic data base collaboration
%
% E. Landi - Feb 2005

%filename: ar_11.splups
%Oscillator strengths: Bhatia & Landi 2006, ADNDT, 92, 305
%Collision strengths: Bhatia & Landi 2006, ADNDT, 92, 305
%comment: oscillator strengths have been taken from the 6-configuration model of Bhatia & Landi 
    (2006) for consistency with the collisional calculation
%produced as part of the Arcetri/Cambridge/NRL 'CHIANTI' atomic data base collaboration
%
% E. Landi - Jan 2005
 9 23
  1  2s2.2p4 3P2
  2  2s2.2p4 3P1
  3  2s2.2p4 3P0
  4  2s2.2p4 1D2
  5  2s2.2p4 1S0
  6  2s.2p5 3P2
  7  2s.2p5 3P1
  8  2s.2p5 3P0
  9  2s.2p5 1P1
     100.0
     158.5
     251.2
     398.1
     631.0
    1000.0
    1584.9
    2511.9
    3981.1
    6309.6
   10000.0
   15848.9
   25118.9
   39810.7
   63095.8
  100000.0
  158489.2
  251188.7
  398107.1
  630957.6
 1000000.0
 1584892.5
 2511887.0
0
  1  2   1.12e-01
  0  0   1.12e-01
  0  0   1.12e-01
  0  0   1.12e-01
  0  0   1.12e-01
  0  0   1.12e-01
  0  0   1.12e-01
  0  0   1.12e-01
  0  0   1.12e-01
  0  0   1.12e-01
  0  0   1.12e-01
  0  0   1.12e-01
  0  0   1.12e-01
  0  0   1.12e-01
  0  0   1.12e-01
  0  0   1.11e-01
  0  0   1.11e-01
  0  0   1.10e-01
  0  0   1.09e-01
  0  0   1.07e-01
  0  0   1.05e-01
  0  0   1.01e-01
  0  0   9.58e-02
  1  3   2.54e-02
  0  0   2.54e-02
  0  0   2.54e-02
  0  0   2.54e-02
  0  0   2.54e-02
  0  0   2.54e-02
  0  0   2.54e-02
  0  0   2.54e-02
  0  0   2.54e-02
  0  0   2.54e-02
  0  0   2.54e-02
  0  0   2.54e-02
  0  0   2.54e-02
  0  0   2.54e-02
  0  0   2.54e-02
  0  0   2.54e-02
  0  0   2.53e-02
  0  0   2.52e-02
  0  0   2.52e-02
  0  0   2.50e-02
  0  0   2.48e-02
  0  0   2.44e-02
  0  0   2.40e-02
  1  4   1.27e-01
  0  0   1.27e-01
  0  0   1.27e-01
  0  0   1.27e-01
  0  0   1.27e-01
  0  0   1.27e-01
  0  0   1.27e-01
  0  0   1.27e-01
  0  0   1.27e-01
  0  0   1.27e-01
  0  0   1.27e-01
  0  0   1.27e-01
  0  0   1.27e-01
  0  0   1.27e-01
  0  0   1.26e-01
  0  0   1.26e-01
  0  0   1.25e-01
  0  0   1.24e-01
  0  0   1.22e-01
  0  0   1.18e-01
  0  0   1.14e-01
  0  0   1.07e-01
  0  0   9.72e-02
  1  5   1.58e-02
  0  0   1.58e-02
  0  0   1.58e-02
  0  0   1.58e-02
  0  0   1.58e-02
  0  0   1.58e-02
  0  0   1.58e-02
  0  0   1.58e-02
  0  0   1.58e-02
  0  0   1.58e-02
  0  0   1.58e-02
  0  0   1.58e-02
  0  0   1.57e-02
  0  0   1.57e-02
  0  0   1.57e-02
  0  0   1.56e-02
  0  0   1.55e-02
  0  0   1.53e-02
  0  0   1.50e-02
  0  0   1.46e-02
  0  0   1.39e-02
  0  0   1.30e-02
  0  0   1.17e-02
  1  6   8.68e-01
  0  0   8.68e-01
  0  0   8.68e-01
  0  0   8.68e-01
  0  0   8.68e-01
  0  0   8.69e-01
  0  0   8.69e-01
  0  0   8.69e-01
  0  0   8.69e-01
  0  0   8.70e-01
  0  0   8.71e-01
  0  0   8.73e-01
  0  0   8.75e-01
  0  0   8.79e-01
  0  0   8.86e-01
  0  0   8.95e-01
  0  0   9.10e-01
  0  0   9.32e-01
  0  0   9.65e-01
  0  0   1.01e+00
  0  0   1.07e+00
  0  0   1.15e+00
  0  0   1.24e+00
  1  7   2.99e-01
  0  0   2.99e-01
  0  0   2.99e-01
  0  0   2.99e-01
  0  0   2.99e-01
  0  0   2.99e-01
  0  0   2.99e-01
  0  0   2.99e-01
  0  0   2.99e-01
  0  0   2.99e-01
  0  0   3.00e-01
  0  0   3.00e-01
  0  0   3.01e-01
  0  0   3.03e-01
  0  0   3.05e-01
  0  0   3.08e-01
  0  0   3.13e-01
  0  0   3.20e-01
  0  0   3.31e-01
  0  0   3.46e-01
  0  0   3.67e-01
  0  0   3.93e-01
  0  0   4.24e-01
  1  8   2.55e-03
  0  0   2.55e-03
  0  0   2.55e-03
  0  0   2.55e-03
  0  0   2.55e-03
  0  0   2.55e-03
  0  0   2.55e-03
  0  0   2.55e-03
  0  0   2.54e-03
  0  0   2.54e-03
  0  0   2.54e-03
  0  0   2.54e-03
  0  0   2.54e-03
  0  0   2.53e-03
  0  0   2.53e-03
  0  0   2.52e-03
  0  0   2.50e-03
  0  0   2.47e-03
  0  0   2.43e-03
  0  0   2.36e-03
  0  0   2.26e-03
  0  0   2.12e-03
  0  0   1.93e-03
  1  9   3.33e-02
  0  0   3.33e-02
  0  0   3.33e-02
  0  0   3.33e-02
  0  0   3.33e-02
  0  0   3.33e-02
  0  0   3.33e-02
  0  0   3.33e-02
  0  0   3.33e-02
  0  0   3.33e-02
  0  0   3.33e-02
  0  0   3.33e-02
  0  0   3.32e-02
  0  0   3.32e-02
  0  0   3.32e-02
  0  0   3.32e-02
  0  0   3.31e-02
  0  0   3.30e-02
  0  0   3.29e-02
  0  0   3.27e-02
  0  0   3.24e-02
  0  0   3.19e-02
  0  0   3.13e-02
  2  3   4.63e-02
  0  0   4.63e-02
  0  0   4.63e-02
  0  0   4.63e-02
  0  0   4.63e-02
  0  0   4.63e-02
  0  0   4.63e-02
  0  0   4.63e-02
  0  0   4.63e-02
  0  0   4.63e-02
  0  0   4.63e-02
  0  0   4.62e-02
  0  0   4.62e-02
  0  0   4.61e-02
  0  0   4.60e-02
  0  0   4.58e-02
  0  0   4.55e-02
  0  0   4.50e-02
  0  0   4.43e-02
  0  0   4.31e-02
  0  0   4.14e-02
  0  0   3.89e-02
  0  0   3.55e-02
  2  4   8.57e-02
  0  0   8.57e-02
  0  0   8.57e-02
  0  0   8.57e-02
  0  0   8.57e-02
  0  0   8.57e-02
  0  0   8.57e-02
  0  0   8.57e-02
  0  0   8.57e-02
  0  0   8.56e-02
  0  0   8.56e-02
  0  0   8.55e-02
  0  0   8.54e-02
  0  0   8.53e-02
  0  0   8.51e-02
  0  0   8.47e-02
  0  0   8.41e-02
  0  0   8.31e-02
  0  0   8.17e-02
  0  0   7.95e-02
  0  0   7.62e-02
  0  0   7.14e-02
  0  0   6.49e-02
  2  5   1.29e-02
  0  0   1.29e-02
  0  0   1.29e-02
  0  0   1.29e-02
  0  0   1.29e-02
  0  0   1.29e-02
  0  0   1.29e-02
  0  0   1.29e-02
  0  0   1.29e-02
  0  0   1.29e-02
  0  0   1.29e-02
  0  0   1.29e-02
  0  0   1.29e-02
  0  0   1.29e-02
  0  0   1.28e-02
  0  0   1.28e-02
  0  0   1.27e-02
  0  0   1.25e-02
  0  0   1.23e-02
  0  0   1.20e-02
  0  0   1.14e-02
  0  0   1.07e-02
  0  0   9.61e-03
  2  6   2.88e-01
  0  0   2.88e-01
  0  0   2.88e-01
  0  0   2.88e-01
  0  0   2.88e-01
  0  0   2.88e-01
  0  0   2.88e-01
  0  0   2.88e-01
  0  0   2.89e-01
  0  0   2.89e-01
  0  0   2.89e-01
  0  0   2.90e-01
  0  0   2.91e-01
  0  0   2.92e-01
  0  0   2.94e-01
  0  0   2.98e-01
  0  0   3.03e-01
  0  0   3.11e-01
  0  0   3.22e-01
  0  0   3.38e-01
  0  0   3.59e-01
  0  0   3.86e-01
  0  0   4.19e-01
  2  7   1.81e-01
  0  0   1.81e-01
  0  0   1.81e-01
  0  0   1.81e-01
  0  0   1.81e-01
  0  0   1.81e-01
  0  0   1.81e-01
  0  0   1.81e-01
  0  0   1.81e-01
  0  0   1.81e-01
  0  0   1.81e-01
  0  0   1.82e-01
  0  0   1.82e-01
  0  0   1.83e-01
  0  0   1.84e-01
  0  0   1.86e-01
  0  0   1.89e-01
  0  0   1.94e-01
  0  0   2.01e-01
  0  0   2.10e-01
  0  0   2.22e-01
  0  0   2.38e-01
  0  0   2.56e-01
  2  8   2.32e-01
  0  0   2.32e-01
  0  0   2.32e-01
  0  0   2.32e-01
  0  0   2.32e-01
  0  0   2.32e-01
  0  0   2.32e-01
  0  0   2.32e-01
  0  0   2.32e-01
  0  0   2.32e-01
  0  0   2.32e-01
  0  0   2.33e-01
  0  0   2.33e-01
  0  0   2.35e-01
  0  0   2.36e-01
  0  0   2.39e-01
  0  0   2.43e-01
  0  0   2.49e-01
  0  0   2.58e-01
  0  0   2.70e-01
  0  0   2.86e-01
  0  0   3.07e-01
  0  0   3.32e-01
  2  9   1.40e-02
  0  0   1.40e-02
  0  0   1.40e-02
  0  0   1.40e-02
  0  0   1.40e-02
  0  0   1.40e-02
  0  0   1.40e-02
  0  0   1.40e-02
  0  0   1.40e-02
  0  0   1.40e-02
  0  0   1.40e-02
  0  0   1.40e-02
  0  0   1.40e-02
  0  0   1.39e-02
  0  0   1.39e-02
  0  0   1.38e-02
  0  0   1.37e-02
  0  0   1.36e-02
  0  0   1.34e-02
  0  0   1.30e-02
  0  0   1.25e-02
  0  0   1.17e-02
  0  0   1.07e-02
  3  4   2.91e-02
  0  0   2.91e-02
  0  0   2.91e-02
  0  0   2.91e-02
  0  0   2.91e-02
  0  0   2.91e-02
  0  0   2.91e-02
  0  0   2.91e-02
  0  0   2.91e-02
  0  0   2.91e-02
  0  0   2.91e-02
  0  0   2.90e-02
  0  0   2.90e-02
  0  0   2.90e-02
  0  0   2.89e-02
  0  0   2.87e-02
  0  0   2.85e-02
  0  0   2.82e-02
  0  0   2.78e-02
  0  0   2.70e-02
  0  0   2.59e-02
  0  0   2.43e-02
  0  0   2.21e-02
  3  5   4.15e-03
  0  0   4.15e-03
  0  0   4.15e-03
  0  0   4.15e-03
  0  0   4.15e-03
  0  0   4.15e-03
  0  0   4.15e-03
  0  0   4.15e-03
  0  0   4.15e-03
  0  0   4.15e-03
  0  0   4.14e-03
  0  0   4.14e-03
  0  0   4.14e-03
  0  0   4.13e-03
  0  0   4.12e-03
  0  0   4.10e-03
  0  0   4.06e-03
  0  0   4.02e-03
  0  0   3.94e-03
  0  0   3.83e-03
  0  0   3.66e-03
  0  0   3.41e-03
  0  0   3.08e-03
  3  6   5.61e-03
  0  0   5.61e-03
  0  0   5.61e-03
  0  0   5.61e-03
  0  0   5.61e-03
  0  0   5.61e-03
  0  0   5.61e-03
  0  0   5.61e-03
  0  0   5.61e-03
  0  0   5.61e-03
  0  0   5.60e-03
  0  0   5.60e-03
  0  0   5.59e-03
  0  0   5.58e-03
  0  0   5.57e-03
  0  0   5.54e-03
  0  0   5.50e-03
  0  0   5.44e-03
  0  0   5.35e-03
  0  0   5.20e-03
  0  0   4.99e-03
  0  0   4.68e-03
  0  0   4.26e-03
  3  7   2.24e-01
  0  0   2.24e-01
  0  0   2.24e-01
  0  0   2.24e-01
  0  0   2.24e-01
  0  0   2.24e-01
  0  0   2.24e-01
  0  0   2.24e-01
  0  0   2.24e-01
  0  0   2.24e-01
  0  0   2.24e-01
  0  0   2.25e-01
  0  0   2.26e-01
  0  0   2.27e-01
  0  0   2.28e-01
  0  0   2.31e-01
  0  0   2.35e-01
  0  0   2.41e-01
  0  0   2.50e-01
  0  0   2.62e-01
  0  0   2.79e-01
  0  0   3.00e-01
  0  0   3.25e-01
  3  8   2.20e-03
  0  0   2.20e-03
  0  0   2.20e-03
  0  0   2.20e-03
  0  0   2.20e-03
  0  0   2.20e-03
  0  0   2.20e-03
  0  0   2.20e-03
  0  0   2.20e-03
  0  0   2.20e-03
  0  0   2.19e-03
  0  0   2.19e-03
  0  0   2.19e-03
  0  0   2.19e-03
  0  0   2.18e-03
  0  0   2.17e-03
  0  0   2.16e-03
  0  0   2.13e-03
  0  0   2.10e-03
  0  0   2.04e-03
  0  0   1.96e-03
  0  0   1.84e-03
  0  0   1.67e-03
  3  9   5.19e-03
  0  0   5.19e-03
  0  0   5.19e-03
  0  0   5.19e-03
  0  0   5.19e-03
  0  0   5.19e-03
  0  0   5.19e-03
  0  0   5.19e-03
  0  0   5.19e-03
  0  0   5.19e-03
  0  0   5.18e-03
  0  0   5.18e-03
  0  0   5.18e-03
  0  0   5.17e-03
  0  0   5.16e-03
  0  0   5.15e-03
  0  0   5.12e-03
  0  0   5.09e-03
  0  0   5.03e-03
  0  0   4.94e-03
  0  0   4.81e-03
  0  0   4.62e-03
  0  0   4.35e-03
  4  5   4.55e-02
  0  0   4.55e-02
  0  0   4.55e-02
  0  0   4.55e-02
  0  0   4.55e-02
  0  0   4.55e-02
  0  0   4.55e-02
  0  0   4.55e-02
  0  0   4.56e-02
  0  0   4.56e-02
  0  0   4.56e-02
  0  0   4.56e-02
  0  0   4.56e-02
  0  0   4.57e-02
  0  0   4.57e-02
  0  0   4.58e-02
  0  0   4.60e-02
  0  0   4.63e-02
  0  0   4.67e-02
  0  0   4.74e-02
  0  0   4.84e-02
  0  0   4.99e-02
  0  0   5.19e-02
  4  6   4.79e-02
  0  0   4.79e-02
  0  0   4.79e-02
  0  0   4.79e-02
  0  0   4.79e-02
  0  0   4.79e-02
  0  0   4.79e-02
  0  0   4.79e-02
  0  0   4.79e-02
  0  0   4.79e-02
  0  0   4.79e-02
  0  0   4.79e-02
  0  0   4.79e-02
  0  0   4.78e-02
  0  0   4.78e-02
  0  0   4.77e-02
  0  0   4.76e-02
  0  0   4.75e-02
  0  0   4.72e-02
  0  0   4.68e-02
  0  0   4.63e-02
  0  0   4.54e-02
  0  0   4.43e-02
  4  7   2.35e-02
  0  0   2.35e-02
  0  0   2.35e-02
  0  0   2.35e-02
  0  0   2.35e-02
  0  0   2.35e-02
  0  0   2.35e-02
  0  0   2.35e-02
  0  0   2.35e-02
  0  0   2.35e-02
  0  0   2.35e-02
  0  0   2.35e-02
  0  0   2.34e-02
  0  0   2.34e-02
  0  0   2.33e-02
  0  0   2.32e-02
  0  0   2.31e-02
  0  0   2.28e-02
  0  0   2.25e-02
  0  0   2.19e-02
  0  0   2.11e-02
  0  0   1.98e-02
  0  0   1.81e-02
  4  8   8.27e-03
  0  0   8.27e-03
  0  0   8.27e-03
  0  0   8.27e-03
  0  0   8.27e-03
  0  0   8.27e-03
  0  0   8.27e-03
  0  0   8.27e-03
  0  0   8.27e-03
  0  0   8.26e-03
  0  0   8.26e-03
  0  0   8.25e-03
  0  0   8.24e-03
  0  0   8.23e-03
  0  0   8.21e-03
  0  0   8.17e-03
  0  0   8.11e-03
  0  0   8.02e-03
  0  0   7.89e-03
  0  0   7.67e-03
  0  0   7.36e-03
  0  0   6.91e-03
  0  0   6.29e-03
  4  9   1.11e+00
  0  0   1.11e+00
  0  0   1.11e+00
  0  0   1.11e+00
  0  0   1.11e+00
  0  0   1.11e+00
  0  0   1.11e+00
  0  0   1.11e+00
  0  0   1.11e+00
  0  0   1.11e+00
  0  0   1.11e+00
  0  0   1.11e+00
  0  0   1.11e+00
  0  0   1.12e+00
  0  0   1.12e+00
  0  0   1.13e+00
  0  0   1.15e+00
  0  0   1.17e+00
  0  0   1.21e+00
  0  0   1.26e+00
  0  0   1.33e+00
  0  0   1.42e+00
  0  0   1.53e+00
  5  6   8.43e-03
  0  0   8.43e-03
  0  0   8.43e-03
  0  0   8.43e-03
  0  0   8.43e-03
  0  0   8.43e-03
  0  0   8.43e-03
  0  0   8.43e-03
  0  0   8.42e-03
  0  0   8.42e-03
  0  0   8.42e-03
  0  0   8.41e-03
  0  0   8.40e-03
  0  0   8.39e-03
  0  0   8.37e-03
  0  0   8.33e-03
  0  0   8.28e-03
  0  0   8.19e-03
  0  0   8.06e-03
  0  0   7.86e-03
  0  0   7.55e-03
  0  0   7.10e-03
  0  0   6.46e-03
  5  7   1.07e-02
  0  0   1.07e-02
  0  0   1.07e-02
  0  0   1.07e-02
  0  0   1.07e-02
  0  0   1.07e-02
  0  0   1.07e-02
  0  0   1.07e-02
  0  0   1.07e-02
  0  0   1.07e-02
  0  0   1.07e-02
  0  0   1.07e-02
  0  0   1.07e-02
  0  0   1.07e-02
  0  0   1.07e-02
  0  0   1.07e-02
  0  0   1.06e-02
  0  0   1.06e-02
  0  0   1.06e-02
  0  0   1.05e-02
  0  0   1.04e-02
  0  0   1.03e-02
  0  0   1.01e-02
  5  8   2.79e-03
  0  0   2.79e-03
  0  0   2.79e-03
  0  0   2.79e-03
  0  0   2.79e-03
  0  0   2.79e-03
  0  0   2.79e-03
  0  0   2.79e-03
  0  0   2.79e-03
  0  0   2.79e-03
  0  0   2.79e-03
  0  0   2.79e-03
  0  0   2.79e-03
  0  0   2.78e-03
  0  0   2.77e-03
  0  0   2.76e-03
  0  0   2.74e-03
  0  0   2.72e-03
  0  0   2.67e-03
  0  0   2.60e-03
  0  0   2.50e-03
  0  0   2.35e-03
  0  0   2.14e-03
  5  9   1.05e-01
  0  0   1.05e-01
  0  0   1.05e-01
  0  0   1.05e-01
  0  0   1.05e-01
  0  0   1.05e-01
  0  0   1.05e-01
  0  0   1.05e-01
  0  0   1.05e-01
  0  0   1.05e-01
  0  0   1.05e-01
  0  0   1.05e-01
  0  0   1.05e-01
  0  0   1.06e-01
  0  0   1.06e-01
  0  0   1.07e-01
  0  0   1.09e-01
  0  0   1.12e-01
  0  0   1.15e-01
  0  0   1.21e-01
  0  0   1.28e-01
  0  0   1.37e-01
  0  0   1.49e-01
 0 0 0
  1  2   6.686e+01
  1  3   2.160e-03
  1  4   2.234e+02
  1  5   6.886e-01
  1  6   1.674e+10
  1  7   1.020e+10
  1  8   2.451e+01
  1  9   1.029e+09
  2  3   3.022e+00
  2  4   3.852e+01
  2  5   2.579e+03
  2  6   5.198e+09
  2  7   5.580e+09
  2  8   2.332e+10
  2  9   3.152e+07
  3  4   1.984e-03
  3  5   0.000e+00
  3  6   7.638e+00
  3  7   7.199e+09
  3  8   0.000e+00
  3  9   6.772e+07
  4  5   9.741e+00
  4  6   1.630e+08
  4  7   5.997e+06
  4  8   3.845e+01
  4  9   7.360e+10
  5  6   2.926e+00
  5  7   3.519e+07
  5  8   0.000e+00
  5  9   5.164e+09
  6  7   4.166e+01
  6  8   2.617e-03
  6  9   3.948e+02
  7  8   1.864e+01
  7  9   1.966e+02
  8  9   2.330e+02
  1  5        0.0
  2  3    14455.0
  3  1    18307.0
  4  5    71834.0
  5  1   148513.0
  6  5   529643.0
  7  3   541936.0
  8  1   548958.0
  9  3   730362.0
