5
Ar XIV ground term only
Ar XIV    upsilions Zhang H.L., Graziani M., Pradhan A.K., (A&A,283,319,1994)
Avalue for 2P3/2 to 2P1/2 from NIST database (Fuhr,J. & Wiese,W.L.,CRC Handbk
of Chem. & Phys. ed. Lide,D.R. 1995-Kaufman,V. & Sugar,J.,J.Phys.Chem.Ref.Data 15,321,1986)
Elevs from NIST database CJP 21-2-96
2 32 0
2s22p2 2P1/2
2s22p2 2P3/2
100
200
300
400
500
600
800
1000
1500
2000
2500
3000
3500
4000
5000
6000
7000
8000
9000
10000
12000
14000
16000
18000
20000
23000
26000
30000
35000
40000
45000
50000
0
   1    2      0.779999971
   0    0      0.906000018
   0    0      0.848999977
   0    0      0.787000000
   0    0      0.740000010
   0    0      0.703999996
   0    0      0.654999971
   0    0      0.621999979
   0    0      0.560999990
   0    0      0.513000011
   0    0      0.472000003
   0    0      0.437000006
   0    0      0.407000005
   0    0      0.379999995
   0    0      0.338000000
   0    0      0.303999990
   0    0      0.277999997
   0    0      0.256000012
   0    0      0.238000005
   0    0      0.223000005
   0    0      0.199000001
   0    0      0.180999994
   0    0      0.166999996
   0    0      0.155000001
   0    0      0.144999996
   0    0      0.134000003
   0    0      0.123999998
   0    0      0.114000000
   0    0      0.104000002
   0    0      0.096900001
   0    0      0.090800002
   0    0      0.085699998
 0 0 0
 1 2 1.04E+2
 1 2   0.000000
 2 4  22657.
