 31
** Atomic data from version 6 of the CHIANTI database **
%observed energy levels (1-24): Kelly,R.L., 1987, J.Phys.Chem.Ref.Data 16, Suppl. 1.     
%Theoretical energy levels (1-24): Zhang,H.L.,Sampson,D.H.,Fontes,C.J., 1990, ADNDT, 44, 31.
%Innershell observed energy levels: Kelly,R.L., 1987, J.Phys.Chem.Ref.Data 16, Suppl. 1.
%Energy levels lev. 25: Fuhr, J.R., Kelleher, D.E., Martin, W.C., Musgrove, A., Sugar, J., Wiese, W.L.,
        Dalton, G.R., Dragoset, R.A., Mohr, P.J., Olsen, K., Reader, J., Saloman, E.B., Sansonetti, C.J.,
        Wiersma, G., "NIST Atomic Spectra Database" Ver. 2.0, March 1999, NIST Physical Reference Data
%Innershell theoretical energy levels: Goett, S.J., Sampson, D.H., 1983, ADNDT, 29, 535
%produced as part of the Arcetri/Cambridge/NRL 'CHIANTI' atomic data base collaboration
%
% E. Landi - Nov 1999
%filename: ar_16.wgfa
%observed energy levels: Kelly,R.L., 1987, J.Phys.Chem.Ref.Data 16, Suppl. 1.     
%observed energy levels lev. 25: Fuhr, J.R., et al. 1999 "NIST Atomic Spectra Database"
    Ver. 2.0 March 1999.  NIST Physical Reference Data.
%Theoretical energy levels: Zhang,H.L., Sampson,D.H., Fontes,C.J., 1990, ADNDT, 44, 31.
%oscillator strengths: H.L.Zhang, D.H.Sampson, C.J.Fontes, ADNDT, 44, 31, 1990
%oscillator strengths: Martin,I., Karwowski,J., Diercksen,G.H.F., Barrientos,C., 1993, A&AS, 100, 595.
%Innershell radiative data: Goett, S.J., Sampson, D.H., 1983, ADNDT, 29, 535
%Innershell energy levels: Kelly,R.L., 1987, J.Phys.Chem.Ref.Data 16, Suppl. 1.
%produced as part of the Arcetri/Cambridge/NRL 'CHIANTI' atomic data base collaboration
% 
% E. Landi and K.P.Dere - Nov 1999

%filename: ar_16.splups
%oscillator strengths and collision strengths: Zhang, Sampson, Fontes, 1990, ADNDT, 44, 31
%Innershell collision strengths: Goett, S.J., Sampson, D.H., 1983, ADNDT, 29, 535
%Innershell oscillator strengths: Goett, S.J., Sampson, D.H., 1983, ADNDT, 29, 535
%produced as part of the Arcetri/Cambridge/NRL 'CHIANTI' atomic data base collaboration CHIANTI
%
% E.Landi Nov 1999
15 23
  1  1s2.2s 2S1/2
  2  1s2.2p 2P1/2
  3  1s2.2p 2P3/2
  4  1s2.3s 2S1/2
  5  1s2.3p 2P1/2
  6  1s2.3p 2P3/2
  7  1s2.3d 2D3/2
  8  1s2.3d 2D5/2
  9  1s2.4s 2S1/2
 10  1s2.4p 2P1/2
 11  1s2.4p 2P3/2
 12  1s2.4d 2D3/2
 13  1s2.4d 2D5/2
 14  1s2.4f 2F5/2
 15  1s2.4f 2F7/2
     100.0
     158.5
     251.2
     398.1
     631.0
    1000.0
    1584.9
    2511.9
    3981.1
    6309.6
   10000.0
   15848.9
   25118.9
   39810.7
   63095.8
  100000.0
  158489.2
  251188.7
  398107.1
  630957.6
 1000000.0
 1584892.5
 2511887.0
0
  1  2   2.90e-01
  0  0   2.90e-01
  0  0   2.90e-01
  0  0   2.90e-01
  0  0   2.90e-01
  0  0   2.90e-01
  0  0   2.90e-01
  0  0   2.91e-01
  0  0   2.91e-01
  0  0   2.91e-01
  0  0   2.92e-01
  0  0   2.92e-01
  0  0   2.94e-01
  0  0   2.95e-01
  0  0   2.98e-01
  0  0   3.03e-01
  0  0   3.09e-01
  0  0   3.17e-01
  0  0   3.28e-01
  0  0   3.40e-01
  0  0   3.55e-01
  0  0   3.72e-01
  0  0   3.92e-01
  1  3   5.89e-01
  0  0   5.89e-01
  0  0   5.89e-01
  0  0   5.89e-01
  0  0   5.89e-01
  0  0   5.89e-01
  0  0   5.89e-01
  0  0   5.89e-01
  0  0   5.90e-01
  0  0   5.90e-01
  0  0   5.91e-01
  0  0   5.92e-01
  0  0   5.95e-01
  0  0   5.98e-01
  0  0   6.03e-01
  0  0   6.10e-01
  0  0   6.21e-01
  0  0   6.36e-01
  0  0   6.55e-01
  0  0   6.78e-01
  0  0   7.05e-01
  0  0   7.36e-01
  0  0   7.75e-01
  1  4   3.09e-02
  0  0   3.09e-02
  0  0   3.09e-02
  0  0   3.09e-02
  0  0   3.09e-02
  0  0   3.09e-02
  0  0   3.09e-02
  0  0   3.09e-02
  0  0   3.09e-02
  0  0   3.09e-02
  0  0   3.09e-02
  0  0   3.09e-02
  0  0   3.09e-02
  0  0   3.09e-02
  0  0   3.09e-02
  0  0   3.10e-02
  0  0   3.10e-02
  0  0   3.10e-02
  0  0   3.11e-02
  0  0   3.13e-02
  0  0   3.15e-02
  0  0   3.18e-02
  0  0   3.22e-02
  1  5   7.14e-03
  0  0   7.14e-03
  0  0   7.14e-03
  0  0   7.14e-03
  0  0   7.14e-03
  0  0   7.14e-03
  0  0   7.14e-03
  0  0   7.14e-03
  0  0   7.14e-03
  0  0   7.14e-03
  0  0   7.15e-03
  0  0   7.15e-03
  0  0   7.16e-03
  0  0   7.18e-03
  0  0   7.20e-03
  0  0   7.24e-03
  0  0   7.30e-03
  0  0   7.40e-03
  0  0   7.55e-03
  0  0   7.78e-03
  0  0   8.15e-03
  0  0   8.73e-03
  0  0   9.67e-03
  1  6   1.37e-02
  0  0   1.37e-02
  0  0   1.37e-02
  0  0   1.37e-02
  0  0   1.37e-02
  0  0   1.37e-02
  0  0   1.37e-02
  0  0   1.37e-02
  0  0   1.37e-02
  0  0   1.37e-02
  0  0   1.37e-02
  0  0   1.37e-02
  0  0   1.37e-02
  0  0   1.38e-02
  0  0   1.38e-02
  0  0   1.39e-02
  0  0   1.40e-02
  0  0   1.42e-02
  0  0   1.45e-02
  0  0   1.50e-02
  0  0   1.57e-02
  0  0   1.68e-02
  0  0   1.86e-02
  1  7   2.28e-02
  0  0   2.28e-02
  0  0   2.28e-02
  0  0   2.28e-02
  0  0   2.28e-02
  0  0   2.28e-02
  0  0   2.28e-02
  0  0   2.28e-02
  0  0   2.28e-02
  0  0   2.28e-02
  0  0   2.28e-02
  0  0   2.28e-02
  0  0   2.28e-02
  0  0   2.28e-02
  0  0   2.28e-02
  0  0   2.29e-02
  0  0   2.29e-02
  0  0   2.30e-02
  0  0   2.31e-02
  0  0   2.33e-02
  0  0   2.36e-02
  0  0   2.41e-02
  0  0   2.48e-02
  1  8   3.41e-02
  0  0   3.41e-02
  0  0   3.41e-02
  0  0   3.41e-02
  0  0   3.41e-02
  0  0   3.41e-02
  0  0   3.41e-02
  0  0   3.41e-02
  0  0   3.41e-02
  0  0   3.41e-02
  0  0   3.41e-02
  0  0   3.42e-02
  0  0   3.42e-02
  0  0   3.42e-02
  0  0   3.42e-02
  0  0   3.43e-02
  0  0   3.43e-02
  0  0   3.45e-02
  0  0   3.46e-02
  0  0   3.49e-02
  0  0   3.54e-02
  0  0   3.61e-02
  0  0   3.71e-02
  1  9   6.18e-03
  0  0   6.18e-03
  0  0   6.18e-03
  0  0   6.18e-03
  0  0   6.18e-03
  0  0   6.18e-03
  0  0   6.18e-03
  0  0   6.18e-03
  0  0   6.18e-03
  0  0   6.18e-03
  0  0   6.18e-03
  0  0   6.18e-03
  0  0   6.19e-03
  0  0   6.19e-03
  0  0   6.19e-03
  0  0   6.19e-03
  0  0   6.20e-03
  0  0   6.20e-03
  0  0   6.22e-03
  0  0   6.23e-03
  0  0   6.26e-03
  0  0   6.30e-03
  0  0   6.36e-03
  1 10   1.88e-03
  0  0   1.88e-03
  0  0   1.88e-03
  0  0   1.88e-03
  0  0   1.88e-03
  0  0   1.88e-03
  0  0   1.88e-03
  0  0   1.88e-03
  0  0   1.88e-03
  0  0   1.88e-03
  0  0   1.88e-03
  0  0   1.88e-03
  0  0   1.88e-03
  0  0   1.88e-03
  0  0   1.89e-03
  0  0   1.89e-03
  0  0   1.91e-03
  0  0   1.92e-03
  0  0   1.95e-03
  0  0   1.99e-03
  0  0   2.05e-03
  0  0   2.16e-03
  0  0   2.31e-03
  1 11   3.64e-03
  0  0   3.64e-03
  0  0   3.64e-03
  0  0   3.64e-03
  0  0   3.64e-03
  0  0   3.64e-03
  0  0   3.64e-03
  0  0   3.64e-03
  0  0   3.64e-03
  0  0   3.65e-03
  0  0   3.65e-03
  0  0   3.65e-03
  0  0   3.65e-03
  0  0   3.66e-03
  0  0   3.67e-03
  0  0   3.68e-03
  0  0   3.70e-03
  0  0   3.73e-03
  0  0   3.79e-03
  0  0   3.87e-03
  0  0   3.99e-03
  0  0   4.19e-03
  0  0   4.51e-03
  1 12   4.43e-03
  0  0   4.43e-03
  0  0   4.43e-03
  0  0   4.43e-03
  0  0   4.43e-03
  0  0   4.43e-03
  0  0   4.43e-03
  0  0   4.43e-03
  0  0   4.43e-03
  0  0   4.43e-03
  0  0   4.43e-03
  0  0   4.43e-03
  0  0   4.43e-03
  0  0   4.43e-03
  0  0   4.43e-03
  0  0   4.43e-03
  0  0   4.43e-03
  0  0   4.42e-03
  0  0   4.42e-03
  0  0   4.42e-03
  0  0   4.42e-03
  0  0   4.42e-03
  0  0   4.42e-03
  1 13   6.64e-03
  0  0   6.64e-03
  0  0   6.64e-03
  0  0   6.64e-03
  0  0   6.64e-03
  0  0   6.64e-03
  0  0   6.64e-03
  0  0   6.64e-03
  0  0   6.64e-03
  0  0   6.64e-03
  0  0   6.64e-03
  0  0   6.64e-03
  0  0   6.64e-03
  0  0   6.64e-03
  0  0   6.64e-03
  0  0   6.64e-03
  0  0   6.64e-03
  0  0   6.64e-03
  0  0   6.64e-03
  0  0   6.64e-03
  0  0   6.64e-03
  0  0   6.64e-03
  0  0   6.65e-03
  1 14   2.31e-03
  0  0   2.31e-03
  0  0   2.31e-03
  0  0   2.31e-03
  0  0   2.31e-03
  0  0   2.31e-03
  0  0   2.31e-03
  0  0   2.31e-03
  0  0   2.31e-03
  0  0   2.31e-03
  0  0   2.31e-03
  0  0   2.31e-03
  0  0   2.31e-03
  0  0   2.31e-03
  0  0   2.31e-03
  0  0   2.31e-03
  0  0   2.30e-03
  0  0   2.30e-03
  0  0   2.29e-03
  0  0   2.28e-03
  0  0   2.27e-03
  0  0   2.24e-03
  0  0   2.21e-03
  1 15   3.18e-03
  0  0   3.18e-03
  0  0   3.18e-03
  0  0   3.18e-03
  0  0   3.18e-03
  0  0   3.18e-03
  0  0   3.18e-03
  0  0   3.18e-03
  0  0   3.18e-03
  0  0   3.18e-03
  0  0   3.18e-03
  0  0   3.18e-03
  0  0   3.18e-03
  0  0   3.18e-03
  0  0   3.18e-03
  0  0   3.17e-03
  0  0   3.17e-03
  0  0   3.16e-03
  0  0   3.14e-03
  0  0   3.12e-03
  0  0   3.08e-03
  0  0   3.03e-03
  0  0   2.97e-03
  2  3   7.26e-02
  0  0   7.26e-02
  0  0   7.26e-02
  0  0   7.26e-02
  0  0   7.26e-02
  0  0   7.26e-02
  0  0   7.26e-02
  0  0   7.26e-02
  0  0   7.26e-02
  0  0   7.26e-02
  0  0   7.25e-02
  0  0   7.25e-02
  0  0   7.24e-02
  0  0   7.24e-02
  0  0   7.22e-02
  0  0   7.20e-02
  0  0   7.16e-02
  0  0   7.10e-02
  0  0   7.01e-02
  0  0   6.88e-02
  0  0   6.68e-02
  0  0   6.40e-02
  0  0   6.03e-02
  2  4   2.26e-03
  0  0   2.26e-03
  0  0   2.26e-03
  0  0   2.26e-03
  0  0   2.26e-03
  0  0   2.26e-03
  0  0   2.26e-03
  0  0   2.26e-03
  0  0   2.26e-03
  0  0   2.26e-03
  0  0   2.26e-03
  0  0   2.26e-03
  0  0   2.26e-03
  0  0   2.26e-03
  0  0   2.26e-03
  0  0   2.26e-03
  0  0   2.26e-03
  0  0   2.25e-03
  0  0   2.25e-03
  0  0   2.25e-03
  0  0   2.26e-03
  0  0   2.27e-03
  0  0   2.32e-03
  2  5   3.38e-02
  0  0   3.38e-02
  0  0   3.38e-02
  0  0   3.38e-02
  0  0   3.38e-02
  0  0   3.38e-02
  0  0   3.38e-02
  0  0   3.38e-02
  0  0   3.38e-02
  0  0   3.38e-02
  0  0   3.38e-02
  0  0   3.38e-02
  0  0   3.38e-02
  0  0   3.38e-02
  0  0   3.38e-02
  0  0   3.38e-02
  0  0   3.38e-02
  0  0   3.38e-02
  0  0   3.39e-02
  0  0   3.39e-02
  0  0   3.40e-02
  0  0   3.41e-02
  0  0   3.43e-02
  2  6   9.93e-03
  0  0   9.93e-03
  0  0   9.93e-03
  0  0   9.93e-03
  0  0   9.93e-03
  0  0   9.93e-03
  0  0   9.93e-03
  0  0   9.92e-03
  0  0   9.92e-03
  0  0   9.92e-03
  0  0   9.92e-03
  0  0   9.91e-03
  0  0   9.90e-03
  0  0   9.89e-03
  0  0   9.87e-03
  0  0   9.84e-03
  0  0   9.79e-03
  0  0   9.71e-03
  0  0   9.59e-03
  0  0   9.40e-03
  0  0   9.14e-03
  0  0   8.79e-03
  0  0   8.38e-03
  2  7   1.05e-01
  0  0   1.05e-01
  0  0   1.05e-01
  0  0   1.05e-01
  0  0   1.05e-01
  0  0   1.05e-01
  0  0   1.05e-01
  0  0   1.05e-01
  0  0   1.05e-01
  0  0   1.05e-01
  0  0   1.05e-01
  0  0   1.05e-01
  0  0   1.05e-01
  0  0   1.05e-01
  0  0   1.05e-01
  0  0   1.06e-01
  0  0   1.06e-01
  0  0   1.07e-01
  0  0   1.08e-01
  0  0   1.11e-01
  0  0   1.14e-01
  0  0   1.19e-01
  0  0   1.26e-01
  2  8   1.93e-02
  0  0   1.93e-02
  0  0   1.93e-02
  0  0   1.93e-02
  0  0   1.93e-02
  0  0   1.93e-02
  0  0   1.93e-02
  0  0   1.93e-02
  0  0   1.93e-02
  0  0   1.93e-02
  0  0   1.93e-02
  0  0   1.93e-02
  0  0   1.93e-02
  0  0   1.92e-02
  0  0   1.92e-02
  0  0   1.91e-02
  0  0   1.89e-02
  0  0   1.87e-02
  0  0   1.84e-02
  0  0   1.78e-02
  0  0   1.71e-02
  0  0   1.60e-02
  0  0   1.48e-02
  2  9   7.37e-04
  0  0   7.37e-04
  0  0   7.37e-04
  0  0   7.37e-04
  0  0   7.37e-04
  0  0   7.37e-04
  0  0   7.37e-04
  0  0   7.37e-04
  0  0   7.37e-04
  0  0   7.37e-04
  0  0   7.37e-04
  0  0   7.37e-04
  0  0   7.37e-04
  0  0   7.36e-04
  0  0   7.35e-04
  0  0   7.34e-04
  0  0   7.32e-04
  0  0   7.29e-04
  0  0   7.25e-04
  0  0   7.18e-04
  0  0   7.08e-04
  0  0   6.94e-04
  0  0   6.77e-04
  2 10   6.93e-03
  0  0   6.93e-03
  0  0   6.93e-03
  0  0   6.93e-03
  0  0   6.93e-03
  0  0   6.93e-03
  0  0   6.93e-03
  0  0   6.93e-03
  0  0   6.93e-03
  0  0   6.93e-03
  0  0   6.93e-03
  0  0   6.93e-03
  0  0   6.93e-03
  0  0   6.93e-03
  0  0   6.93e-03
  0  0   6.93e-03
  0  0   6.93e-03
  0  0   6.92e-03
  0  0   6.92e-03
  0  0   6.91e-03
  0  0   6.90e-03
  0  0   6.89e-03
  0  0   6.88e-03
  2 11   3.26e-03
  0  0   3.26e-03
  0  0   3.26e-03
  0  0   3.26e-03
  0  0   3.26e-03
  0  0   3.26e-03
  0  0   3.26e-03
  0  0   3.26e-03
  0  0   3.26e-03
  0  0   3.26e-03
  0  0   3.26e-03
  0  0   3.26e-03
  0  0   3.25e-03
  0  0   3.25e-03
  0  0   3.24e-03
  0  0   3.23e-03
  0  0   3.21e-03
  0  0   3.17e-03
  0  0   3.12e-03
  0  0   3.05e-03
  0  0   2.94e-03
  0  0   2.79e-03
  0  0   2.60e-03
  2 12   2.01e-02
  0  0   2.01e-02
  0  0   2.01e-02
  0  0   2.01e-02
  0  0   2.01e-02
  0  0   2.01e-02
  0  0   2.01e-02
  0  0   2.01e-02
  0  0   2.01e-02
  0  0   2.01e-02
  0  0   2.01e-02
  0  0   2.01e-02
  0  0   2.01e-02
  0  0   2.02e-02
  0  0   2.02e-02
  0  0   2.02e-02
  0  0   2.03e-02
  0  0   2.04e-02
  0  0   2.06e-02
  0  0   2.09e-02
  0  0   2.13e-02
  0  0   2.19e-02
  0  0   2.30e-02
  2 13   6.10e-03
  0  0   6.10e-03
  0  0   6.10e-03
  0  0   6.10e-03
  0  0   6.10e-03
  0  0   6.10e-03
  0  0   6.10e-03
  0  0   6.10e-03
  0  0   6.10e-03
  0  0   6.10e-03
  0  0   6.09e-03
  0  0   6.09e-03
  0  0   6.08e-03
  0  0   6.06e-03
  0  0   6.04e-03
  0  0   6.01e-03
  0  0   5.95e-03
  0  0   5.87e-03
  0  0   5.74e-03
  0  0   5.55e-03
  0  0   5.27e-03
  0  0   4.88e-03
  0  0   4.41e-03
  2 14   3.09e-03
  0  0   3.09e-03
  0  0   3.09e-03
  0  0   3.09e-03
  0  0   3.09e-03
  0  0   3.09e-03
  0  0   3.09e-03
  0  0   3.09e-03
  0  0   3.09e-03
  0  0   3.09e-03
  0  0   3.09e-03
  0  0   3.10e-03
  0  0   3.10e-03
  0  0   3.10e-03
  0  0   3.10e-03
  0  0   3.11e-03
  0  0   3.12e-03
  0  0   3.14e-03
  0  0   3.16e-03
  0  0   3.21e-03
  0  0   3.27e-03
  0  0   3.37e-03
  0  0   3.51e-03
  2 15   2.40e-03
  0  0   2.40e-03
  0  0   2.40e-03
  0  0   2.40e-03
  0  0   2.40e-03
  0  0   2.40e-03
  0  0   2.40e-03
  0  0   2.40e-03
  0  0   2.40e-03
  0  0   2.40e-03
  0  0   2.39e-03
  0  0   2.39e-03
  0  0   2.39e-03
  0  0   2.38e-03
  0  0   2.37e-03
  0  0   2.35e-03
  0  0   2.33e-03
  0  0   2.29e-03
  0  0   2.22e-03
  0  0   2.13e-03
  0  0   2.01e-03
  0  0   1.84e-03
  0  0   1.65e-03
  3  4   4.54e-03
  0  0   4.54e-03
  0  0   4.54e-03
  0  0   4.54e-03
  0  0   4.54e-03
  0  0   4.54e-03
  0  0   4.54e-03
  0  0   4.54e-03
  0  0   4.54e-03
  0  0   4.54e-03
  0  0   4.54e-03
  0  0   4.54e-03
  0  0   4.54e-03
  0  0   4.54e-03
  0  0   4.54e-03
  0  0   4.54e-03
  0  0   4.54e-03
  0  0   4.55e-03
  0  0   4.55e-03
  0  0   4.56e-03
  0  0   4.58e-03
  0  0   4.63e-03
  0  0   4.74e-03
  3  5   1.01e-02
  0  0   1.01e-02
  0  0   1.01e-02
  0  0   1.01e-02
  0  0   1.01e-02
  0  0   1.01e-02
  0  0   1.01e-02
  0  0   1.01e-02
  0  0   1.01e-02
  0  0   1.01e-02
  0  0   1.01e-02
  0  0   1.01e-02
  0  0   1.00e-02
  0  0   1.00e-02
  0  0   1.00e-02
  0  0   9.99e-03
  0  0   9.94e-03
  0  0   9.86e-03
  0  0   9.74e-03
  0  0   9.57e-03
  0  0   9.32e-03
  0  0   8.97e-03
  0  0   8.55e-03
  3  6   7.79e-02
  0  0   7.79e-02
  0  0   7.79e-02
  0  0   7.79e-02
  0  0   7.79e-02
  0  0   7.79e-02
  0  0   7.79e-02
  0  0   7.79e-02
  0  0   7.79e-02
  0  0   7.79e-02
  0  0   7.79e-02
  0  0   7.79e-02
  0  0   7.79e-02
  0  0   7.79e-02
  0  0   7.79e-02
  0  0   7.79e-02
  0  0   7.79e-02
  0  0   7.78e-02
  0  0   7.78e-02
  0  0   7.77e-02
  0  0   7.76e-02
  0  0   7.75e-02
  0  0   7.74e-02
  3  7   4.50e-02
  0  0   4.50e-02
  0  0   4.50e-02
  0  0   4.50e-02
  0  0   4.50e-02
  0  0   4.50e-02
  0  0   4.50e-02
  0  0   4.50e-02
  0  0   4.50e-02
  0  0   4.50e-02
  0  0   4.50e-02
  0  0   4.50e-02
  0  0   4.50e-02
  0  0   4.49e-02
  0  0   4.49e-02
  0  0   4.48e-02
  0  0   4.48e-02
  0  0   4.46e-02
  0  0   4.45e-02
  0  0   4.42e-02
  0  0   4.39e-02
  0  0   4.36e-02
  0  0   4.36e-02
  3  8   2.07e-01
  0  0   2.07e-01
  0  0   2.07e-01
  0  0   2.07e-01
  0  0   2.07e-01
  0  0   2.07e-01
  0  0   2.07e-01
  0  0   2.07e-01
  0  0   2.07e-01
  0  0   2.07e-01
  0  0   2.07e-01
  0  0   2.07e-01
  0  0   2.08e-01
  0  0   2.08e-01
  0  0   2.08e-01
  0  0   2.09e-01
  0  0   2.10e-01
  0  0   2.11e-01
  0  0   2.13e-01
  0  0   2.17e-01
  0  0   2.22e-01
  0  0   2.30e-01
  0  0   2.42e-01
  3  9   1.48e-03
  0  0   1.48e-03
  0  0   1.48e-03
  0  0   1.48e-03
  0  0   1.48e-03
  0  0   1.48e-03
  0  0   1.48e-03
  0  0   1.48e-03
  0  0   1.48e-03
  0  0   1.48e-03
  0  0   1.48e-03
  0  0   1.48e-03
  0  0   1.48e-03
  0  0   1.48e-03
  0  0   1.48e-03
  0  0   1.48e-03
  0  0   1.47e-03
  0  0   1.47e-03
  0  0   1.46e-03
  0  0   1.44e-03
  0  0   1.42e-03
  0  0   1.39e-03
  0  0   1.36e-03
  3 10   3.29e-03
  0  0   3.29e-03
  0  0   3.29e-03
  0  0   3.29e-03
  0  0   3.29e-03
  0  0   3.29e-03
  0  0   3.29e-03
  0  0   3.29e-03
  0  0   3.29e-03
  0  0   3.29e-03
  0  0   3.29e-03
  0  0   3.29e-03
  0  0   3.28e-03
  0  0   3.28e-03
  0  0   3.27e-03
  0  0   3.26e-03
  0  0   3.24e-03
  0  0   3.20e-03
  0  0   3.15e-03
  0  0   3.08e-03
  0  0   2.96e-03
  0  0   2.81e-03
  0  0   2.63e-03
  3 11   1.72e-02
  0  0   1.72e-02
  0  0   1.72e-02
  0  0   1.72e-02
  0  0   1.72e-02
  0  0   1.72e-02
  0  0   1.72e-02
  0  0   1.72e-02
  0  0   1.72e-02
  0  0   1.72e-02
  0  0   1.72e-02
  0  0   1.72e-02
  0  0   1.72e-02
  0  0   1.72e-02
  0  0   1.72e-02
  0  0   1.72e-02
  0  0   1.71e-02
  0  0   1.71e-02
  0  0   1.71e-02
  0  0   1.70e-02
  0  0   1.68e-02
  0  0   1.67e-02
  0  0   1.65e-02
  3 12   1.15e-02
  0  0   1.15e-02
  0  0   1.15e-02
  0  0   1.15e-02
  0  0   1.15e-02
  0  0   1.15e-02
  0  0   1.15e-02
  0  0   1.15e-02
  0  0   1.15e-02
  0  0   1.15e-02
  0  0   1.15e-02
  0  0   1.15e-02
  0  0   1.15e-02
  0  0   1.15e-02
  0  0   1.14e-02
  0  0   1.14e-02
  0  0   1.13e-02
  0  0   1.13e-02
  0  0   1.11e-02
  0  0   1.09e-02
  0  0   1.07e-02
  0  0   1.03e-02
  0  0   9.98e-03
  3 13   4.15e-02
  0  0   4.15e-02
  0  0   4.15e-02
  0  0   4.15e-02
  0  0   4.15e-02
  0  0   4.15e-02
  0  0   4.15e-02
  0  0   4.15e-02
  0  0   4.15e-02
  0  0   4.15e-02
  0  0   4.15e-02
  0  0   4.15e-02
  0  0   4.15e-02
  0  0   4.16e-02
  0  0   4.16e-02
  0  0   4.16e-02
  0  0   4.17e-02
  0  0   4.19e-02
  0  0   4.21e-02
  0  0   4.24e-02
  0  0   4.30e-02
  0  0   4.39e-02
  0  0   4.54e-02
  3 14   4.03e-03
  0  0   4.03e-03
  0  0   4.03e-03
  0  0   4.03e-03
  0  0   4.03e-03
  0  0   4.03e-03
  0  0   4.03e-03
  0  0   4.03e-03
  0  0   4.03e-03
  0  0   4.03e-03
  0  0   4.03e-03
  0  0   4.03e-03
  0  0   4.02e-03
  0  0   4.01e-03
  0  0   4.00e-03
  0  0   3.99e-03
  0  0   3.96e-03
  0  0   3.92e-03
  0  0   3.86e-03
  0  0   3.76e-03
  0  0   3.62e-03
  0  0   3.43e-03
  0  0   3.19e-03
  3 15   7.22e-03
  0  0   7.22e-03
  0  0   7.22e-03
  0  0   7.22e-03
  0  0   7.22e-03
  0  0   7.22e-03
  0  0   7.22e-03
  0  0   7.22e-03
  0  0   7.22e-03
  0  0   7.22e-03
  0  0   7.22e-03
  0  0   7.22e-03
  0  0   7.22e-03
  0  0   7.22e-03
  0  0   7.22e-03
  0  0   7.22e-03
  0  0   7.21e-03
  0  0   7.21e-03
  0  0   7.20e-03
  0  0   7.19e-03
  0  0   7.18e-03
  0  0   7.19e-03
  0  0   7.27e-03
 0 0 0
  1  2   1.159e+09
  1  3   1.552e+09
  1  4   0.000e+00
  1  5   1.458e+12
  1  6   1.434e+12
  1  7   1.109e+09
  1  8   1.111e+09
  1  9   0.000e+00
  1 10   6.548e+11
  1 11   6.471e+11
  1 12   1.821e+08
  1 13   1.837e+08
  1 14   0.000e+00
  1 15   0.000e+00
  2  3   1.875e+02
  2  4   1.875e+11
  2  5   0.000e+00
  2  6   2.160e+08
  2  7   3.546e+12
  2  8   7.393e+05
  2  9   7.443e+10
  2 10   0.000e+00
  2 11   1.273e+08
  2 12   1.193e+12
  2 13   0.000e+00
  2 14   7.758e+08
  2 15   0.000e+00
  3  4   3.843e+11
  3  5   4.313e+08
  3  6   2.151e+08
  3  7   7.048e+11
  3  8   4.241e+12
  3  9   1.550e+11
  3 10   2.604e+08
  3 11   1.306e+08
  3 12   2.346e+11
  3 13   1.421e+12
  3 14   2.203e+08
  3 15   9.914e+08
  4  5   1.505e+08
  4  6   2.035e+08
  4  7   8.879e+01
  4  8   9.948e+01
  4  9   0.000e+00
  4 10   1.850e+11
  4 11   1.824e+11
  4 12   0.000e+00
  4 13   0.000e+00
  4 14   0.000e+00
  4 15   0.000e+00
  5  6   0.000e+00
  5  7   1.072e+07
  5  8   0.000e+00
  5  9   5.255e+10
  5 10   0.000e+00
  5 11   2.205e+07
  5 12   3.811e+11
  5 13   0.000e+00
  5 14   0.000e+00
  5 15   0.000e+00
  6  7   1.019e+06
  6  8   0.000e+00
  6  9   1.085e+11
  6 10   0.000e+00
  6 11   2.205e+07
  6 12   7.650e+10
  6 13   4.584e+11
  6 14   0.000e+00
  6 15   1.047e+08
  7  8   0.000e+00
  7  9   0.000e+00
  7 10   2.698e+10
  7 11   2.608e+09
  7 12   0.000e+00
  7 13   0.000e+00
  7 14   8.497e+11
  7 15   0.000e+00
  8  9   0.000e+00
  8 10   0.000e+00
  8 11   2.387e+10
  8 12   0.000e+00
  8 13   0.000e+00
  8 14   6.046e+10
  8 15   9.080e+11
  9 10   0.000e+00
  9 11   0.000e+00
  9 12   0.000e+00
  9 13   0.000e+00
  9 14   0.000e+00
  9 15   0.000e+00
 10 11   0.000e+00
 10 12   0.000e+00
 10 13   0.000e+00
 10 14   0.000e+00
 10 15   0.000e+00
 11 12   0.000e+00
 11 13   0.000e+00
 11 14   0.000e+00
 11 15   0.000e+00
 12 13   0.000e+00
 12 14   0.000e+00
 12 15   0.000e+00
 13 14   0.000e+00
 13 15   0.000e+00
 14 15   0.000e+00
  1  2        0.0
  2  2   256980.0
  3  4   282550.0
  4  2  4176024.0
  5  2  4239000.0
  6  4  4247000.0
  7  4  4280400.0
  8  6  4284000.0
  9  2  5605760.0
 10  2  5634760.0
 11  4  5637930.0
 12  4  5649020.0
 13  6  5650000.0
 14  6  5653310.0
 15  8  5653875.0
