51
** Atomic data from version 10 of the CHIANTI database **
Theoretical energies:
Fernandez-Menchero, L., Del Zanna, G. and Badnell, N.R.
A&A, 2014, 572, A115
doi = {10.1051/0004-6361/201424849

Note: only  bound levels have been retained.


Observed energy levels: Landi & Bhatia 2014, ADNDT, 100, Issue 6, p. 1519
doi: 10.1016/j.adt.2014.03.002

Produced as part of the 'CHIANTI' atomic data base collaboration by
Giulio Del Zanna, May 2020

-1
gf-values, A-values and theoretical energies:
Fernandez-Menchero, L., Del Zanna, G. and Badnell, N.R.
A&A, 2014, 572, A115
doi = {10.1051/0004-6361/201424849

Only transition probabilities with a branching ratio
greater than 10^(-5) have been retained.

Note: only  bound levels have been retained.

gf-values, A-values for the n=3 (lowest 26 levels):
MCHF calculation by
G. Tachiev and C. Froese Fischer, Method: MCHF (ab initio), 2002
https://nlte.nist.gov/MCHF/periodic.html

Observed energy levels: Landi & Bhatia 2014, ADNDT, 100, Issue 6, p. 1519
doi: 10.1016/j.adt.2014.03.002

Produced as part of the 'CHIANTI' atomic data base collaboration by
Giulio Del Zanna, May 2020

-1

oscillator strengths and effective collision strengths:

Fernandez-Menchero, L., Del Zanna, G. and Badnell, N.R.
A&A, 2014, 572, A115
doi = {10.1051/0004-6361/201424849

Note: only  bound levels have been retained.

Produced as part of the 'CHIANTI' atomic data base collaboration by
Giulio Del Zanna, May 2020


5 23
  1  3s2 1S0
  2  3s 3p 3P0
  3  3s 3p 3P1
  4  3s 3p 3P2
  5  3s 3p 1P1
     100.0
     158.5
     251.2
     398.1
     631.0
    1000.0
    1584.9
    2511.9
    3981.1
    6309.6
   10000.0
   15848.9
   25118.9
   39810.7
   63095.7
  100000.0
  158489.3
  251188.6
  398107.2
  630957.3
 1000000.0
 1584893.2
 2511886.4
0
  1  2   5.79e-02
  0  0   5.78e-02
  0  0   5.78e-02
  0  0   5.78e-02
  0  0   5.78e-02
  0  0   5.78e-02
  0  0   5.77e-02
  0  0   5.77e-02
  0  0   5.76e-02
  0  0   5.74e-02
  0  0   5.72e-02
  0  0   5.68e-02
  0  0   5.63e-02
  0  0   5.56e-02
  0  0   5.44e-02
  0  0   5.15e-02
  0  0   4.56e-02
  0  0   3.81e-02
  0  0   3.09e-02
  0  0   2.40e-02
  0  0   1.81e-02
  0  0   1.34e-02
  0  0   9.75e-03
  1  3   1.16e-01
  0  0   1.16e-01
  0  0   1.16e-01
  0  0   1.15e-01
  0  0   1.15e-01
  0  0   1.15e-01
  0  0   1.14e-01
  0  0   1.13e-01
  0  0   1.12e-01
  0  0   1.12e-01
  0  0   1.14e-01
  0  0   1.20e-01
  0  0   1.37e-01
  0  0   1.63e-01
  0  0   1.75e-01
  0  0   1.67e-01
  0  0   1.52e-01
  0  0   1.30e-01
  0  0   1.04e-01
  0  0   8.15e-02
  0  0   6.30e-02
  0  0   4.80e-02
  0  0   3.67e-02
  1  4   1.82e-01
  0  0   1.82e-01
  0  0   1.82e-01
  0  0   1.81e-01
  0  0   1.81e-01
  0  0   1.80e-01
  0  0   1.78e-01
  0  0   1.77e-01
  0  0   1.75e-01
  0  0   1.74e-01
  0  0   1.76e-01
  0  0   1.87e-01
  0  0   2.17e-01
  0  0   2.67e-01
  0  0   2.91e-01
  0  0   2.71e-01
  0  0   2.48e-01
  0  0   2.15e-01
  0  0   1.70e-01
  0  0   1.30e-01
  0  0   9.82e-02
  0  0   7.20e-02
  0  0   5.19e-02
  1  5   4.75e+00
  0  0   4.75e+00
  0  0   4.75e+00
  0  0   4.75e+00
  0  0   4.75e+00
  0  0   4.76e+00
  0  0   4.76e+00
  0  0   4.76e+00
  0  0   4.76e+00
  0  0   4.76e+00
  0  0   4.76e+00
  0  0   4.76e+00
  0  0   4.76e+00
  0  0   4.76e+00
  0  0   4.78e+00
  0  0   4.82e+00
  0  0   4.88e+00
  0  0   4.96e+00
  0  0   5.10e+00
  0  0   5.33e+00
  0  0   5.67e+00
  0  0   6.14e+00
  0  0   6.72e+00
  2  3   1.72e+00
  0  0   1.73e+00
  0  0   1.73e+00
  0  0   1.73e+00
  0  0   1.73e+00
  0  0   1.74e+00
  0  0   1.74e+00
  0  0   1.75e+00
  0  0   1.76e+00
  0  0   1.76e+00
  0  0   1.75e+00
  0  0   1.68e+00
  0  0   1.50e+00
  0  0   1.20e+00
  0  0   1.05e+00
  0  0   1.07e+00
  0  0   9.52e-01
  0  0   7.83e-01
  0  0   6.47e-01
  0  0   4.95e-01
  0  0   3.51e-01
  0  0   2.48e-01
  0  0   1.71e-01
  2  4   1.56e+00
  0  0   1.56e+00
  0  0   1.56e+00
  0  0   1.56e+00
  0  0   1.56e+00
  0  0   1.57e+00
  0  0   1.57e+00
  0  0   1.58e+00
  0  0   1.58e+00
  0  0   1.58e+00
  0  0   1.57e+00
  0  0   1.52e+00
  0  0   1.41e+00
  0  0   1.23e+00
  0  0   1.13e+00
  0  0   1.12e+00
  0  0   1.00e+00
  0  0   8.46e-01
  0  0   7.17e-01
  0  0   5.87e-01
  0  0   4.72e-01
  0  0   3.92e-01
  0  0   3.36e-01
  2  5   2.55e-01
  0  0   2.55e-01
  0  0   2.55e-01
  0  0   2.55e-01
  0  0   2.55e-01
  0  0   2.55e-01
  0  0   2.55e-01
  0  0   2.55e-01
  0  0   2.56e-01
  0  0   2.55e-01
  0  0   2.53e-01
  0  0   2.47e-01
  0  0   2.34e-01
  0  0   2.13e-01
  0  0   1.98e-01
  0  0   1.90e-01
  0  0   1.63e-01
  0  0   1.30e-01
  0  0   1.03e-01
  0  0   7.70e-02
  0  0   5.46e-02
  0  0   3.84e-02
  0  0   2.64e-02
  3  4   5.22e+00
  0  0   5.22e+00
  0  0   5.23e+00
  0  0   5.23e+00
  0  0   5.24e+00
  0  0   5.24e+00
  0  0   5.26e+00
  0  0   5.27e+00
  0  0   5.29e+00
  0  0   5.30e+00
  0  0   5.27e+00
  0  0   5.14e+00
  0  0   4.81e+00
  0  0   4.26e+00
  0  0   3.99e+00
  0  0   4.03e+00
  0  0   3.65e+00
  0  0   3.09e+00
  0  0   2.57e+00
  0  0   2.04e+00
  0  0   1.57e+00
  0  0   1.24e+00
  0  0   1.00e+00
  3  5   8.70e-01
  0  0   8.70e-01
  0  0   8.70e-01
  0  0   8.70e-01
  0  0   8.70e-01
  0  0   8.71e-01
  0  0   8.71e-01
  0  0   8.71e-01
  0  0   8.70e-01
  0  0   8.68e-01
  0  0   8.61e-01
  0  0   8.45e-01
  0  0   8.10e-01
  0  0   7.54e-01
  0  0   7.10e-01
  0  0   6.70e-01
  0  0   5.75e-01
  0  0   4.60e-01
  0  0   3.58e-01
  0  0   2.65e-01
  0  0   1.87e-01
  0  0   1.30e-01
  0  0   8.93e-02
  4  5   1.49e+00
  0  0   1.49e+00
  0  0   1.49e+00
  0  0   1.49e+00
  0  0   1.49e+00
  0  0   1.49e+00
  0  0   1.49e+00
  0  0   1.49e+00
  0  0   1.49e+00
  0  0   1.49e+00
  0  0   1.48e+00
  0  0   1.45e+00
  0  0   1.40e+00
  0  0   1.31e+00
  0  0   1.24e+00
  0  0   1.17e+00
  0  0   1.00e+00
  0  0   8.03e-01
  0  0   6.22e-01
  0  0   4.58e-01
  0  0   3.23e-01
  0  0   2.24e-01
  0  0   1.52e-01
 0 0 0
  1  2   1.000e-30
  1  3   2.903e+06
  1  4   4.965e-01
  1  5   1.053e+10
  2  3   0.000e+00
  2  4   3.586e-05
  2  5   0.000e+00
  3  4   4.564e-01
  3  5   0.000e+00
  4  5   0.000e+00
  1  1        0.0
  2  1   143127.0
  3  3   144629.0
  4  5   147865.0
  5  3   214482.0
