24
** Atomic data from version 10 of the CHIANTI database **
%filename: ca_5.elvlc
%Observed energies: v.3.0.3 of the online NIST database
%theoretical energies: Galavis, M.E., Mendoza, C., Zeippen, C.J. 1995, A&ASS 111, 347
%comment: The theoretical energies are from Table 3 of Galavis et al. and are for LS states.
% produced as part of the Arcetri/Cambridge/NRL 'CHIANTI' atomic data base collaboration
%
%   Peter Young   -   9-Jun-2006
%filename: ca_5.wgfa
%Observed energies: v.3.0.3 of the online NIST database
%A-values: Biemont, E., & Hansen, J.E., 1986, Phys. Scripta, 34, 116
% produced as part of the Arcetri/Cambridge/NRL 'CHIANTI' atomic data base collaboration
%
%   Peter Young   -   9-Jun-2006
%File processed with wgfa_tidy by pryoung on  6-Mar-2019
-1
%filename: ca_5.splups
%Theoretical energies: Galavis, M.E., Mendoza, C., Zeippen, C.J. 1995, A&ASS 111, 347
%Upsilons: Galavis, M.E., Mendoza, C., Zeippen, C.J. 1995, A&ASS 111, 347
%comment: Observed energies used for transitions between levels 1,2 and 3.
%comment: The original upsilons are valid over the range 10^3 - 10^5 K.  The spline fits reproduce the original upsilons to within 0.38%.
% produced as part of the Arcetri/Cambridge/NRL 'CHIANTI' atomic data base collaboration
%
%    Peter Young  -   9-Jun-2006
5 23
  1  3s2.3p4 3P2
  2  3s2.3p4 3P1
  3  3s2.3p4 3P0
  4  3s2.3p4 1D2
  5  3s2.3p4 1S0
     100.0
     158.5
     251.2
     398.1
     631.0
    1000.0
    1584.9
    2511.9
    3981.1
    6309.6
   10000.0
   15848.9
   25118.9
   39810.7
   63095.7
  100000.0
  158489.3
  251188.6
  398107.2
  630957.3
 1000000.0
 1584893.2
 2511886.4
0
  1  2   3.47e+00
  0  0   3.40e+00
  0  0   3.29e+00
  0  0   3.14e+00
  0  0   2.94e+00
  0  0   2.70e+00
  0  0   2.45e+00
  0  0   2.26e+00
  0  0   2.20e+00
  0  0   2.22e+00
  0  0   2.30e+00
  0  0   2.44e+00
  0  0   2.68e+00
  0  0   3.00e+00
  0  0   3.26e+00
  0  0   3.38e+00
  0  0   3.40e+00
  0  0   3.38e+00
  0  0   3.34e+00
  0  0   3.31e+00
  0  0   3.29e+00
  0  0   3.27e+00
  0  0   3.26e+00
  1  3   8.33e-01
  0  0   8.16e-01
  0  0   7.91e-01
  0  0   7.55e-01
  0  0   7.09e-01
  0  0   6.55e-01
  0  0   6.06e-01
  0  0   5.82e-01
  0  0   5.90e-01
  0  0   6.15e-01
  0  0   6.48e-01
  0  0   7.04e-01
  0  0   7.89e-01
  0  0   8.86e-01
  0  0   9.56e-01
  0  0   9.83e-01
  0  0   9.82e-01
  0  0   9.71e-01
  0  0   9.57e-01
  0  0   9.46e-01
  0  0   9.38e-01
  0  0   9.32e-01
  0  0   9.29e-01
  1  4   2.09e+00
  0  0   2.05e+00
  0  0   2.00e+00
  0  0   1.93e+00
  0  0   1.83e+00
  0  0   1.71e+00
  0  0   1.59e+00
  0  0   1.52e+00
  0  0   1.52e+00
  0  0   1.59e+00
  0  0   1.70e+00
  0  0   1.86e+00
  0  0   2.05e+00
  0  0   2.21e+00
  0  0   2.24e+00
  0  0   2.15e+00
  0  0   2.00e+00
  0  0   1.86e+00
  0  0   1.74e+00
  0  0   1.65e+00
  0  0   1.59e+00
  0  0   1.55e+00
  0  0   1.53e+00
  1  5   6.85e-02
  0  0   6.94e-02
  0  0   7.08e-02
  0  0   7.29e-02
  0  0   7.62e-02
  0  0   8.18e-02
  0  0   9.16e-02
  0  0   1.11e-01
  0  0   1.50e-01
  0  0   2.11e-01
  0  0   2.90e-01
  0  0   3.84e-01
  0  0   4.58e-01
  0  0   4.81e-01
  0  0   4.56e-01
  0  0   4.07e-01
  0  0   3.57e-01
  0  0   3.15e-01
  0  0   2.83e-01
  0  0   2.61e-01
  0  0   2.46e-01
  0  0   2.36e-01
  0  0   2.30e-01
  2  3   1.29e+00
  0  0   1.26e+00
  0  0   1.22e+00
  0  0   1.16e+00
  0  0   1.08e+00
  0  0   9.80e-01
  0  0   8.66e-01
  0  0   7.62e-01
  0  0   6.95e-01
  0  0   6.70e-01
  0  0   6.71e-01
  0  0   6.86e-01
  0  0   7.25e-01
  0  0   8.04e-01
  0  0   8.86e-01
  0  0   9.36e-01
  0  0   9.57e-01
  0  0   9.63e-01
  0  0   9.63e-01
  0  0   9.60e-01
  0  0   9.58e-01
  0  0   9.56e-01
  0  0   9.54e-01
  2  4   1.25e+00
  0  0   1.23e+00
  0  0   1.20e+00
  0  0   1.16e+00
  0  0   1.10e+00
  0  0   1.03e+00
  0  0   9.55e-01
  0  0   9.10e-01
  0  0   9.13e-01
  0  0   9.56e-01
  0  0   1.02e+00
  0  0   1.11e+00
  0  0   1.23e+00
  0  0   1.33e+00
  0  0   1.34e+00
  0  0   1.29e+00
  0  0   1.20e+00
  0  0   1.12e+00
  0  0   1.04e+00
  0  0   9.93e-01
  0  0   9.56e-01
  0  0   9.32e-01
  0  0   9.16e-01
  2  5   4.18e-02
  0  0   4.22e-02
  0  0   4.28e-02
  0  0   4.39e-02
  0  0   4.57e-02
  0  0   4.89e-02
  0  0   5.49e-02
  0  0   6.66e-02
  0  0   8.96e-02
  0  0   1.27e-01
  0  0   1.74e-01
  0  0   2.30e-01
  0  0   2.75e-01
  0  0   2.89e-01
  0  0   2.73e-01
  0  0   2.43e-01
  0  0   2.12e-01
  0  0   1.85e-01
  0  0   1.66e-01
  0  0   1.52e-01
  0  0   1.43e-01
  0  0   1.37e-01
  0  0   1.33e-01
  3  4   4.19e-01
  0  0   4.12e-01
  0  0   4.02e-01
  0  0   3.87e-01
  0  0   3.67e-01
  0  0   3.42e-01
  0  0   3.19e-01
  0  0   3.03e-01
  0  0   3.04e-01
  0  0   3.19e-01
  0  0   3.41e-01
  0  0   3.72e-01
  0  0   4.11e-01
  0  0   4.42e-01
  0  0   4.48e-01
  0  0   4.31e-01
  0  0   4.02e-01
  0  0   3.74e-01
  0  0   3.51e-01
  0  0   3.34e-01
  0  0   3.23e-01
  0  0   3.15e-01
  0  0   3.10e-01
  3  5   1.37e-02
  0  0   1.39e-02
  0  0   1.41e-02
  0  0   1.46e-02
  0  0   1.52e-02
  0  0   1.63e-02
  0  0   1.83e-02
  0  0   2.21e-02
  0  0   2.99e-02
  0  0   4.22e-02
  0  0   5.79e-02
  0  0   7.68e-02
  0  0   9.17e-02
  0  0   9.61e-02
  0  0   9.11e-02
  0  0   8.15e-02
  0  0   7.14e-02
  0  0   6.29e-02
  0  0   5.66e-02
  0  0   5.21e-02
  0  0   4.92e-02
  0  0   4.72e-02
  0  0   4.59e-02
  4  5   8.54e-01
  0  0   8.75e-01
  0  0   9.07e-01
  0  0   9.53e-01
  0  0   1.02e+00
  0  0   1.10e+00
  0  0   1.20e+00
  0  0   1.28e+00
  0  0   1.34e+00
  0  0   1.35e+00
  0  0   1.35e+00
  0  0   1.35e+00
  0  0   1.38e+00
  0  0   1.40e+00
  0  0   1.37e+00
  0  0   1.29e+00
  0  0   1.19e+00
  0  0   1.10e+00
  0  0   1.03e+00
  0  0   9.77e-01
  0  0   9.41e-01
  0  0   9.17e-01
  0  0   9.02e-01
 0 0 0
  1  2   3.079e-01
  1  3   3.960e-05
  1  4   1.955e+00
  1  5   1.224e-01
  2  3   3.681e-02
  2  4   4.356e-01
  2  5   2.345e+01
  3  4   7.986e-05
  3  5   0.000e+00
  4  5   3.697e+00
  1  5        0.0
  2  3     2404.7
  3  1     3275.6
  4  5    18830.3
  5  1    43836.5
