27
** Atomic data from version 10 of the CHIANTI database **
%filename: ca_8.elvlc
%observed energy levels: Churilov S.S., Levashov V.E., 1993, Physica Scripta 48, 425
%theoretical energy levels: Churilov S.S., Levashov V.E., 1993, Physica Scripta 48, 425
%comment: Churilov et al. experimental energies have been used to calculate A values from
line strengths, so they are reported instead of the theoretical energies
%produced as part of the Arcetri/Cambridge/NRL 'CHIANTI' atomic data base collaboration
%
% Enrico Landi - Aug 2001
%filename: ca_8.wgfa
%observed energy levels: Churilov S.S., Levashov V.E., 1993, Physica Scripta 48, 425
%Radiative data: Landi, Storey & Zeippen 2004, ApJ, 607, 640
%produced as part of the Arcetri/Cambridge/NRL 'CHIANTI' atomic data base collaboration
%
% Enrico Landi - Sept 2001

K. Dere  -  minimum branching ratio =   1.00e-05
2017 December 06
%File processed with wgfa_tidy by pryoung on  6-Mar-2019
-1
%filename: ca_8.splups
%oscillator strengths: Landi, Storey, & Zeippen, 2004, ApJ, 607, 640
%effective collision strengths: Landi, Storey & Zeippen, 2004, ApJ, 607, 640
%Comment: upsilon have been fitted in the range 4.5 < Log T < 7.0
%produced as part of the Arcetri/Cambridge/NRL 'CHIANTI' atomic data base collaboration
%
% Enrico Landi - Sept 2001
12 23
  1  3s2.3p 2P0
  2  3s2.3p 2P1
  3  3s.3p2 4P0
  4  3s.3p2 4P1
  5  3s.3p2 4P2
  6  3s.3p2 2D1
  7  3s.3p2 2D2
  8  3s.3p2 2S0
  9  3s.3p2 2P0
 10  3s.3p2 2P1
 11  3s2.3d 2D1
 12  3s2.3d 2D2
     100.0
     158.5
     251.2
     398.1
     631.0
    1000.0
    1584.9
    2511.9
    3981.1
    6309.6
   10000.0
   15848.9
   25118.9
   39810.7
   63095.7
  100000.0
  158489.3
  251188.6
  398107.2
  630957.3
 1000000.0
 1584893.2
 2511886.4
0
  1  2   6.80e+00
  0  0   6.80e+00
  0  0   6.80e+00
  0  0   6.80e+00
  0  0   6.79e+00
  0  0   6.78e+00
  0  0   6.77e+00
  0  0   6.75e+00
  0  0   6.72e+00
  0  0   6.67e+00
  0  0   6.59e+00
  0  0   6.49e+00
  0  0   6.33e+00
  0  0   6.12e+00
  0  0   5.86e+00
  0  0   5.53e+00
  0  0   5.07e+00
  0  0   4.31e+00
  0  0   3.42e+00
  0  0   2.60e+00
  0  0   1.93e+00
  0  0   1.43e+00
  0  0   1.07e+00
  1  3   1.89e-01
  0  0   1.89e-01
  0  0   1.89e-01
  0  0   1.89e-01
  0  0   1.88e-01
  0  0   1.88e-01
  0  0   1.87e-01
  0  0   1.86e-01
  0  0   1.84e-01
  0  0   1.82e-01
  0  0   1.77e-01
  0  0   1.71e-01
  0  0   1.63e-01
  0  0   1.51e-01
  0  0   1.37e-01
  0  0   1.20e-01
  0  0   1.02e-01
  0  0   8.39e-02
  0  0   6.71e-02
  0  0   5.28e-02
  0  0   4.09e-02
  0  0   3.15e-02
  0  0   2.43e-02
  1  4   3.13e-01
  0  0   3.13e-01
  0  0   3.13e-01
  0  0   3.13e-01
  0  0   3.12e-01
  0  0   3.12e-01
  0  0   3.11e-01
  0  0   3.09e-01
  0  0   3.07e-01
  0  0   3.03e-01
  0  0   2.97e-01
  0  0   2.88e-01
  0  0   2.76e-01
  0  0   2.58e-01
  0  0   2.34e-01
  0  0   2.05e-01
  0  0   1.72e-01
  0  0   1.40e-01
  0  0   1.10e-01
  0  0   8.40e-02
  0  0   6.33e-02
  0  0   4.69e-02
  0  0   3.42e-02
  1  5   3.38e-01
  0  0   3.38e-01
  0  0   3.38e-01
  0  0   3.38e-01
  0  0   3.37e-01
  0  0   3.37e-01
  0  0   3.36e-01
  0  0   3.34e-01
  0  0   3.32e-01
  0  0   3.28e-01
  0  0   3.22e-01
  0  0   3.13e-01
  0  0   3.00e-01
  0  0   2.82e-01
  0  0   2.56e-01
  0  0   2.24e-01
  0  0   1.87e-01
  0  0   1.48e-01
  0  0   1.13e-01
  0  0   8.41e-02
  0  0   6.11e-02
  0  0   4.36e-02
  0  0   3.08e-02
  1  6   1.48e+00
  0  0   1.48e+00
  0  0   1.48e+00
  0  0   1.48e+00
  0  0   1.48e+00
  0  0   1.48e+00
  0  0   1.48e+00
  0  0   1.48e+00
  0  0   1.48e+00
  0  0   1.48e+00
  0  0   1.47e+00
  0  0   1.47e+00
  0  0   1.46e+00
  0  0   1.45e+00
  0  0   1.43e+00
  0  0   1.39e+00
  0  0   1.34e+00
  0  0   1.27e+00
  0  0   1.21e+00
  0  0   1.19e+00
  0  0   1.20e+00
  0  0   1.26e+00
  0  0   1.34e+00
  1  7   9.07e-01
  0  0   9.07e-01
  0  0   9.06e-01
  0  0   9.06e-01
  0  0   9.05e-01
  0  0   9.04e-01
  0  0   9.02e-01
  0  0   8.98e-01
  0  0   8.93e-01
  0  0   8.85e-01
  0  0   8.73e-01
  0  0   8.54e-01
  0  0   8.25e-01
  0  0   7.82e-01
  0  0   7.22e-01
  0  0   6.42e-01
  0  0   5.45e-01
  0  0   4.41e-01
  0  0   3.43e-01
  0  0   2.60e-01
  0  0   1.93e-01
  0  0   1.43e-01
  0  0   1.06e-01
  1  8   8.07e-01
  0  0   8.07e-01
  0  0   8.07e-01
  0  0   8.08e-01
  0  0   8.09e-01
  0  0   8.11e-01
  0  0   8.14e-01
  0  0   8.19e-01
  0  0   8.25e-01
  0  0   8.36e-01
  0  0   8.52e-01
  0  0   8.74e-01
  0  0   9.04e-01
  0  0   9.40e-01
  0  0   9.78e-01
  0  0   1.01e+00
  0  0   1.04e+00
  0  0   1.07e+00
  0  0   1.11e+00
  0  0   1.17e+00
  0  0   1.27e+00
  0  0   1.39e+00
  0  0   1.54e+00
  1  9   2.41e+00
  0  0   2.41e+00
  0  0   2.41e+00
  0  0   2.41e+00
  0  0   2.41e+00
  0  0   2.41e+00
  0  0   2.41e+00
  0  0   2.41e+00
  0  0   2.41e+00
  0  0   2.40e+00
  0  0   2.40e+00
  0  0   2.40e+00
  0  0   2.39e+00
  0  0   2.38e+00
  0  0   2.39e+00
  0  0   2.40e+00
  0  0   2.44e+00
  0  0   2.51e+00
  0  0   2.61e+00
  0  0   2.78e+00
  0  0   3.01e+00
  0  0   3.30e+00
  0  0   3.66e+00
  1 10   1.50e+00
  0  0   1.50e+00
  0  0   1.50e+00
  0  0   1.50e+00
  0  0   1.50e+00
  0  0   1.50e+00
  0  0   1.50e+00
  0  0   1.50e+00
  0  0   1.50e+00
  0  0   1.50e+00
  0  0   1.51e+00
  0  0   1.51e+00
  0  0   1.51e+00
  0  0   1.52e+00
  0  0   1.53e+00
  0  0   1.54e+00
  0  0   1.55e+00
  0  0   1.57e+00
  0  0   1.62e+00
  0  0   1.69e+00
  0  0   1.82e+00
  0  0   1.98e+00
  0  0   2.18e+00
  1 11   3.85e+00
  0  0   3.85e+00
  0  0   3.85e+00
  0  0   3.85e+00
  0  0   3.85e+00
  0  0   3.85e+00
  0  0   3.86e+00
  0  0   3.86e+00
  0  0   3.87e+00
  0  0   3.88e+00
  0  0   3.90e+00
  0  0   3.93e+00
  0  0   3.97e+00
  0  0   4.01e+00
  0  0   4.07e+00
  0  0   4.13e+00
  0  0   4.20e+00
  0  0   4.29e+00
  0  0   4.44e+00
  0  0   4.68e+00
  0  0   5.04e+00
  0  0   5.51e+00
  0  0   6.11e+00
  1 12   4.00e-01
  0  0   3.99e-01
  0  0   3.99e-01
  0  0   3.99e-01
  0  0   3.99e-01
  0  0   3.99e-01
  0  0   3.98e-01
  0  0   3.98e-01
  0  0   3.96e-01
  0  0   3.95e-01
  0  0   3.92e-01
  0  0   3.87e-01
  0  0   3.80e-01
  0  0   3.70e-01
  0  0   3.54e-01
  0  0   3.31e-01
  0  0   2.99e-01
  0  0   2.60e-01
  0  0   2.18e-01
  0  0   1.81e-01
  0  0   1.50e-01
  0  0   1.26e-01
  0  0   1.09e-01
  2  3   2.31e-01
  0  0   2.31e-01
  0  0   2.31e-01
  0  0   2.31e-01
  0  0   2.30e-01
  0  0   2.30e-01
  0  0   2.29e-01
  0  0   2.28e-01
  0  0   2.27e-01
  0  0   2.24e-01
  0  0   2.20e-01
  0  0   2.14e-01
  0  0   2.05e-01
  0  0   1.93e-01
  0  0   1.75e-01
  0  0   1.53e-01
  0  0   1.27e-01
  0  0   1.01e-01
  0  0   7.71e-02
  0  0   5.73e-02
  0  0   4.19e-02
  0  0   3.04e-02
  0  0   2.20e-02
  2  4   5.12e-01
  0  0   5.12e-01
  0  0   5.12e-01
  0  0   5.11e-01
  0  0   5.11e-01
  0  0   5.10e-01
  0  0   5.08e-01
  0  0   5.06e-01
  0  0   5.03e-01
  0  0   4.97e-01
  0  0   4.88e-01
  0  0   4.75e-01
  0  0   4.55e-01
  0  0   4.27e-01
  0  0   3.88e-01
  0  0   3.40e-01
  0  0   2.84e-01
  0  0   2.28e-01
  0  0   1.76e-01
  0  0   1.32e-01
  0  0   9.80e-02
  0  0   7.16e-02
  0  0   5.19e-02
  2  5   9.14e-01
  0  0   9.14e-01
  0  0   9.13e-01
  0  0   9.13e-01
  0  0   9.12e-01
  0  0   9.10e-01
  0  0   9.07e-01
  0  0   9.02e-01
  0  0   8.95e-01
  0  0   8.84e-01
  0  0   8.67e-01
  0  0   8.42e-01
  0  0   8.04e-01
  0  0   7.52e-01
  0  0   6.81e-01
  0  0   5.96e-01
  0  0   5.02e-01
  0  0   4.06e-01
  0  0   3.18e-01
  0  0   2.44e-01
  0  0   1.85e-01
  0  0   1.38e-01
  0  0   1.03e-01
  2  6   1.41e+00
  0  0   1.41e+00
  0  0   1.41e+00
  0  0   1.41e+00
  0  0   1.41e+00
  0  0   1.41e+00
  0  0   1.41e+00
  0  0   1.40e+00
  0  0   1.40e+00
  0  0   1.38e+00
  0  0   1.37e+00
  0  0   1.34e+00
  0  0   1.30e+00
  0  0   1.24e+00
  0  0   1.15e+00
  0  0   1.03e+00
  0  0   8.93e-01
  0  0   7.46e-01
  0  0   6.08e-01
  0  0   4.93e-01
  0  0   4.07e-01
  0  0   3.46e-01
  0  0   3.07e-01
  2  7   3.41e+00
  0  0   3.41e+00
  0  0   3.41e+00
  0  0   3.41e+00
  0  0   3.41e+00
  0  0   3.41e+00
  0  0   3.41e+00
  0  0   3.40e+00
  0  0   3.40e+00
  0  0   3.39e+00
  0  0   3.37e+00
  0  0   3.34e+00
  0  0   3.30e+00
  0  0   3.24e+00
  0  0   3.13e+00
  0  0   2.99e+00
  0  0   2.79e+00
  0  0   2.57e+00
  0  0   2.38e+00
  0  0   2.25e+00
  0  0   2.21e+00
  0  0   2.25e+00
  0  0   2.35e+00
  2  8   1.45e+00
  0  0   1.44e+00
  0  0   1.44e+00
  0  0   1.44e+00
  0  0   1.44e+00
  0  0   1.44e+00
  0  0   1.44e+00
  0  0   1.43e+00
  0  0   1.42e+00
  0  0   1.41e+00
  0  0   1.39e+00
  0  0   1.36e+00
  0  0   1.31e+00
  0  0   1.26e+00
  0  0   1.20e+00
  0  0   1.13e+00
  0  0   1.08e+00
  0  0   1.03e+00
  0  0   1.01e+00
  0  0   1.02e+00
  0  0   1.06e+00
  0  0   1.13e+00
  0  0   1.23e+00
  2  9   1.89e+00
  0  0   1.89e+00
  0  0   1.89e+00
  0  0   1.89e+00
  0  0   1.89e+00
  0  0   1.89e+00
  0  0   1.89e+00
  0  0   1.89e+00
  0  0   1.89e+00
  0  0   1.89e+00
  0  0   1.89e+00
  0  0   1.89e+00
  0  0   1.90e+00
  0  0   1.90e+00
  0  0   1.90e+00
  0  0   1.90e+00
  0  0   1.92e+00
  0  0   1.95e+00
  0  0   2.01e+00
  0  0   2.11e+00
  0  0   2.26e+00
  0  0   2.46e+00
  0  0   2.72e+00
  2 10   7.23e+00
  0  0   7.23e+00
  0  0   7.23e+00
  0  0   7.23e+00
  0  0   7.23e+00
  0  0   7.23e+00
  0  0   7.23e+00
  0  0   7.22e+00
  0  0   7.22e+00
  0  0   7.21e+00
  0  0   7.20e+00
  0  0   7.18e+00
  0  0   7.16e+00
  0  0   7.14e+00
  0  0   7.14e+00
  0  0   7.17e+00
  0  0   7.26e+00
  0  0   7.44e+00
  0  0   7.73e+00
  0  0   8.19e+00
  0  0   8.84e+00
  0  0   9.69e+00
  0  0   1.07e+01
  2 11   1.32e+00
  0  0   1.32e+00
  0  0   1.32e+00
  0  0   1.32e+00
  0  0   1.32e+00
  0  0   1.32e+00
  0  0   1.32e+00
  0  0   1.32e+00
  0  0   1.32e+00
  0  0   1.32e+00
  0  0   1.32e+00
  0  0   1.32e+00
  0  0   1.32e+00
  0  0   1.31e+00
  0  0   1.30e+00
  0  0   1.29e+00
  0  0   1.27e+00
  0  0   1.24e+00
  0  0   1.22e+00
  0  0   1.23e+00
  0  0   1.27e+00
  0  0   1.35e+00
  0  0   1.46e+00
  2 12   7.33e+00
  0  0   7.34e+00
  0  0   7.34e+00
  0  0   7.34e+00
  0  0   7.34e+00
  0  0   7.34e+00
  0  0   7.35e+00
  0  0   7.36e+00
  0  0   7.37e+00
  0  0   7.39e+00
  0  0   7.42e+00
  0  0   7.47e+00
  0  0   7.53e+00
  0  0   7.61e+00
  0  0   7.70e+00
  0  0   7.79e+00
  0  0   7.89e+00
  0  0   8.02e+00
  0  0   8.26e+00
  0  0   8.68e+00
  0  0   9.30e+00
  0  0   1.01e+01
  0  0   1.12e+01
 0 0 0
  1  2   7.183e-01
  1  3   1.342e+06
  1  4   2.463e+04
  1  5   0.000e+00
  1  6   7.224e+08
  1  7   0.000e+00
  1  8   4.033e+09
  1  9   1.176e+10
  1 10   3.619e+09
  1 11   2.031e+10
  1 12   0.000e+00
  2  3   7.570e+05
  2  4   4.248e+05
  2  5   1.195e+06
  2  6   7.976e+07
  2  7   7.451e+08
  2  8   2.839e+09
  2  9   8.280e+09
  2 10   1.692e+10
  2 11   4.208e+09
  2 12   2.358e+10
  3  4   0.000e+00
  3  5   0.000e+00
  3  6   0.000e+00
  3  7   0.000e+00
  3  8   0.000e+00
  3  9   0.000e+00
  3 10   0.000e+00
  3 11   0.000e+00
  3 12   0.000e+00
  4  5   0.000e+00
  4  6   0.000e+00
  4  7   0.000e+00
  4  8   0.000e+00
  4  9   0.000e+00
  4 10   0.000e+00
  4 11   0.000e+00
  4 12   0.000e+00
  5  6   0.000e+00
  5  7   0.000e+00
  5  8   0.000e+00
  5  9   0.000e+00
  5 10   0.000e+00
  5 11   0.000e+00
  5 12   0.000e+00
  6  7   0.000e+00
  6  8   0.000e+00
  6  9   0.000e+00
  6 10   0.000e+00
  6 11   0.000e+00
  6 12   0.000e+00
  7  8   0.000e+00
  7  9   0.000e+00
  7 10   0.000e+00
  7 11   0.000e+00
  7 12   0.000e+00
  8  9   0.000e+00
  8 10   0.000e+00
  8 11   0.000e+00
  8 12   0.000e+00
  9 10   0.000e+00
  9 11   0.000e+00
  9 12   0.000e+00
 10 11   0.000e+00
 10 12   0.000e+00
 11 12   0.000e+00
  1  2        0.0
  2  4     4307.0
  3  2   129823.0
  4  4   131403.0
  5  6   133764.0
  6  4   171576.0
  7  6   171832.0
  8  2   216587.0
  9  2   231016.0
 10  4   233592.0
 11  4   282353.0
 12  6   282574.0
