 32
** Atomic data from version 6 of the CHIANTI database **
%Observed energy levels (1 - 10): Edlen, 1983, Ph. Scr., 28, 51
%Observed energy levels (4,5): Feldman, Curdt, Landi, Wilhelm, 2000, ApJ, 544, 508
%Observed energy levels (11): from the spectrum of Acton et al 1985, ApJ, 291, 865
%Observed energy levels (12 - 16,25 - 26): Doschek et al 1973, J.Opt.Soc.Am, 63, 1463
%Observed energy levels (2s2.2p3.3d configuration): Fawcett & Hayes, 1975, MNRAS, 170, 185
%theoretical energy levels: Landi, E., Bhatia, A.K., 2005, A&A, 444, 305
%comment: theoretical energy levels come from the 24-configuration calculation in Landi & Bhatia (2005)
%produced as part of the Arcetri/Cambridge/NRL 'CHIANTI' atomic data base collaboration
%
% E. Landi - Mar 2005
%filename: ca_13.wgfa
%Observed energy levels (1-10): Edlen, 1983, Ph. Scr., 28, 51
%Observed energy levels (4,5): Feldman, Curdt, Landi, Wilhelm, 2000, ApJ, 544, 508
%Observed energy levels (11): from the spectrum of Acton et al 1985, ApJ, 291, 865
%Observed energy levels (12-16,25-26): Doschek et al 1973, J.Opt.Soc.Am, 63, 1463
%Observed energy levels (2s2.2p3.3d configuration): Fawcett & Hayes, 1975, MNRAS, 170, 185
%theoretical energy levels: Landi, E., Bhatia, A.K., 2005, A&A, 444, 305
%A values and oscillator strengths: Landi, E., Bhatia, A.K., 2005, A&A, 444, 305
%comment: theoretical energies and radiative data come from the 24-configuration calculation in Landi & Bhatia (2005)
%produced as part of the Arcetri/Cambridge/NRL 'CHIANTI' atomic data base collaboration
%
% E. Landi - Apr 2005

%filename: ca_13.splups
%Collision strengths: Landi & Bhatia 2005, A&A, 444, 305
%Oscillator strengths: Landi & Bhatia 2005, A&A, 444, 305
%comment: oscillator strengths have been taken from the 6-configuration model of Landi & Bhatia
    (2005) for consistency with the collisional calculation
%produced as part of the Arcetri/Cambridge/NRL 'CHIANTI' atomic data base collaboration
%
% E. Landi - Mar 2005
 9 23
  1  2s2.2p4 3P2
  2  2s2.2p4 3P1
  3  2s2.2p4 3P0
  4  2s2.2p4 1D2
  5  2s2.2p4 1S0
  6  2s.2p5 3P2
  7  2s.2p5 3P1
  8  2s.2p5 3P0
  9  2s.2p5 1P1
     100.0
     158.5
     251.2
     398.1
     631.0
    1000.0
    1584.9
    2511.9
    3981.1
    6309.6
   10000.0
   15848.9
   25118.9
   39810.7
   63095.8
  100000.0
  158489.2
  251188.7
  398107.1
  630957.6
 1000000.0
 1584892.5
 2511887.0
0
  1  2   8.15e-02
  0  0   8.15e-02
  0  0   8.15e-02
  0  0   8.15e-02
  0  0   8.15e-02
  0  0   8.15e-02
  0  0   8.15e-02
  0  0   8.15e-02
  0  0   8.15e-02
  0  0   8.15e-02
  0  0   8.15e-02
  0  0   8.15e-02
  0  0   8.14e-02
  0  0   8.14e-02
  0  0   8.13e-02
  0  0   8.11e-02
  0  0   8.09e-02
  0  0   8.05e-02
  0  0   7.99e-02
  0  0   7.90e-02
  0  0   7.77e-02
  0  0   7.56e-02
  0  0   7.26e-02
  1  3   1.97e-02
  0  0   1.97e-02
  0  0   1.97e-02
  0  0   1.97e-02
  0  0   1.97e-02
  0  0   1.97e-02
  0  0   1.97e-02
  0  0   1.97e-02
  0  0   1.97e-02
  0  0   1.97e-02
  0  0   1.97e-02
  0  0   1.97e-02
  0  0   1.97e-02
  0  0   1.97e-02
  0  0   1.97e-02
  0  0   1.97e-02
  0  0   1.97e-02
  0  0   1.96e-02
  0  0   1.96e-02
  0  0   1.95e-02
  0  0   1.94e-02
  0  0   1.92e-02
  0  0   1.89e-02
  1  4   9.11e-02
  0  0   9.11e-02
  0  0   9.11e-02
  0  0   9.11e-02
  0  0   9.11e-02
  0  0   9.11e-02
  0  0   9.11e-02
  0  0   9.11e-02
  0  0   9.11e-02
  0  0   9.11e-02
  0  0   9.11e-02
  0  0   9.10e-02
  0  0   9.10e-02
  0  0   9.09e-02
  0  0   9.07e-02
  0  0   9.04e-02
  0  0   9.00e-02
  0  0   8.93e-02
  0  0   8.82e-02
  0  0   8.66e-02
  0  0   8.41e-02
  0  0   8.03e-02
  0  0   7.49e-02
  1  5   1.02e-02
  0  0   1.02e-02
  0  0   1.02e-02
  0  0   1.02e-02
  0  0   1.02e-02
  0  0   1.02e-02
  0  0   1.02e-02
  0  0   1.02e-02
  0  0   1.02e-02
  0  0   1.02e-02
  0  0   1.02e-02
  0  0   1.02e-02
  0  0   1.02e-02
  0  0   1.02e-02
  0  0   1.02e-02
  0  0   1.01e-02
  0  0   1.01e-02
  0  0   9.98e-03
  0  0   9.84e-03
  0  0   9.63e-03
  0  0   9.31e-03
  0  0   8.84e-03
  0  0   8.16e-03
  1  6   6.71e-01
  0  0   6.71e-01
  0  0   6.71e-01
  0  0   6.71e-01
  0  0   6.71e-01
  0  0   6.71e-01
  0  0   6.71e-01
  0  0   6.71e-01
  0  0   6.72e-01
  0  0   6.72e-01
  0  0   6.73e-01
  0  0   6.74e-01
  0  0   6.76e-01
  0  0   6.78e-01
  0  0   6.83e-01
  0  0   6.90e-01
  0  0   7.00e-01
  0  0   7.16e-01
  0  0   7.39e-01
  0  0   7.72e-01
  0  0   8.17e-01
  0  0   8.75e-01
  0  0   9.45e-01
  1  7   2.36e-01
  0  0   2.36e-01
  0  0   2.36e-01
  0  0   2.36e-01
  0  0   2.36e-01
  0  0   2.36e-01
  0  0   2.36e-01
  0  0   2.36e-01
  0  0   2.36e-01
  0  0   2.37e-01
  0  0   2.37e-01
  0  0   2.37e-01
  0  0   2.38e-01
  0  0   2.39e-01
  0  0   2.40e-01
  0  0   2.43e-01
  0  0   2.46e-01
  0  0   2.51e-01
  0  0   2.59e-01
  0  0   2.70e-01
  0  0   2.86e-01
  0  0   3.05e-01
  0  0   3.29e-01
  1  8   1.53e-03
  0  0   1.53e-03
  0  0   1.53e-03
  0  0   1.53e-03
  0  0   1.53e-03
  0  0   1.53e-03
  0  0   1.53e-03
  0  0   1.53e-03
  0  0   1.53e-03
  0  0   1.53e-03
  0  0   1.53e-03
  0  0   1.53e-03
  0  0   1.53e-03
  0  0   1.52e-03
  0  0   1.52e-03
  0  0   1.52e-03
  0  0   1.51e-03
  0  0   1.50e-03
  0  0   1.48e-03
  0  0   1.45e-03
  0  0   1.40e-03
  0  0   1.33e-03
  0  0   1.24e-03
  1  9   3.34e-02
  0  0   3.34e-02
  0  0   3.34e-02
  0  0   3.34e-02
  0  0   3.34e-02
  0  0   3.34e-02
  0  0   3.34e-02
  0  0   3.34e-02
  0  0   3.34e-02
  0  0   3.34e-02
  0  0   3.34e-02
  0  0   3.34e-02
  0  0   3.34e-02
  0  0   3.34e-02
  0  0   3.34e-02
  0  0   3.34e-02
  0  0   3.34e-02
  0  0   3.34e-02
  0  0   3.35e-02
  0  0   3.35e-02
  0  0   3.36e-02
  0  0   3.37e-02
  0  0   3.39e-02
  2  3   3.27e-02
  0  0   3.27e-02
  0  0   3.27e-02
  0  0   3.27e-02
  0  0   3.27e-02
  0  0   3.27e-02
  0  0   3.27e-02
  0  0   3.27e-02
  0  0   3.27e-02
  0  0   3.27e-02
  0  0   3.27e-02
  0  0   3.27e-02
  0  0   3.27e-02
  0  0   3.26e-02
  0  0   3.25e-02
  0  0   3.24e-02
  0  0   3.23e-02
  0  0   3.20e-02
  0  0   3.16e-02
  0  0   3.10e-02
  0  0   3.00e-02
  0  0   2.86e-02
  0  0   2.67e-02
  2  4   6.35e-02
  0  0   6.35e-02
  0  0   6.35e-02
  0  0   6.35e-02
  0  0   6.35e-02
  0  0   6.35e-02
  0  0   6.35e-02
  0  0   6.35e-02
  0  0   6.35e-02
  0  0   6.35e-02
  0  0   6.35e-02
  0  0   6.35e-02
  0  0   6.34e-02
  0  0   6.33e-02
  0  0   6.32e-02
  0  0   6.30e-02
  0  0   6.26e-02
  0  0   6.21e-02
  0  0   6.13e-02
  0  0   6.01e-02
  0  0   5.82e-02
  0  0   5.54e-02
  0  0   5.14e-02
  2  5   1.01e-02
  0  0   1.01e-02
  0  0   1.01e-02
  0  0   1.01e-02
  0  0   1.01e-02
  0  0   1.01e-02
  0  0   1.01e-02
  0  0   1.01e-02
  0  0   1.01e-02
  0  0   1.01e-02
  0  0   1.01e-02
  0  0   1.01e-02
  0  0   1.01e-02
  0  0   1.01e-02
  0  0   1.01e-02
  0  0   1.00e-02
  0  0   9.97e-03
  0  0   9.88e-03
  0  0   9.74e-03
  0  0   9.53e-03
  0  0   9.21e-03
  0  0   8.74e-03
  0  0   8.07e-03
  2  6   2.24e-01
  0  0   2.24e-01
  0  0   2.24e-01
  0  0   2.24e-01
  0  0   2.24e-01
  0  0   2.24e-01
  0  0   2.24e-01
  0  0   2.24e-01
  0  0   2.24e-01
  0  0   2.24e-01
  0  0   2.24e-01
  0  0   2.25e-01
  0  0   2.26e-01
  0  0   2.27e-01
  0  0   2.28e-01
  0  0   2.31e-01
  0  0   2.34e-01
  0  0   2.40e-01
  0  0   2.48e-01
  0  0   2.60e-01
  0  0   2.76e-01
  0  0   2.97e-01
  0  0   3.22e-01
  2  7   1.40e-01
  0  0   1.40e-01
  0  0   1.40e-01
  0  0   1.40e-01
  0  0   1.40e-01
  0  0   1.40e-01
  0  0   1.40e-01
  0  0   1.40e-01
  0  0   1.40e-01
  0  0   1.40e-01
  0  0   1.40e-01
  0  0   1.40e-01
  0  0   1.41e-01
  0  0   1.41e-01
  0  0   1.42e-01
  0  0   1.44e-01
  0  0   1.46e-01
  0  0   1.49e-01
  0  0   1.54e-01
  0  0   1.61e-01
  0  0   1.70e-01
  0  0   1.82e-01
  0  0   1.96e-01
  2  8   1.82e-01
  0  0   1.82e-01
  0  0   1.82e-01
  0  0   1.82e-01
  0  0   1.82e-01
  0  0   1.82e-01
  0  0   1.82e-01
  0  0   1.82e-01
  0  0   1.82e-01
  0  0   1.82e-01
  0  0   1.83e-01
  0  0   1.83e-01
  0  0   1.83e-01
  0  0   1.84e-01
  0  0   1.85e-01
  0  0   1.87e-01
  0  0   1.90e-01
  0  0   1.94e-01
  0  0   2.01e-01
  0  0   2.10e-01
  0  0   2.22e-01
  0  0   2.37e-01
  0  0   2.57e-01
  2  9   1.05e-02
  0  0   1.05e-02
  0  0   1.05e-02
  0  0   1.05e-02
  0  0   1.05e-02
  0  0   1.05e-02
  0  0   1.05e-02
  0  0   1.05e-02
  0  0   1.05e-02
  0  0   1.05e-02
  0  0   1.05e-02
  0  0   1.05e-02
  0  0   1.05e-02
  0  0   1.04e-02
  0  0   1.04e-02
  0  0   1.04e-02
  0  0   1.03e-02
  0  0   1.03e-02
  0  0   1.02e-02
  0  0   9.99e-03
  0  0   9.72e-03
  0  0   9.33e-03
  0  0   8.76e-03
  3  4   2.12e-02
  0  0   2.12e-02
  0  0   2.12e-02
  0  0   2.12e-02
  0  0   2.12e-02
  0  0   2.12e-02
  0  0   2.12e-02
  0  0   2.12e-02
  0  0   2.12e-02
  0  0   2.12e-02
  0  0   2.12e-02
  0  0   2.12e-02
  0  0   2.12e-02
  0  0   2.11e-02
  0  0   2.11e-02
  0  0   2.10e-02
  0  0   2.09e-02
  0  0   2.07e-02
  0  0   2.05e-02
  0  0   2.01e-02
  0  0   1.95e-02
  0  0   1.86e-02
  0  0   1.73e-02
  3  5   2.98e-03
  0  0   2.98e-03
  0  0   2.98e-03
  0  0   2.98e-03
  0  0   2.98e-03
  0  0   2.98e-03
  0  0   2.98e-03
  0  0   2.98e-03
  0  0   2.98e-03
  0  0   2.98e-03
  0  0   2.98e-03
  0  0   2.98e-03
  0  0   2.98e-03
  0  0   2.97e-03
  0  0   2.96e-03
  0  0   2.95e-03
  0  0   2.94e-03
  0  0   2.91e-03
  0  0   2.87e-03
  0  0   2.81e-03
  0  0   2.71e-03
  0  0   2.58e-03
  0  0   2.38e-03
  3  6   4.58e-03
  0  0   4.58e-03
  0  0   4.58e-03
  0  0   4.58e-03
  0  0   4.58e-03
  0  0   4.58e-03
  0  0   4.58e-03
  0  0   4.58e-03
  0  0   4.58e-03
  0  0   4.58e-03
  0  0   4.58e-03
  0  0   4.58e-03
  0  0   4.57e-03
  0  0   4.57e-03
  0  0   4.56e-03
  0  0   4.54e-03
  0  0   4.52e-03
  0  0   4.48e-03
  0  0   4.42e-03
  0  0   4.34e-03
  0  0   4.20e-03
  0  0   4.00e-03
  0  0   3.72e-03
  3  7   1.72e-01
  0  0   1.72e-01
  0  0   1.72e-01
  0  0   1.72e-01
  0  0   1.72e-01
  0  0   1.72e-01
  0  0   1.72e-01
  0  0   1.73e-01
  0  0   1.73e-01
  0  0   1.73e-01
  0  0   1.73e-01
  0  0   1.73e-01
  0  0   1.74e-01
  0  0   1.74e-01
  0  0   1.76e-01
  0  0   1.77e-01
  0  0   1.80e-01
  0  0   1.85e-01
  0  0   1.91e-01
  0  0   2.00e-01
  0  0   2.12e-01
  0  0   2.28e-01
  0  0   2.47e-01
  3  8   1.36e-03
  0  0   1.36e-03
  0  0   1.36e-03
  0  0   1.36e-03
  0  0   1.36e-03
  0  0   1.36e-03
  0  0   1.36e-03
  0  0   1.36e-03
  0  0   1.36e-03
  0  0   1.36e-03
  0  0   1.36e-03
  0  0   1.36e-03
  0  0   1.36e-03
  0  0   1.36e-03
  0  0   1.36e-03
  0  0   1.35e-03
  0  0   1.35e-03
  0  0   1.33e-03
  0  0   1.32e-03
  0  0   1.29e-03
  0  0   1.25e-03
  0  0   1.19e-03
  0  0   1.10e-03
  3  9   4.55e-03
  0  0   4.55e-03
  0  0   4.55e-03
  0  0   4.55e-03
  0  0   4.55e-03
  0  0   4.55e-03
  0  0   4.55e-03
  0  0   4.55e-03
  0  0   4.55e-03
  0  0   4.55e-03
  0  0   4.55e-03
  0  0   4.55e-03
  0  0   4.55e-03
  0  0   4.55e-03
  0  0   4.54e-03
  0  0   4.54e-03
  0  0   4.53e-03
  0  0   4.51e-03
  0  0   4.49e-03
  0  0   4.46e-03
  0  0   4.41e-03
  0  0   4.34e-03
  0  0   4.24e-03
  4  5   3.67e-02
  0  0   3.67e-02
  0  0   3.67e-02
  0  0   3.67e-02
  0  0   3.67e-02
  0  0   3.67e-02
  0  0   3.67e-02
  0  0   3.67e-02
  0  0   3.67e-02
  0  0   3.67e-02
  0  0   3.67e-02
  0  0   3.67e-02
  0  0   3.67e-02
  0  0   3.67e-02
  0  0   3.68e-02
  0  0   3.68e-02
  0  0   3.69e-02
  0  0   3.71e-02
  0  0   3.73e-02
  0  0   3.76e-02
  0  0   3.82e-02
  0  0   3.90e-02
  0  0   4.01e-02
  4  6   4.60e-02
  0  0   4.60e-02
  0  0   4.60e-02
  0  0   4.60e-02
  0  0   4.60e-02
  0  0   4.60e-02
  0  0   4.60e-02
  0  0   4.60e-02
  0  0   4.60e-02
  0  0   4.60e-02
  0  0   4.60e-02
  0  0   4.60e-02
  0  0   4.60e-02
  0  0   4.60e-02
  0  0   4.60e-02
  0  0   4.60e-02
  0  0   4.60e-02
  0  0   4.60e-02
  0  0   4.61e-02
  0  0   4.61e-02
  0  0   4.62e-02
  0  0   4.63e-02
  0  0   4.65e-02
  4  7   1.73e-02
  0  0   1.73e-02
  0  0   1.73e-02
  0  0   1.73e-02
  0  0   1.73e-02
  0  0   1.73e-02
  0  0   1.73e-02
  0  0   1.73e-02
  0  0   1.73e-02
  0  0   1.73e-02
  0  0   1.73e-02
  0  0   1.73e-02
  0  0   1.73e-02
  0  0   1.73e-02
  0  0   1.72e-02
  0  0   1.72e-02
  0  0   1.71e-02
  0  0   1.70e-02
  0  0   1.68e-02
  0  0   1.64e-02
  0  0   1.60e-02
  0  0   1.52e-02
  0  0   1.42e-02
  4  8   6.19e-03
  0  0   6.19e-03
  0  0   6.19e-03
  0  0   6.19e-03
  0  0   6.19e-03
  0  0   6.19e-03
  0  0   6.19e-03
  0  0   6.19e-03
  0  0   6.19e-03
  0  0   6.19e-03
  0  0   6.18e-03
  0  0   6.18e-03
  0  0   6.18e-03
  0  0   6.17e-03
  0  0   6.16e-03
  0  0   6.13e-03
  0  0   6.10e-03
  0  0   6.05e-03
  0  0   5.98e-03
  0  0   5.86e-03
  0  0   5.67e-03
  0  0   5.40e-03
  0  0   5.02e-03
  4  9   8.69e-01
  0  0   8.69e-01
  0  0   8.69e-01
  0  0   8.69e-01
  0  0   8.69e-01
  0  0   8.69e-01
  0  0   8.69e-01
  0  0   8.69e-01
  0  0   8.69e-01
  0  0   8.70e-01
  0  0   8.71e-01
  0  0   8.72e-01
  0  0   8.74e-01
  0  0   8.77e-01
  0  0   8.81e-01
  0  0   8.88e-01
  0  0   8.99e-01
  0  0   9.16e-01
  0  0   9.41e-01
  0  0   9.77e-01
  0  0   1.03e+00
  0  0   1.10e+00
  0  0   1.18e+00
  5  6   5.39e-03
  0  0   5.39e-03
  0  0   5.39e-03
  0  0   5.39e-03
  0  0   5.39e-03
  0  0   5.39e-03
  0  0   5.39e-03
  0  0   5.39e-03
  0  0   5.39e-03
  0  0   5.39e-03
  0  0   5.39e-03
  0  0   5.38e-03
  0  0   5.38e-03
  0  0   5.37e-03
  0  0   5.36e-03
  0  0   5.35e-03
  0  0   5.32e-03
  0  0   5.28e-03
  0  0   5.21e-03
  0  0   5.11e-03
  0  0   4.95e-03
  0  0   4.72e-03
  0  0   4.39e-03
  5  7   1.11e-02
  0  0   1.11e-02
  0  0   1.11e-02
  0  0   1.11e-02
  0  0   1.11e-02
  0  0   1.11e-02
  0  0   1.11e-02
  0  0   1.11e-02
  0  0   1.11e-02
  0  0   1.11e-02
  0  0   1.11e-02
  0  0   1.11e-02
  0  0   1.11e-02
  0  0   1.11e-02
  0  0   1.11e-02
  0  0   1.11e-02
  0  0   1.11e-02
  0  0   1.11e-02
  0  0   1.12e-02
  0  0   1.12e-02
  0  0   1.12e-02
  0  0   1.13e-02
  0  0   1.14e-02
  5  8   2.20e-03
  0  0   2.20e-03
  0  0   2.20e-03
  0  0   2.20e-03
  0  0   2.20e-03
  0  0   2.20e-03
  0  0   2.20e-03
  0  0   2.20e-03
  0  0   2.20e-03
  0  0   2.20e-03
  0  0   2.20e-03
  0  0   2.19e-03
  0  0   2.19e-03
  0  0   2.19e-03
  0  0   2.19e-03
  0  0   2.18e-03
  0  0   2.17e-03
  0  0   2.15e-03
  0  0   2.12e-03
  0  0   2.08e-03
  0  0   2.02e-03
  0  0   1.92e-03
  0  0   1.79e-03
  5  9   8.56e-02
  0  0   8.56e-02
  0  0   8.56e-02
  0  0   8.56e-02
  0  0   8.56e-02
  0  0   8.56e-02
  0  0   8.56e-02
  0  0   8.56e-02
  0  0   8.56e-02
  0  0   8.57e-02
  0  0   8.58e-02
  0  0   8.59e-02
  0  0   8.61e-02
  0  0   8.64e-02
  0  0   8.69e-02
  0  0   8.77e-02
  0  0   8.90e-02
  0  0   9.08e-02
  0  0   9.35e-02
  0  0   9.75e-02
  0  0   1.03e-01
  0  0   1.10e-01
  0  0   1.19e-01
 0 0 0
  1  2   3.200e+02
  1  3   1.267e-02
  1  4   7.517e+02
  1  5   1.484e+00
  1  6   2.050e+10
  1  7   1.311e+10
  1  8   3.679e+01
  1  9   2.232e+09
  2  3   4.449e+00
  2  4   9.726e+01
  2  5   8.160e+03
  2  6   6.202e+09
  2  7   6.838e+09
  2  8   2.918e+10
  2  9   8.138e+07
  3  4   4.474e-03
  3  5   0.000e+00
  3  6   1.377e+01
  3  7   8.731e+09
  3  8   0.000e+00
  3  9   1.721e+08
  4  5   1.265e+01
  4  6   3.639e+08
  4  7   7.918e+06
  4  8   7.026e+01
  4  9   8.787e+10
  5  6   4.084e+00
  5  7   9.034e+07
  5  8   0.000e+00
  5  9   6.320e+09
  6  7   1.786e+02
  6  8   1.866e-02
  6  9   1.322e+03
  7  8   9.009e+01
  7  9   6.051e+02
  8  9   6.786e+02
  1  5        0.0
  2  3    24465.0
  3  1    28880.0
  4  5    88202.4
  5  1   178619.5
  6  5   618280.0
  7  3   638266.0
  8  1   650149.0
  9  3   850299.0
