6
** Ca XVI ground term only!**
Ca XVI    upsilions Zhang H.L., Graziani M., Pradhan A.K., (A&A,283,319,1994)
A value for 2P1/2 -2P3/2 trans from Kaufman,V. & Sugar,J. (J.Phys.Chem.Ref.
  Data 15,321,1986)
E levels from NIST database (Sugar,J & Corliss,C., J. Phys. Chem. Ref. Data 14
 Supl. 2, 1980)    CJP 26-2-96
2 32 0
2s22p2 2P1/2
2s22p2 2P3/2
100
200
300
400
500
600
800
1000
1500
2000
2500
3000
3500
4000
5000
6000
7000
8000
9000
10000
12000
14000
16000
18000
20000
23000
26000
30000
35000
40000
45000
50000
0
   1    2      0.103000000
   0    0      0.166999996
   0    0      0.219999999
   0    0      0.254999995
   0    0      0.277999997
   0    0      0.291999996
   0    0      0.305999994
   0    0      0.310000002
   0    0      0.300000012
   0    0      0.280999988
   0    0      0.261000007
   0    0      0.244000003
   0    0      0.228000000
   0    0      0.214000002
   0    0      0.192000002
   0    0      0.173999995
   0    0      0.160999998
   0    0      0.149000004
   0    0      0.140000001
   0    0      0.131999999
   0    0      0.119999997
   0    0      0.109999999
   0    0      0.103000000
   0    0      0.096400000
   0    0      0.091200002
   0    0      0.084899999
   0    0      0.079800002
   0    0      0.074299999
   0    0      0.068899997
   0    0      0.064599998
   0    0      0.061099999
   0    0      0.058200002
 0 0 0
 1 2 4.37E+2
 1 2   0.000000
 2 4   36520.
