2
 Upsilons from Hayes & Nussbaumer (A&A,134,194,1984)
 Aij's from Nussbaumer & Storey, 1981, Astron. Astrophys., 96, 91.
10 12 0
2p  2P1/2
2p  2P3/2
2p2 4P1/2
2p2 4P3/2
2p2 4P5/2
2p2 2D3/2
2p2 2D5/2
2p2 2S1/2
2p2 2P1/2
2p2 2P3/2
2000
5000
10000
20000
30000
40000
50000
60000
70000
80000
90000
100000
0
 1 2 1.64
 0 0 1.82
 0 0 2.12
 0 0 2.30
 0 0 2.31
 0 0 2.27
 0 0 2.21
 0 0 2.16
 0 0 2.11
 0 0 2.05
 0 0 2.01
 0 0 1.96
 1 3 0.291
 0 0 0.285
 0 0 0.280
 0 0 0.277
 0 0 0.272
 0 0 0.265
 0 0 0.258
 0 0 0.251
 0 0 0.245
 0 0 0.240
 0 0 0.235
 0 0 0.230
 1 4 0.428
 0 0 0.420
 0 0 0.414
 0 0 0.411
 0 0 0.402
 0 0 0.393
 0 0 0.382
 0 0 0.373
 0 0 0.364
 0 0 0.356
 0 0 0.348
 0 0 0.342
 1 5 0.256
 0 0 0.253
 0 0 0.254
 0 0 0.256
 0 0 0.253
 0 0 0.246
 0 0 0.240
 0 0 0.234
 0 0 0.228
 0 0 0.223
 0 0 0.219
 0 0 0.215
 1 6 1.10
 0 0 1.14
 0 0 1.20
 0 0 1.27
 0 0 1.31
 0 0 1.34
 0 0 1.35
 0 0 1.36
 0 0 1.36
 0 0 1.36
 0 0 1.36
 0 0 1.36
 1 7 0.658
 0 0 0.633
 0 0 0.624
 0 0 0.613
 0 0 0.597
 0 0 0.581
 0 0 0.567
 0 0 0.553
 0 0 0.542
 0 0 0.532
 0 0 0.523
 0 0 0.515
 1 8 0.802
 0 0 0.760
 0 0 0.736
 0 0 0.721
 0 0 0.721
 0 0 0.727
 0 0 0.734
 0 0 0.742
 0 0 0.749
 0 0 0.756
 0 0 0.762
 0 0 0.767
 1 9 1.05
 0 0 1.12
 0 0 1.21
 0 0 1.34
 0 0 1.43
 0 0 1.50
 0 0 1.56
 0 0 1.61
 0 0 1.66
 0 0 1.70
 0 0 1.74
 0 0 1.77
 1 10 0.603
 0 0 0.636
 0 0 0.674
 0 0 0.725
 0 0 0.759
 0 0 0.785
 0 0 0.806
 0 0 0.822
 0 0 0.837
 0 0 0.850
 0 0 0.857
 0 0 0.863
 2 3 0.196
 0 0 0.194
 0 0 0.194
 0 0 0.195
 0 0 0.192
 0 0 0.187
 0 0 0.182
 0 0 0.178
 0 0 0.173
 0 0 0.170
 0 0 0.167
 0 0 0.164
 2 4 0.547
 0 0 0.538
 0 0 0.535
 0 0 0.534
 0 0 0.524
 0 0 0.511
 0 0 0.498
 0 0 0.485
 0 0 0.473
 0 0 0.463
 0 0 0.454
 0 0 0.446
 2 5 1.21
 0 0 1.18
 0 0 1.17
 0 0 1.16
 0 0 1.14
 0 0 1.11
 0 0 1.08
 0 0 1.05
 0 0 1.03
 0 0 1.00
 0 0 0.982
 0 0 0.963
 2 6 1.01
 0 0 0.995
 0 0 0.998
 0 0 1.00
 0 0 0.996
 0 0 0.985
 0 0 0.973
 0 0 0.961
 0 0 0.950
 0 0 0.940
 0 0 0.930
 0 0 0.922
 2 7 1.77
 0 0 1.78
 0 0 1.81
 0 0 1.84
 0 0 1.85
 0 0 1.84
 0 0 1.82
 0 0 1.81
 0 0 1.79
 0 0 1.78
 0 0 1.77
 0 0 1.76
 2 8 1.61
 0 0 1.53
 0 0 1.48
 0 0 1.46
 0 0 1.47
 0 0 1.50
 0 0 1.52
 0 0 1.55
 0 0 1.58
 0 0 1.60
 0 0 1.62
 0 0 1.64
 2 9 0.628
 0 0 0.667
 0 0 0.720
 0 0 0.794
 0 0 0.850
 0 0 0.895
 0 0 0.935
 0 0 0.969
 0 0 0.999
 0 0 1.03
 0 0 1.05
 0 0 1.07
 2 10 2.67
 0 0 2.83
 0 0 3.03
 0 0 3.30
 0 0 3.49
 0 0 3.64
 0 0 3.78
 0 0 3.89
 0 0 3.99
 0 0 4.07
 0 0 4.14
 0 0 4.21
 3 4 0.740
 0 0 0.739
 0 0 0.796
 0 0 0.881
 0 0 0.930
 0 0 0.968
 0 0 1.00
 0 0 1.03
 0 0 1.05
 0 0 1.07
 0 0 1.09
 0 0 1.11
 3 5 0.498
 0 0 0.517
 0 0 0.561
 0 0 0.621
 0 0 0.658
 0 0 0.688
 0 0 0.713
 0 0 0.733
 0 0 0.750
 0 0 0.764
 0 0 0.776
 0 0 0.787
 3 6 0.560
 0 0 0.559
 0 0 0.562
 0 0 0.569
 0 0 0.573
 0 0 0.573
 0 0 0.577
 0 0 0.577
 0 0 0.576
 0 0 0.573
 0 0 0.571
 0 0 0.568
 3 7 0.336
 0 0 0.337
 0 0 0.339
 0 0 0.343
 0 0 0.346
 0 0 0.349
 0 0 0.351
 0 0 0.352
 0 0 0.352
 0 0 0.352
 0 0 0.351
 0 0 0.350
 3 8 0.092
 0 0 0.085
 0 0 0.0858
 0 0 0.0870
 0 0 0.0878
 0 0 0.0888
 0 0 0.0897
 0 0 0.0906
 0 0 0.0914
 0 0 0.0921
 0 0 0.0926
 0 0 0.0932
 3 9 0.057
 0 0 0.069
 0 0 0.100
 0 0 0.133
 0 0 0.146
 0 0 0.155
 0 0 0.159
 0 0 0.162
 0 0 0.167
 0 0 0.170
 0 0 0.174
 0 0 0.178
 3 10 0.035
 0 0 0.048
 0 0 0.085
 0 0 0.122
 0 0 0.136
 0 0 0.143
 0 0 0.148
 0 0 0.152
 0 0 0.156
 0 0 0.160
 0 0 0.163
 0 0 0.166
 4 5 1.42
 0 0 1.44
 0 0 1.56
 0 0 1.73
 0 0 1.82
 0 0 1.90
 0 0 1.97
 0 0 2.02
 0 0 2.07
 0 0 2.11
 0 0 2.14
 0 0 2.17
 4 6 0.877
 0 0 0.877
 0 0 0.882
 0 0 0.892
 0 0 0.900
 0 0 0.905
 0 0 0.907
 0 0 0.907
 0 0 0.906
 0 0 0.903
 0 0 0.900
 0 0 0.895
 4 7 0.913
 0 0 0.915
 0 0 0.919
 0 0 0.930
 0 0 0.938
 0 0 0.944
 0 0 0.947
 0 0 0.947
 0 0 0.945
 0 0 0.943
 0 0 0.939
 0 0 0.934
 4 8 0.184
 0 0 0.171
 0 0 0.172
 0 0 0.174
 0 0 0.176
 0 0 0.177
 0 0 0.179
 0 0 0.181
 0 0 0.183
 0 0 0.184
 0 0 0.185
 0 0 0.186
 4 9 0.083
 0 0 0.102
 0 0 0.153
 0 0 0.209
 0 0 0.230
 0 0 0.242
 0 0 0.249
 0 0 0.256
 0 0 0.262
 0 0 0.268
 0 0 0.274
 0 0 0.280
 4 10 0.102
 0 0 0.132
 0 0 0.215
 0 0 0.300
 0 0 0.331
 0 0 0.347
 0 0 0.359
 0 0 0.368
 0 0 0.375
 0 0 0.380
 0 0 0.390
 0 0 0.400
 5 6 0.712
 0 0 0.714
 0 0 0.718
 0 0 0.727
 0 0 0.734
 0 0 0.739
 0 0 0.742
 0 0 0.744
 0 0 0.744
 0 0 0.742
 0 0 0.740
 0 0 0.737
 5 7 1.97
 0 0 1.97
 0 0 1.98
 0 0 2.01
 0 0 2.02
 0 0 2.03
 0 0 2.03
 0 0 2.02
 0 0 2.02
 0 0 2.01
 0 0 1.99
 0 0 1.98
 5 8 0.276
 0 0 0.256
 0 0 0.257
 0 0 0.261
 0 0 0.263
 0 0 0.266
 0 0 0.269
 0 0 0.272
 0 0 0.274
 0 0 0.276
 0 0 0.278
 0 0 0.279
 5 9 0.045
 0 0 0.063
 0 0 0.116
 0 0 0.169
 0 0 0.188
 0 0 0.198
 0 0 0.206
 0 0 0.211
 0 0 0.217
 0 0 0.222
 0 0 0.227
 0 0 0.231
 5 10 0.231
 0 0 0.288
 0 0 0.435
 0 0 0.582
 0 0 0.633
 0 0 0.657
 0 0 0.675
 0 0 0.690
 0 0 0.701
 0 0 0.710
 0 0 0.724
 0 0 0.738
 6 7 1.23
 0 0 1.15
 0 0 1.13
 0 0 1.16
 0 0 1.22
 0 0 1.27
 0 0 1.32
 0 0 1.37
 0 0 1.41
 0 0 1.45
 0 0 1.49
 0 0 1.52
 6 8 0.680
 0 0 0.661
 0 0 0.660
 0 0 0.639
 0 0 0.624
 0 0 0.618
 0 0 0.615
 0 0 0.615
 0 0 0.616
 0 0 0.618
 0 0 0.620
 0 0 0.623
 6 9 0.256
 0 0 0.263
 0 0 0.282
 0 0 0.376
 0 0 0.459
 0 0 0.508
 0 0 0.534
 0 0 0.548
 0 0 0.555
 0 0 0.558
 0 0 0.559
 0 0 0.560
 6 10 0.701
 0 0 0.711
 0 0 0.719
 0 0 0.772
 0 0 0.828
 0 0 0.864
 0 0 0.886
 0 0 0.896
 0 0 0.904
 0 0 0.910
 0 0 0.908
 0 0 0.906
 7 8 1.03
 0 0 1.00
 0 0 0.999
 0 0 0.967
 0 0 0.945
 0 0 0.934
 0 0 0.929
 0 0 0.927
 0 0 0.927
 0 0 0.929
 0 0 0.932
 0 0 0.935
 7 9 0.544
 0 0 0.550
 0 0 0.555
 0 0 0.586
 0 0 0.625
 0 0 0.650
 0 0 0.665
 0 0 0.672
 0 0 0.676
 0 0 0.678
 0 0 0.678
 0 0 0.677
 7 10 0.891
 0 0 0.907
 0 0 0.939
 0 0 1.09
 0 0 1.22
 0 0 1.31
 0 0 1.36
 0 0 1.38
 0 0 1.40
 0 0 1.41
 0 0 1.41
 0 0 1.41
 8 9 0.108
 0 0 0.107
 0 0 0.105
 0 0 0.109
 0 0 0.119
 0 0 0.129
 0 0 0.139
 0 0 0.146
 0 0 0.152
 0 0 0.157
 0 0 0.161
 0 0 0.165
 8 10 0.211
 0 0 0.212
 0 0 0.209
 0 0 0.217
 0 0 0.237
 0 0 0.258
 0 0 0.276
 0 0 0.291
 0 0 0.302
 0 0 0.310
 0 0 0.320
 0 0 0.329
 9 10 0.944
 0 0 0.973
 0 0 1.04
 0 0 1.13
 0 0 1.19
 0 0 1.24
 0 0 1.28
 0 0 1.30
 0 0 1.33
 0 0 1.35
 0 0 1.37
 0 0 1.39
 0 0 0
 1 2 2.29E-6
 1 3 5.53E+1
 1 4 1.71
 2 3 6.55E+1
 2 4 5.24
 2 5 4.32E+1
 1 6 2.42E+8
 2 7 2.88E+8
 2 6 4.78E+7
 1 8 7.74E+8
 2 8 1.53E+9
 1 9 2.74E+9
 1 10 6.86E+8
 2 9 1.38E+9
 2 10 3.43E+9
 3 4 2.39E-7
 3 5 0.0
 4 5 3.67E-7
 1 5 0.0
 1 7 0.0
 3 6 0.0
 3 7 0.0
 3 8 0.0
 3 9 0.0
 3 10 0.0
 4 6 0.0
 4 7 0.0
 4 8 0.0
 4 9 0.0
 4 10 0.0
 5 6 0.0
 5 7 0.0
 5 8 0.0
 5 9 0.0
 5 10 0.0
 6 7 0.0
 6 8 0.0
 6 9 0.0
 6 10 0.0
 7 8 0.0
 7 9 0.0
 7 10 0.0
 8 9 0.0
 8 10 0.0
 9 10 0.0
 1 2 0.0
 2 4 63.42
 3 2 43003.3
 4 4 43025.3
 5 6 43053.6
 6 4 74932.62
 7 6 74930.10
 8 2 96493.74
 9 2 110624.17
10 4 110665.56
