52
** Atomic data from version 10 of the CHIANTI database **

Theoretical energies: Fernandez-Menchero, Del Zanna and Badnell, A&A, 2014, 566, A104
doi = {10.1051/0004-6361/201423864}

Observed energies: NIST Atomic Spectra Database, (ver. 5.7.1), [Online]
https://physics.nist.gov/PhysRefData/ASD/lines_form.html

Note: only the bound levels up to n=5 have been retained.
(The  calculations also included autoionizing levels.)

Produced as part of the 'CHIANTI' atomic data base collaboration by
Giulio Del Zanna, May 2020

-1
gf-values, A-values and theoretical energies:
Fernandez-Menchero, Del Zanna and Badnell, A&A, 2014, 566, A104
doi = {10.1051/0004-6361/201423864}
Only transition probabilities with a branching ratio
greater than 10^(-5) have been retained.

gf-values, A-values for the n=2,3 (lowest 20 levels):
MCHF calculation by
G. Tachiev and C. Froese Fischer, Method: MCHF (ab initio), J. Phys. B 32 5805, 1999
https://nlte.nist.gov/MCHF/periodic.html


Observed energies: NIST Atomic Spectra Database,  (ver. 5.7.1), [Online]
https://physics.nist.gov/PhysRefData/ASD/lines_form.html

Note: only the bound levels up to n=5 have been retained as the rates
for the n=6,7 are not accurate. The calculations also included autoionizing levels.


Produced as part of the 'CHIANTI' atomic data base collaboration by
Giulio Del Zanna, May 2020


-1


oscillator strengths and effective collision strengths:
Fernandez-Menchero, Del Zanna and Badnell, A&A, 2014, 566, A104
doi = {10.1051/0004-6361/201423864}

Note: only the bound levels up to n=5 have been retained as the rates
for the n=6,7 are not accurate. The calculations also included autoionizing levels.


Produced as part of the 'CHIANTI' atomic data base collaboration by
Giulio Del Zanna, May 2020

10 23
  1  2s2 1S0
  2  2s 2p 3P0
  3  2s 2p 3P1
  4  2s 2p 3P2
  5  2s 2p 1P1
  6  2p2 3P0
  7  2p2 3P1
  8  2p2 3P2
  9  2p2 1D2
 10  2p2 1S0
     100.0
     158.5
     251.2
     398.1
     631.0
    1000.0
    1584.9
    2511.9
    3981.1
    6309.6
   10000.0
   15848.9
   25118.9
   39810.7
   63095.7
  100000.0
  158489.3
  251188.6
  398107.2
  630957.3
 1000000.0
 1584893.2
 2511886.4
0
  1  2   9.10e-02
  0  0   9.11e-02
  0  0   9.12e-02
  0  0   9.13e-02
  0  0   9.14e-02
  0  0   9.12e-02
  0  0   9.04e-02
  0  0   8.82e-02
  0  0   8.40e-02
  0  0   8.05e-02
  0  0   8.15e-02
  0  0   8.65e-02
  0  0   9.26e-02
  0  0   9.59e-02
  0  0   9.43e-02
  0  0   8.81e-02
  0  0   7.91e-02
  0  0   6.85e-02
  0  0   5.73e-02
  0  0   4.64e-02
  0  0   3.63e-02
  0  0   2.75e-02
  0  0   2.02e-02
  1  3   2.90e-01
  0  0   2.90e-01
  0  0   2.90e-01
  0  0   2.91e-01
  0  0   2.91e-01
  0  0   2.91e-01
  0  0   2.87e-01
  0  0   2.77e-01
  0  0   2.59e-01
  0  0   2.45e-01
  0  0   2.48e-01
  0  0   2.61e-01
  0  0   2.77e-01
  0  0   2.87e-01
  0  0   2.83e-01
  0  0   2.64e-01
  0  0   2.37e-01
  0  0   2.05e-01
  0  0   1.71e-01
  0  0   1.40e-01
  0  0   1.12e-01
  0  0   8.83e-02
  0  0   7.08e-02
  1  4   4.64e-01
  0  0   4.64e-01
  0  0   4.65e-01
  0  0   4.66e-01
  0  0   4.66e-01
  0  0   4.65e-01
  0  0   4.61e-01
  0  0   4.48e-01
  0  0   4.23e-01
  0  0   4.03e-01
  0  0   4.08e-01
  0  0   4.33e-01
  0  0   4.63e-01
  0  0   4.79e-01
  0  0   4.72e-01
  0  0   4.40e-01
  0  0   3.95e-01
  0  0   3.43e-01
  0  0   2.87e-01
  0  0   2.32e-01
  0  0   1.81e-01
  0  0   1.38e-01
  0  0   1.01e-01
  1  5   2.97e+00
  0  0   2.97e+00
  0  0   2.96e+00
  0  0   2.96e+00
  0  0   2.96e+00
  0  0   2.97e+00
  0  0   2.99e+00
  0  0   3.04e+00
  0  0   3.13e+00
  0  0   3.18e+00
  0  0   3.18e+00
  0  0   3.24e+00
  0  0   3.35e+00
  0  0   3.50e+00
  0  0   3.71e+00
  0  0   3.99e+00
  0  0   4.39e+00
  0  0   4.93e+00
  0  0   5.64e+00
  0  0   6.52e+00
  0  0   7.55e+00
  0  0   8.67e+00
  0  0   9.83e+00
  1  6   4.16e-03
  0  0   4.18e-03
  0  0   4.19e-03
  0  0   4.21e-03
  0  0   4.22e-03
  0  0   4.20e-03
  0  0   4.08e-03
  0  0   3.76e-03
  0  0   3.16e-03
  0  0   2.69e-03
  0  0   2.76e-03
  0  0   2.94e-03
  0  0   3.11e-03
  0  0   3.24e-03
  0  0   3.18e-03
  0  0   2.90e-03
  0  0   2.50e-03
  0  0   2.05e-03
  0  0   1.61e-03
  0  0   1.23e-03
  0  0   9.17e-04
  0  0   6.71e-04
  0  0   4.85e-04
  1  7   1.28e-02
  0  0   1.28e-02
  0  0   1.28e-02
  0  0   1.29e-02
  0  0   1.29e-02
  0  0   1.29e-02
  0  0   1.25e-02
  0  0   1.15e-02
  0  0   9.58e-03
  0  0   8.07e-03
  0  0   8.32e-03
  0  0   8.85e-03
  0  0   9.34e-03
  0  0   9.73e-03
  0  0   9.56e-03
  0  0   8.70e-03
  0  0   7.50e-03
  0  0   6.15e-03
  0  0   4.83e-03
  0  0   3.68e-03
  0  0   2.73e-03
  0  0   1.97e-03
  0  0   1.39e-03
  1  8   2.07e-02
  0  0   2.07e-02
  0  0   2.08e-02
  0  0   2.09e-02
  0  0   2.10e-02
  0  0   2.09e-02
  0  0   2.03e-02
  0  0   1.87e-02
  0  0   1.56e-02
  0  0   1.32e-02
  0  0   1.38e-02
  0  0   1.47e-02
  0  0   1.55e-02
  0  0   1.61e-02
  0  0   1.59e-02
  0  0   1.45e-02
  0  0   1.25e-02
  0  0   1.03e-02
  0  0   8.06e-03
  0  0   6.15e-03
  0  0   4.58e-03
  0  0   3.36e-03
  0  0   2.42e-03
  1  9   2.67e-01
  0  0   2.67e-01
  0  0   2.66e-01
  0  0   2.66e-01
  0  0   2.66e-01
  0  0   2.67e-01
  0  0   2.68e-01
  0  0   2.70e-01
  0  0   2.74e-01
  0  0   2.77e-01
  0  0   2.79e-01
  0  0   2.88e-01
  0  0   3.02e-01
  0  0   3.12e-01
  0  0   3.18e-01
  0  0   3.19e-01
  0  0   3.14e-01
  0  0   3.06e-01
  0  0   2.97e-01
  0  0   2.89e-01
  0  0   2.81e-01
  0  0   2.72e-01
  0  0   2.64e-01
  1 10   6.90e-02
  0  0   6.91e-02
  0  0   6.91e-02
  0  0   6.92e-02
  0  0   6.94e-02
  0  0   6.97e-02
  0  0   7.04e-02
  0  0   7.18e-02
  0  0   7.42e-02
  0  0   7.70e-02
  0  0   7.93e-02
  0  0   8.09e-02
  0  0   8.13e-02
  0  0   7.97e-02
  0  0   7.71e-02
  0  0   7.47e-02
  0  0   7.30e-02
  0  0   7.25e-02
  0  0   7.28e-02
  0  0   7.31e-02
  0  0   7.22e-02
  0  0   6.96e-02
  0  0   6.59e-02
  2  3   6.94e-01
  0  0   6.96e-01
  0  0   6.99e-01
  0  0   7.03e-01
  0  0   7.08e-01
  0  0   7.14e-01
  0  0   7.18e-01
  0  0   7.18e-01
  0  0   7.12e-01
  0  0   7.28e-01
  0  0   7.92e-01
  0  0   8.64e-01
  0  0   9.31e-01
  0  0   9.77e-01
  0  0   9.73e-01
  0  0   9.09e-01
  0  0   8.06e-01
  0  0   6.83e-01
  0  0   5.57e-01
  0  0   4.41e-01
  0  0   3.39e-01
  0  0   2.54e-01
  0  0   1.85e-01
  2  4   4.93e-01
  0  0   4.94e-01
  0  0   4.95e-01
  0  0   4.98e-01
  0  0   5.02e-01
  0  0   5.07e-01
  0  0   5.16e-01
  0  0   5.29e-01
  0  0   5.47e-01
  0  0   5.77e-01
  0  0   6.34e-01
  0  0   7.41e-01
  0  0   8.67e-01
  0  0   9.54e-01
  0  0   9.64e-01
  0  0   8.96e-01
  0  0   7.84e-01
  0  0   6.61e-01
  0  0   5.51e-01
  0  0   4.65e-01
  0  0   4.04e-01
  0  0   3.64e-01
  0  0   3.40e-01
  2  5   1.80e-01
  0  0   1.80e-01
  0  0   1.80e-01
  0  0   1.80e-01
  0  0   1.80e-01
  0  0   1.82e-01
  0  0   1.88e-01
  0  0   2.02e-01
  0  0   2.27e-01
  0  0   2.50e-01
  0  0   2.58e-01
  0  0   2.67e-01
  0  0   2.70e-01
  0  0   2.60e-01
  0  0   2.41e-01
  0  0   2.17e-01
  0  0   1.87e-01
  0  0   1.55e-01
  0  0   1.24e-01
  0  0   9.57e-02
  0  0   7.17e-02
  0  0   5.23e-02
  0  0   3.71e-02
  2  6   6.69e-02
  0  0   6.68e-02
  0  0   6.66e-02
  0  0   6.64e-02
  0  0   6.60e-02
  0  0   6.55e-02
  0  0   6.47e-02
  0  0   6.35e-02
  0  0   6.18e-02
  0  0   5.88e-02
  0  0   5.41e-02
  0  0   4.98e-02
  0  0   4.62e-02
  0  0   4.32e-02
  0  0   4.08e-02
  0  0   3.85e-02
  0  0   3.55e-02
  0  0   3.17e-02
  0  0   2.75e-02
  0  0   2.30e-02
  0  0   1.85e-02
  0  0   1.43e-02
  0  0   1.07e-02
  2  7   1.47e+00
  0  0   1.47e+00
  0  0   1.47e+00
  0  0   1.47e+00
  0  0   1.47e+00
  0  0   1.48e+00
  0  0   1.49e+00
  0  0   1.53e+00
  0  0   1.58e+00
  0  0   1.63e+00
  0  0   1.66e+00
  0  0   1.70e+00
  0  0   1.77e+00
  0  0   1.86e+00
  0  0   1.98e+00
  0  0   2.15e+00
  0  0   2.38e+00
  0  0   2.67e+00
  0  0   3.03e+00
  0  0   3.47e+00
  0  0   3.97e+00
  0  0   4.50e+00
  0  0   5.05e+00
  2  8   1.54e-01
  0  0   1.54e-01
  0  0   1.54e-01
  0  0   1.53e-01
  0  0   1.53e-01
  0  0   1.51e-01
  0  0   1.48e-01
  0  0   1.40e-01
  0  0   1.25e-01
  0  0   1.11e-01
  0  0   1.02e-01
  0  0   9.29e-02
  0  0   8.44e-02
  0  0   8.01e-02
  0  0   7.75e-02
  0  0   7.39e-02
  0  0   6.87e-02
  0  0   6.18e-02
  0  0   5.33e-02
  0  0   4.46e-02
  0  0   3.60e-02
  0  0   2.81e-02
  0  0   2.13e-02
  2  9   1.06e-01
  0  0   1.06e-01
  0  0   1.05e-01
  0  0   1.05e-01
  0  0   1.05e-01
  0  0   1.05e-01
  0  0   1.06e-01
  0  0   1.07e-01
  0  0   1.08e-01
  0  0   1.10e-01
  0  0   1.10e-01
  0  0   1.11e-01
  0  0   1.14e-01
  0  0   1.17e-01
  0  0   1.19e-01
  0  0   1.17e-01
  0  0   1.09e-01
  0  0   9.72e-02
  0  0   8.29e-02
  0  0   6.78e-02
  0  0   5.33e-02
  0  0   4.04e-02
  0  0   2.97e-02
  2 10   3.12e-02
  0  0   3.12e-02
  0  0   3.12e-02
  0  0   3.11e-02
  0  0   3.11e-02
  0  0   3.09e-02
  0  0   3.04e-02
  0  0   2.94e-02
  0  0   2.76e-02
  0  0   2.58e-02
  0  0   2.47e-02
  0  0   2.37e-02
  0  0   2.28e-02
  0  0   2.20e-02
  0  0   2.07e-02
  0  0   1.85e-02
  0  0   1.59e-02
  0  0   1.31e-02
  0  0   1.05e-02
  0  0   8.10e-03
  0  0   6.07e-03
  0  0   4.42e-03
  0  0   3.13e-03
  3  4   1.96e+00
  0  0   1.96e+00
  0  0   1.97e+00
  0  0   1.98e+00
  0  0   2.00e+00
  0  0   2.02e+00
  0  0   2.04e+00
  0  0   2.07e+00
  0  0   2.11e+00
  0  0   2.20e+00
  0  0   2.41e+00
  0  0   2.74e+00
  0  0   3.12e+00
  0  0   3.37e+00
  0  0   3.38e+00
  0  0   3.15e+00
  0  0   2.77e+00
  0  0   2.34e+00
  0  0   1.94e+00
  0  0   1.60e+00
  0  0   1.34e+00
  0  0   1.14e+00
  0  0   1.00e+00
  3  5   5.42e-01
  0  0   5.42e-01
  0  0   5.41e-01
  0  0   5.41e-01
  0  0   5.42e-01
  0  0   5.48e-01
  0  0   5.66e-01
  0  0   6.06e-01
  0  0   6.80e-01
  0  0   7.49e-01
  0  0   7.76e-01
  0  0   8.02e-01
  0  0   8.12e-01
  0  0   7.79e-01
  0  0   7.21e-01
  0  0   6.51e-01
  0  0   5.61e-01
  0  0   4.64e-01
  0  0   3.71e-01
  0  0   2.88e-01
  0  0   2.17e-01
  0  0   1.59e-01
  0  0   1.15e-01
  3  6   1.44e+00
  0  0   1.44e+00
  0  0   1.44e+00
  0  0   1.44e+00
  0  0   1.45e+00
  0  0   1.45e+00
  0  0   1.47e+00
  0  0   1.51e+00
  0  0   1.56e+00
  0  0   1.62e+00
  0  0   1.65e+00
  0  0   1.70e+00
  0  0   1.77e+00
  0  0   1.86e+00
  0  0   1.98e+00
  0  0   2.15e+00
  0  0   2.38e+00
  0  0   2.67e+00
  0  0   3.03e+00
  0  0   3.47e+00
  0  0   3.97e+00
  0  0   4.50e+00
  0  0   5.05e+00
  3  7   1.45e+00
  0  0   1.45e+00
  0  0   1.45e+00
  0  0   1.45e+00
  0  0   1.44e+00
  0  0   1.44e+00
  0  0   1.45e+00
  0  0   1.46e+00
  0  0   1.48e+00
  0  0   1.48e+00
  0  0   1.48e+00
  0  0   1.49e+00
  0  0   1.53e+00
  0  0   1.59e+00
  0  0   1.68e+00
  0  0   1.79e+00
  0  0   1.94e+00
  0  0   2.14e+00
  0  0   2.40e+00
  0  0   2.71e+00
  0  0   3.06e+00
  0  0   3.45e+00
  0  0   3.85e+00
  3  8   2.23e+00
  0  0   2.23e+00
  0  0   2.23e+00
  0  0   2.23e+00
  0  0   2.23e+00
  0  0   2.23e+00
  0  0   2.24e+00
  0  0   2.25e+00
  0  0   2.27e+00
  0  0   2.29e+00
  0  0   2.30e+00
  0  0   2.34e+00
  0  0   2.41e+00
  0  0   2.51e+00
  0  0   2.66e+00
  0  0   2.86e+00
  0  0   3.13e+00
  0  0   3.47e+00
  0  0   3.91e+00
  0  0   4.44e+00
  0  0   5.04e+00
  0  0   5.69e+00
  0  0   6.38e+00
  3  9   3.17e-01
  0  0   3.17e-01
  0  0   3.17e-01
  0  0   3.16e-01
  0  0   3.16e-01
  0  0   3.17e-01
  0  0   3.18e-01
  0  0   3.21e-01
  0  0   3.27e-01
  0  0   3.31e-01
  0  0   3.32e-01
  0  0   3.35e-01
  0  0   3.43e-01
  0  0   3.53e-01
  0  0   3.60e-01
  0  0   3.53e-01
  0  0   3.29e-01
  0  0   2.93e-01
  0  0   2.51e-01
  0  0   2.07e-01
  0  0   1.66e-01
  0  0   1.33e-01
  0  0   1.08e-01
  3 10   9.36e-02
  0  0   9.36e-02
  0  0   9.36e-02
  0  0   9.35e-02
  0  0   9.33e-02
  0  0   9.26e-02
  0  0   9.12e-02
  0  0   8.81e-02
  0  0   8.30e-02
  0  0   7.76e-02
  0  0   7.40e-02
  0  0   7.11e-02
  0  0   6.88e-02
  0  0   6.63e-02
  0  0   6.20e-02
  0  0   5.56e-02
  0  0   4.78e-02
  0  0   3.94e-02
  0  0   3.14e-02
  0  0   2.45e-02
  0  0   1.88e-02
  0  0   1.43e-02
  0  0   1.11e-02
  4  5   9.01e-01
  0  0   9.00e-01
  0  0   9.00e-01
  0  0   8.99e-01
  0  0   9.02e-01
  0  0   9.13e-01
  0  0   9.42e-01
  0  0   1.01e+00
  0  0   1.13e+00
  0  0   1.25e+00
  0  0   1.30e+00
  0  0   1.34e+00
  0  0   1.35e+00
  0  0   1.29e+00
  0  0   1.20e+00
  0  0   1.09e+00
  0  0   9.36e-01
  0  0   7.73e-01
  0  0   6.18e-01
  0  0   4.79e-01
  0  0   3.61e-01
  0  0   2.66e-01
  0  0   1.93e-01
  4  6   1.56e-01
  0  0   1.56e-01
  0  0   1.56e-01
  0  0   1.56e-01
  0  0   1.55e-01
  0  0   1.53e-01
  0  0   1.50e-01
  0  0   1.42e-01
  0  0   1.27e-01
  0  0   1.12e-01
  0  0   1.03e-01
  0  0   9.35e-02
  0  0   8.49e-02
  0  0   8.02e-02
  0  0   7.73e-02
  0  0   7.36e-02
  0  0   6.85e-02
  0  0   6.14e-02
  0  0   5.30e-02
  0  0   4.43e-02
  0  0   3.57e-02
  0  0   2.79e-02
  0  0   2.12e-02
  4  7   2.23e+00
  0  0   2.23e+00
  0  0   2.23e+00
  0  0   2.23e+00
  0  0   2.23e+00
  0  0   2.23e+00
  0  0   2.24e+00
  0  0   2.25e+00
  0  0   2.27e+00
  0  0   2.29e+00
  0  0   2.30e+00
  0  0   2.34e+00
  0  0   2.41e+00
  0  0   2.51e+00
  0  0   2.66e+00
  0  0   2.86e+00
  0  0   3.13e+00
  0  0   3.47e+00
  0  0   3.91e+00
  0  0   4.44e+00
  0  0   5.04e+00
  0  0   5.69e+00
  0  0   6.38e+00
  4  8   6.26e+00
  0  0   6.26e+00
  0  0   6.26e+00
  0  0   6.26e+00
  0  0   6.26e+00
  0  0   6.28e+00
  0  0   6.31e+00
  0  0   6.39e+00
  0  0   6.52e+00
  0  0   6.62e+00
  0  0   6.69e+00
  0  0   6.81e+00
  0  0   7.02e+00
  0  0   7.33e+00
  0  0   7.80e+00
  0  0   8.42e+00
  0  0   9.23e+00
  0  0   1.03e+01
  0  0   1.16e+01
  0  0   1.32e+01
  0  0   1.50e+01
  0  0   1.70e+01
  0  0   1.91e+01
  4  9   5.30e-01
  0  0   5.30e-01
  0  0   5.29e-01
  0  0   5.29e-01
  0  0   5.29e-01
  0  0   5.29e-01
  0  0   5.31e-01
  0  0   5.37e-01
  0  0   5.47e-01
  0  0   5.54e-01
  0  0   5.54e-01
  0  0   5.59e-01
  0  0   5.72e-01
  0  0   5.90e-01
  0  0   6.00e-01
  0  0   5.89e-01
  0  0   5.50e-01
  0  0   4.89e-01
  0  0   4.19e-01
  0  0   3.45e-01
  0  0   2.78e-01
  0  0   2.23e-01
  0  0   1.81e-01
  4 10   1.56e-01
  0  0   1.56e-01
  0  0   1.56e-01
  0  0   1.56e-01
  0  0   1.55e-01
  0  0   1.54e-01
  0  0   1.52e-01
  0  0   1.47e-01
  0  0   1.39e-01
  0  0   1.30e-01
  0  0   1.24e-01
  0  0   1.19e-01
  0  0   1.15e-01
  0  0   1.10e-01
  0  0   1.04e-01
  0  0   9.29e-02
  0  0   7.98e-02
  0  0   6.60e-02
  0  0   5.26e-02
  0  0   4.07e-02
  0  0   3.05e-02
  0  0   2.23e-02
  0  0   1.58e-02
  5  6   4.97e-01
  0  0   4.97e-01
  0  0   4.97e-01
  0  0   4.96e-01
  0  0   4.93e-01
  0  0   4.86e-01
  0  0   4.67e-01
  0  0   4.28e-01
  0  0   3.62e-01
  0  0   2.94e-01
  0  0   2.48e-01
  0  0   2.06e-01
  0  0   1.70e-01
  0  0   1.45e-01
  0  0   1.26e-01
  0  0   1.07e-01
  0  0   9.03e-02
  0  0   7.47e-02
  0  0   6.03e-02
  0  0   4.76e-02
  0  0   3.72e-02
  0  0   2.90e-02
  0  0   2.30e-02
  5  7   1.53e+00
  0  0   1.53e+00
  0  0   1.53e+00
  0  0   1.53e+00
  0  0   1.52e+00
  0  0   1.49e+00
  0  0   1.44e+00
  0  0   1.31e+00
  0  0   1.10e+00
  0  0   8.80e-01
  0  0   7.50e-01
  0  0   6.21e-01
  0  0   5.09e-01
  0  0   4.36e-01
  0  0   3.77e-01
  0  0   3.21e-01
  0  0   2.71e-01
  0  0   2.24e-01
  0  0   1.81e-01
  0  0   1.43e-01
  0  0   1.12e-01
  0  0   8.69e-02
  0  0   6.89e-02
  5  8   2.62e+00
  0  0   2.62e+00
  0  0   2.62e+00
  0  0   2.62e+00
  0  0   2.60e+00
  0  0   2.56e+00
  0  0   2.46e+00
  0  0   2.23e+00
  0  0   1.85e+00
  0  0   1.47e+00
  0  0   1.25e+00
  0  0   1.03e+00
  0  0   8.49e-01
  0  0   7.26e-01
  0  0   6.28e-01
  0  0   5.35e-01
  0  0   4.52e-01
  0  0   3.74e-01
  0  0   3.02e-01
  0  0   2.39e-01
  0  0   1.86e-01
  0  0   1.46e-01
  0  0   1.15e-01
  5  9   7.43e+00
  0  0   7.43e+00
  0  0   7.44e+00
  0  0   7.45e+00
  0  0   7.48e+00
  0  0   7.51e+00
  0  0   7.58e+00
  0  0   7.68e+00
  0  0   7.84e+00
  0  0   8.06e+00
  0  0   8.36e+00
  0  0   8.80e+00
  0  0   9.40e+00
  0  0   1.02e+01
  0  0   1.11e+01
  0  0   1.22e+01
  0  0   1.34e+01
  0  0   1.49e+01
  0  0   1.68e+01
  0  0   1.89e+01
  0  0   2.13e+01
  0  0   2.37e+01
  0  0   2.62e+01
  5 10   2.96e+00
  0  0   2.96e+00
  0  0   2.96e+00
  0  0   2.96e+00
  0  0   2.96e+00
  0  0   2.97e+00
  0  0   2.98e+00
  0  0   2.99e+00
  0  0   3.02e+00
  0  0   3.05e+00
  0  0   3.08e+00
  0  0   3.15e+00
  0  0   3.27e+00
  0  0   3.43e+00
  0  0   3.65e+00
  0  0   3.96e+00
  0  0   4.38e+00
  0  0   4.96e+00
  0  0   5.70e+00
  0  0   6.59e+00
  0  0   7.61e+00
  0  0   8.73e+00
  0  0   9.88e+00
  6  7   1.42e+00
  0  0   1.42e+00
  0  0   1.42e+00
  0  0   1.41e+00
  0  0   1.41e+00
  0  0   1.39e+00
  0  0   1.36e+00
  0  0   1.28e+00
  0  0   1.16e+00
  0  0   1.02e+00
  0  0   9.19e-01
  0  0   8.19e-01
  0  0   7.30e-01
  0  0   6.71e-01
  0  0   6.30e-01
  0  0   5.88e-01
  0  0   5.37e-01
  0  0   4.78e-01
  0  0   4.11e-01
  0  0   3.42e-01
  0  0   2.75e-01
  0  0   2.14e-01
  0  0   1.61e-01
  6  8   6.55e-01
  0  0   6.55e-01
  0  0   6.56e-01
  0  0   6.55e-01
  0  0   6.53e-01
  0  0   6.47e-01
  0  0   6.31e-01
  0  0   5.94e-01
  0  0   5.28e-01
  0  0   4.63e-01
  0  0   4.30e-01
  0  0   3.95e-01
  0  0   3.62e-01
  0  0   3.50e-01
  0  0   3.46e-01
  0  0   3.40e-01
  0  0   3.32e-01
  0  0   3.20e-01
  0  0   3.06e-01
  0  0   2.95e-01
  0  0   2.89e-01
  0  0   2.86e-01
  0  0   2.86e-01
  6  9   2.86e-01
  0  0   2.86e-01
  0  0   2.87e-01
  0  0   2.87e-01
  0  0   2.87e-01
  0  0   2.87e-01
  0  0   2.86e-01
  0  0   2.85e-01
  0  0   2.84e-01
  0  0   2.82e-01
  0  0   2.82e-01
  0  0   2.83e-01
  0  0   2.84e-01
  0  0   2.83e-01
  0  0   2.80e-01
  0  0   2.70e-01
  0  0   2.50e-01
  0  0   2.23e-01
  0  0   1.91e-01
  0  0   1.58e-01
  0  0   1.26e-01
  0  0   9.70e-02
  0  0   7.30e-02
  6 10   3.93e-02
  0  0   3.93e-02
  0  0   3.93e-02
  0  0   3.93e-02
  0  0   3.93e-02
  0  0   3.92e-02
  0  0   3.91e-02
  0  0   3.87e-02
  0  0   3.82e-02
  0  0   3.75e-02
  0  0   3.71e-02
  0  0   3.68e-02
  0  0   3.69e-02
  0  0   3.73e-02
  0  0   3.69e-02
  0  0   3.49e-02
  0  0   3.10e-02
  0  0   2.62e-02
  0  0   2.12e-02
  0  0   1.66e-02
  0  0   1.25e-02
  0  0   9.21e-03
  0  0   6.64e-03
  7  8   3.26e+00
  0  0   3.26e+00
  0  0   3.26e+00
  0  0   3.25e+00
  0  0   3.24e+00
  0  0   3.21e+00
  0  0   3.13e+00
  0  0   2.95e+00
  0  0   2.64e+00
  0  0   2.31e+00
  0  0   2.12e+00
  0  0   1.91e+00
  0  0   1.72e+00
  0  0   1.62e+00
  0  0   1.57e+00
  0  0   1.49e+00
  0  0   1.42e+00
  0  0   1.31e+00
  0  0   1.20e+00
  0  0   1.10e+00
  0  0   9.98e-01
  0  0   9.14e-01
  0  0   8.49e-01
  7  9   8.62e-01
  0  0   8.62e-01
  0  0   8.62e-01
  0  0   8.62e-01
  0  0   8.62e-01
  0  0   8.62e-01
  0  0   8.61e-01
  0  0   8.58e-01
  0  0   8.52e-01
  0  0   8.47e-01
  0  0   8.47e-01
  0  0   8.50e-01
  0  0   8.53e-01
  0  0   8.53e-01
  0  0   8.43e-01
  0  0   8.11e-01
  0  0   7.53e-01
  0  0   6.71e-01
  0  0   5.75e-01
  0  0   4.74e-01
  0  0   3.78e-01
  0  0   2.91e-01
  0  0   2.20e-01
  7 10   1.18e-01
  0  0   1.18e-01
  0  0   1.18e-01
  0  0   1.18e-01
  0  0   1.18e-01
  0  0   1.18e-01
  0  0   1.17e-01
  0  0   1.16e-01
  0  0   1.15e-01
  0  0   1.13e-01
  0  0   1.12e-01
  0  0   1.11e-01
  0  0   1.11e-01
  0  0   1.12e-01
  0  0   1.10e-01
  0  0   1.04e-01
  0  0   9.30e-02
  0  0   7.88e-02
  0  0   6.36e-02
  0  0   4.95e-02
  0  0   3.72e-02
  0  0   2.69e-02
  0  0   1.89e-02
  8  9   1.44e+00
  0  0   1.44e+00
  0  0   1.44e+00
  0  0   1.44e+00
  0  0   1.44e+00
  0  0   1.44e+00
  0  0   1.44e+00
  0  0   1.44e+00
  0  0   1.42e+00
  0  0   1.42e+00
  0  0   1.42e+00
  0  0   1.42e+00
  0  0   1.42e+00
  0  0   1.42e+00
  0  0   1.41e+00
  0  0   1.35e+00
  0  0   1.25e+00
  0  0   1.12e+00
  0  0   9.60e-01
  0  0   7.94e-01
  0  0   6.32e-01
  0  0   4.88e-01
  0  0   3.67e-01
  8 10   1.98e-01
  0  0   1.98e-01
  0  0   1.98e-01
  0  0   1.98e-01
  0  0   1.98e-01
  0  0   1.97e-01
  0  0   1.96e-01
  0  0   1.95e-01
  0  0   1.92e-01
  0  0   1.89e-01
  0  0   1.87e-01
  0  0   1.85e-01
  0  0   1.85e-01
  0  0   1.87e-01
  0  0   1.85e-01
  0  0   1.75e-01
  0  0   1.55e-01
  0  0   1.31e-01
  0  0   1.06e-01
  0  0   8.29e-02
  0  0   6.27e-02
  0  0   4.62e-02
  0  0   3.33e-02
  9 10   4.00e-01
  0  0   4.00e-01
  0  0   4.00e-01
  0  0   4.01e-01
  0  0   4.01e-01
  0  0   4.01e-01
  0  0   4.02e-01
  0  0   4.02e-01
  0  0   4.03e-01
  0  0   4.04e-01
  0  0   4.10e-01
  0  0   4.25e-01
  0  0   4.49e-01
  0  0   4.77e-01
  0  0   5.02e-01
  0  0   5.21e-01
  0  0   5.38e-01
  0  0   5.58e-01
  0  0   5.89e-01
  0  0   6.29e-01
  0  0   6.74e-01
  0  0   7.19e-01
  0  0   7.60e-01
 0 0 0
  1  2   0.000e+00
  1  3   1.040e+02
  1  4   5.216e-03
  1  5   1.769e+09
  1  6   0.000e+00
  1  7   0.000e+00
  1  8   0.000e+00
  1  9   3.850e+03
  1 10   0.000e+00
  2  3   0.000e+00
  2  4   0.000e+00
  2  5   0.000e+00
  2  6   0.000e+00
  2  7   4.411e+08
  2  8   0.000e+00
  2  9   0.000e+00
  2 10   0.000e+00
  3  4   2.450e-06
  3  5   0.000e+00
  3  6   1.321e+09
  3  7   3.305e+08
  3  8   3.311e+08
  3  9   4.966e+03
  3 10   0.000e+00
  4  5   0.000e+00
  4  6   0.000e+00
  4  7   5.498e+08
  4  8   9.913e+08
  4  9   3.169e+04
  4 10   0.000e+00
  5  6   0.000e+00
  5  7   0.000e+00
  5  8   0.000e+00
  5  9   1.390e+08
  5 10   2.099e+09
  6  7   0.000e+00
  6  8   0.000e+00
  6  9   0.000e+00
  6 10   0.000e+00
  7  8   0.000e+00
  7  9   0.000e+00
  7 10   0.000e+00
  8  9   0.000e+00
  8 10   0.000e+00
  9 10   0.000e+00
  1  1        0.0
  2  1    52367.1
  3  3    52390.8
  4  5    52447.1
  5  3   102352.0
  6  1   137425.7
  7  3   137454.4
  8  5   137502.0
  9  5   145876.1
 10  1   182519.9
