25
** Atomic data from version 10 of the CHIANTI database **
%filename: cl_10.elvlc
%observed energy levels: Edlen, B., 1983, Phys. Scr., 28, 51
%Theoretical energy levels: Landi, E. 2005, A&A, 434, 365
%produced as part of the Arcetri/Cambridge/NRL 'CHIANTI' atomic data base collaboration
%
% Enrico Landi - May 2004
%filename:  /data2/svn/chianti/dbase/trunk/cl/cl_10/cl_10.wgfa
%filename: cl_10.wgfa
%observed energy levels: Edlen, B., 1983, Phys. Scr., 28, 51
%A values and oscillator strengths: Landi, E. 2005, A&A, 434, 365
%produced as part of the Arcetri/Cambridge/NRL 'CHIANTI' atomic data base collaboration
%
% Enrico Landi - May 2004

K. Dere  -  minimum branching ratio =   1.00e-05
2017 December 06
%File processed with wgfa_tidy by pryoung on  6-Mar-2019
-1
%filename: cl_10.splups
%Oscillator strengths: Zhang, H.L., Sampson, D.H., 2002, ADNDT, 82, 357
%Collision strengths: Zhang, H.L., Sampson, D.H., 2002, ADNDT, 82, 357
%produced as part of the Arcetri/Cambridge/NRL 'CHIANTI' atomic data base collaboration
%
% Enrico Landi - May 2004
9 23
  1  2s2.2p4 3P2
  2  2s2.2p4 3P1
  3  2s2.2p4 3P0
  4  2s2.2p4 1D2
  5  2s2.2p4 1S0
  6  2s.2p5 3P2
  7  2s.2p5 3P1
  8  2s.2p5 3P0
  9  2s.2p5 1P1
     100.0
     158.5
     251.2
     398.1
     631.0
    1000.0
    1584.9
    2511.9
    3981.1
    6309.6
   10000.0
   15848.9
   25118.9
   39810.7
   63095.7
  100000.0
  158489.3
  251188.6
  398107.2
  630957.3
 1000000.0
 1584893.2
 2511886.4
0
  1  2   1.81e-01
  0  0   1.81e-01
  0  0   1.81e-01
  0  0   1.81e-01
  0  0   1.81e-01
  0  0   1.81e-01
  0  0   1.81e-01
  0  0   1.81e-01
  0  0   1.81e-01
  0  0   1.81e-01
  0  0   1.80e-01
  0  0   1.80e-01
  0  0   1.80e-01
  0  0   1.79e-01
  0  0   1.79e-01
  0  0   1.77e-01
  0  0   1.75e-01
  0  0   1.72e-01
  0  0   1.68e-01
  0  0   1.62e-01
  0  0   1.53e-01
  0  0   1.42e-01
  0  0   1.30e-01
  1  3   3.78e-02
  0  0   3.78e-02
  0  0   3.78e-02
  0  0   3.78e-02
  0  0   3.78e-02
  0  0   3.78e-02
  0  0   3.78e-02
  0  0   3.78e-02
  0  0   3.78e-02
  0  0   3.78e-02
  0  0   3.77e-02
  0  0   3.77e-02
  0  0   3.77e-02
  0  0   3.76e-02
  0  0   3.75e-02
  0  0   3.73e-02
  0  0   3.70e-02
  0  0   3.65e-02
  0  0   3.59e-02
  0  0   3.50e-02
  0  0   3.37e-02
  0  0   3.23e-02
  0  0   3.07e-02
  1  4   2.19e-01
  0  0   2.19e-01
  0  0   2.19e-01
  0  0   2.19e-01
  0  0   2.19e-01
  0  0   2.19e-01
  0  0   2.19e-01
  0  0   2.18e-01
  0  0   2.18e-01
  0  0   2.18e-01
  0  0   2.18e-01
  0  0   2.18e-01
  0  0   2.17e-01
  0  0   2.16e-01
  0  0   2.15e-01
  0  0   2.13e-01
  0  0   2.10e-01
  0  0   2.05e-01
  0  0   1.98e-01
  0  0   1.88e-01
  0  0   1.74e-01
  0  0   1.57e-01
  0  0   1.37e-01
  1  5   3.01e-02
  0  0   3.01e-02
  0  0   3.01e-02
  0  0   3.01e-02
  0  0   3.01e-02
  0  0   3.01e-02
  0  0   3.01e-02
  0  0   3.01e-02
  0  0   3.01e-02
  0  0   3.01e-02
  0  0   3.00e-02
  0  0   3.00e-02
  0  0   2.99e-02
  0  0   2.98e-02
  0  0   2.96e-02
  0  0   2.93e-02
  0  0   2.88e-02
  0  0   2.81e-02
  0  0   2.71e-02
  0  0   2.56e-02
  0  0   2.35e-02
  0  0   2.10e-02
  0  0   1.79e-02
  1  6   1.27e+00
  0  0   1.27e+00
  0  0   1.27e+00
  0  0   1.27e+00
  0  0   1.27e+00
  0  0   1.27e+00
  0  0   1.27e+00
  0  0   1.27e+00
  0  0   1.27e+00
  0  0   1.27e+00
  0  0   1.27e+00
  0  0   1.28e+00
  0  0   1.28e+00
  0  0   1.28e+00
  0  0   1.29e+00
  0  0   1.30e+00
  0  0   1.32e+00
  0  0   1.34e+00
  0  0   1.37e+00
  0  0   1.42e+00
  0  0   1.48e+00
  0  0   1.56e+00
  0  0   1.66e+00
  1  7   4.28e-01
  0  0   4.28e-01
  0  0   4.28e-01
  0  0   4.28e-01
  0  0   4.28e-01
  0  0   4.28e-01
  0  0   4.28e-01
  0  0   4.28e-01
  0  0   4.28e-01
  0  0   4.28e-01
  0  0   4.29e-01
  0  0   4.29e-01
  0  0   4.30e-01
  0  0   4.31e-01
  0  0   4.34e-01
  0  0   4.37e-01
  0  0   4.42e-01
  0  0   4.50e-01
  0  0   4.61e-01
  0  0   4.76e-01
  0  0   4.97e-01
  0  0   5.23e-01
  0  0   5.56e-01
  1  8   3.02e-03
  0  0   3.02e-03
  0  0   3.02e-03
  0  0   3.02e-03
  0  0   3.02e-03
  0  0   3.02e-03
  0  0   3.02e-03
  0  0   3.02e-03
  0  0   3.01e-03
  0  0   3.01e-03
  0  0   3.01e-03
  0  0   3.01e-03
  0  0   3.00e-03
  0  0   3.00e-03
  0  0   2.98e-03
  0  0   2.97e-03
  0  0   2.94e-03
  0  0   2.89e-03
  0  0   2.82e-03
  0  0   2.72e-03
  0  0   2.58e-03
  0  0   2.38e-03
  0  0   2.13e-03
  1  9   3.45e-02
  0  0   3.45e-02
  0  0   3.45e-02
  0  0   3.45e-02
  0  0   3.45e-02
  0  0   3.45e-02
  0  0   3.45e-02
  0  0   3.45e-02
  0  0   3.45e-02
  0  0   3.45e-02
  0  0   3.44e-02
  0  0   3.44e-02
  0  0   3.44e-02
  0  0   3.44e-02
  0  0   3.43e-02
  0  0   3.42e-02
  0  0   3.41e-02
  0  0   3.39e-02
  0  0   3.36e-02
  0  0   3.31e-02
  0  0   3.25e-02
  0  0   3.16e-02
  0  0   3.05e-02
  2  3   7.83e-02
  0  0   7.83e-02
  0  0   7.83e-02
  0  0   7.83e-02
  0  0   7.83e-02
  0  0   7.83e-02
  0  0   7.83e-02
  0  0   7.83e-02
  0  0   7.83e-02
  0  0   7.82e-02
  0  0   7.82e-02
  0  0   7.80e-02
  0  0   7.79e-02
  0  0   7.76e-02
  0  0   7.72e-02
  0  0   7.65e-02
  0  0   7.54e-02
  0  0   7.38e-02
  0  0   7.15e-02
  0  0   6.81e-02
  0  0   6.34e-02
  0  0   5.74e-02
  0  0   5.01e-02
  2  4   1.45e-01
  0  0   1.45e-01
  0  0   1.45e-01
  0  0   1.45e-01
  0  0   1.45e-01
  0  0   1.45e-01
  0  0   1.45e-01
  0  0   1.45e-01
  0  0   1.45e-01
  0  0   1.45e-01
  0  0   1.45e-01
  0  0   1.44e-01
  0  0   1.44e-01
  0  0   1.43e-01
  0  0   1.43e-01
  0  0   1.41e-01
  0  0   1.39e-01
  0  0   1.36e-01
  0  0   1.31e-01
  0  0   1.25e-01
  0  0   1.16e-01
  0  0   1.04e-01
  0  0   9.03e-02
  2  5   2.28e-02
  0  0   2.28e-02
  0  0   2.28e-02
  0  0   2.28e-02
  0  0   2.28e-02
  0  0   2.28e-02
  0  0   2.28e-02
  0  0   2.28e-02
  0  0   2.28e-02
  0  0   2.28e-02
  0  0   2.27e-02
  0  0   2.27e-02
  0  0   2.26e-02
  0  0   2.25e-02
  0  0   2.24e-02
  0  0   2.22e-02
  0  0   2.18e-02
  0  0   2.12e-02
  0  0   2.04e-02
  0  0   1.93e-02
  0  0   1.77e-02
  0  0   1.58e-02
  0  0   1.36e-02
  2  6   4.31e-01
  0  0   4.31e-01
  0  0   4.31e-01
  0  0   4.31e-01
  0  0   4.31e-01
  0  0   4.31e-01
  0  0   4.31e-01
  0  0   4.31e-01
  0  0   4.31e-01
  0  0   4.31e-01
  0  0   4.32e-01
  0  0   4.32e-01
  0  0   4.33e-01
  0  0   4.35e-01
  0  0   4.37e-01
  0  0   4.40e-01
  0  0   4.46e-01
  0  0   4.54e-01
  0  0   4.65e-01
  0  0   4.81e-01
  0  0   5.01e-01
  0  0   5.28e-01
  0  0   5.61e-01
  2  7   2.63e-01
  0  0   2.63e-01
  0  0   2.63e-01
  0  0   2.63e-01
  0  0   2.63e-01
  0  0   2.63e-01
  0  0   2.63e-01
  0  0   2.63e-01
  0  0   2.63e-01
  0  0   2.63e-01
  0  0   2.64e-01
  0  0   2.64e-01
  0  0   2.65e-01
  0  0   2.65e-01
  0  0   2.67e-01
  0  0   2.69e-01
  0  0   2.72e-01
  0  0   2.76e-01
  0  0   2.83e-01
  0  0   2.92e-01
  0  0   3.05e-01
  0  0   3.20e-01
  0  0   3.40e-01
  2  8   3.36e-01
  0  0   3.36e-01
  0  0   3.36e-01
  0  0   3.36e-01
  0  0   3.36e-01
  0  0   3.36e-01
  0  0   3.36e-01
  0  0   3.36e-01
  0  0   3.37e-01
  0  0   3.37e-01
  0  0   3.37e-01
  0  0   3.38e-01
  0  0   3.38e-01
  0  0   3.39e-01
  0  0   3.41e-01
  0  0   3.44e-01
  0  0   3.48e-01
  0  0   3.54e-01
  0  0   3.63e-01
  0  0   3.75e-01
  0  0   3.92e-01
  0  0   4.14e-01
  0  0   4.41e-01
  2  9   1.55e-02
  0  0   1.55e-02
  0  0   1.55e-02
  0  0   1.55e-02
  0  0   1.55e-02
  0  0   1.55e-02
  0  0   1.55e-02
  0  0   1.55e-02
  0  0   1.55e-02
  0  0   1.55e-02
  0  0   1.55e-02
  0  0   1.55e-02
  0  0   1.54e-02
  0  0   1.54e-02
  0  0   1.53e-02
  0  0   1.52e-02
  0  0   1.51e-02
  0  0   1.49e-02
  0  0   1.45e-02
  0  0   1.40e-02
  0  0   1.33e-02
  0  0   1.23e-02
  0  0   1.11e-02
  3  4   4.86e-02
  0  0   4.86e-02
  0  0   4.86e-02
  0  0   4.86e-02
  0  0   4.86e-02
  0  0   4.86e-02
  0  0   4.86e-02
  0  0   4.86e-02
  0  0   4.86e-02
  0  0   4.85e-02
  0  0   4.85e-02
  0  0   4.84e-02
  0  0   4.83e-02
  0  0   4.81e-02
  0  0   4.78e-02
  0  0   4.74e-02
  0  0   4.67e-02
  0  0   4.57e-02
  0  0   4.41e-02
  0  0   4.19e-02
  0  0   3.89e-02
  0  0   3.50e-02
  0  0   3.05e-02
  3  5   7.65e-03
  0  0   7.65e-03
  0  0   7.65e-03
  0  0   7.65e-03
  0  0   7.65e-03
  0  0   7.65e-03
  0  0   7.65e-03
  0  0   7.65e-03
  0  0   7.64e-03
  0  0   7.64e-03
  0  0   7.63e-03
  0  0   7.62e-03
  0  0   7.60e-03
  0  0   7.56e-03
  0  0   7.51e-03
  0  0   7.43e-03
  0  0   7.31e-03
  0  0   7.13e-03
  0  0   6.85e-03
  0  0   6.47e-03
  0  0   5.95e-03
  0  0   5.30e-03
  0  0   4.54e-03
  3  6   5.88e-03
  0  0   5.88e-03
  0  0   5.88e-03
  0  0   5.88e-03
  0  0   5.88e-03
  0  0   5.88e-03
  0  0   5.88e-03
  0  0   5.88e-03
  0  0   5.88e-03
  0  0   5.88e-03
  0  0   5.87e-03
  0  0   5.87e-03
  0  0   5.86e-03
  0  0   5.84e-03
  0  0   5.82e-03
  0  0   5.78e-03
  0  0   5.73e-03
  0  0   5.64e-03
  0  0   5.50e-03
  0  0   5.31e-03
  0  0   5.03e-03
  0  0   4.65e-03
  0  0   4.16e-03
  3  7   3.33e-01
  0  0   3.33e-01
  0  0   3.33e-01
  0  0   3.33e-01
  0  0   3.33e-01
  0  0   3.33e-01
  0  0   3.33e-01
  0  0   3.33e-01
  0  0   3.33e-01
  0  0   3.33e-01
  0  0   3.33e-01
  0  0   3.34e-01
  0  0   3.35e-01
  0  0   3.36e-01
  0  0   3.37e-01
  0  0   3.40e-01
  0  0   3.44e-01
  0  0   3.51e-01
  0  0   3.59e-01
  0  0   3.72e-01
  0  0   3.89e-01
  0  0   4.11e-01
  0  0   4.37e-01
  3  8   2.67e-03
  0  0   2.67e-03
  0  0   2.67e-03
  0  0   2.67e-03
  0  0   2.67e-03
  0  0   2.67e-03
  0  0   2.67e-03
  0  0   2.67e-03
  0  0   2.67e-03
  0  0   2.67e-03
  0  0   2.67e-03
  0  0   2.67e-03
  0  0   2.66e-03
  0  0   2.66e-03
  0  0   2.64e-03
  0  0   2.63e-03
  0  0   2.60e-03
  0  0   2.56e-03
  0  0   2.50e-03
  0  0   2.41e-03
  0  0   2.29e-03
  0  0   2.11e-03
  0  0   1.89e-03
  3  9   5.85e-03
  0  0   5.85e-03
  0  0   5.85e-03
  0  0   5.85e-03
  0  0   5.85e-03
  0  0   5.85e-03
  0  0   5.85e-03
  0  0   5.85e-03
  0  0   5.85e-03
  0  0   5.85e-03
  0  0   5.84e-03
  0  0   5.84e-03
  0  0   5.83e-03
  0  0   5.82e-03
  0  0   5.80e-03
  0  0   5.78e-03
  0  0   5.74e-03
  0  0   5.67e-03
  0  0   5.57e-03
  0  0   5.43e-03
  0  0   5.23e-03
  0  0   4.95e-03
  0  0   4.60e-03
  4  5   5.71e-02
  0  0   5.71e-02
  0  0   5.71e-02
  0  0   5.71e-02
  0  0   5.71e-02
  0  0   5.71e-02
  0  0   5.71e-02
  0  0   5.71e-02
  0  0   5.71e-02
  0  0   5.71e-02
  0  0   5.71e-02
  0  0   5.71e-02
  0  0   5.72e-02
  0  0   5.72e-02
  0  0   5.73e-02
  0  0   5.74e-02
  0  0   5.75e-02
  0  0   5.78e-02
  0  0   5.82e-02
  0  0   5.88e-02
  0  0   5.98e-02
  0  0   6.14e-02
  0  0   6.37e-02
  4  6   5.28e-02
  0  0   5.28e-02
  0  0   5.28e-02
  0  0   5.28e-02
  0  0   5.28e-02
  0  0   5.28e-02
  0  0   5.28e-02
  0  0   5.28e-02
  0  0   5.28e-02
  0  0   5.28e-02
  0  0   5.28e-02
  0  0   5.27e-02
  0  0   5.27e-02
  0  0   5.26e-02
  0  0   5.25e-02
  0  0   5.24e-02
  0  0   5.21e-02
  0  0   5.17e-02
  0  0   5.11e-02
  0  0   5.02e-02
  0  0   4.90e-02
  0  0   4.73e-02
  0  0   4.53e-02
  4  7   2.73e-02
  0  0   2.73e-02
  0  0   2.73e-02
  0  0   2.73e-02
  0  0   2.73e-02
  0  0   2.73e-02
  0  0   2.73e-02
  0  0   2.73e-02
  0  0   2.73e-02
  0  0   2.73e-02
  0  0   2.73e-02
  0  0   2.73e-02
  0  0   2.72e-02
  0  0   2.72e-02
  0  0   2.71e-02
  0  0   2.69e-02
  0  0   2.66e-02
  0  0   2.63e-02
  0  0   2.57e-02
  0  0   2.48e-02
  0  0   2.35e-02
  0  0   2.18e-02
  0  0   1.96e-02
  4  8   9.58e-03
  0  0   9.58e-03
  0  0   9.58e-03
  0  0   9.58e-03
  0  0   9.58e-03
  0  0   9.58e-03
  0  0   9.57e-03
  0  0   9.57e-03
  0  0   9.57e-03
  0  0   9.57e-03
  0  0   9.56e-03
  0  0   9.55e-03
  0  0   9.53e-03
  0  0   9.51e-03
  0  0   9.47e-03
  0  0   9.41e-03
  0  0   9.32e-03
  0  0   9.17e-03
  0  0   8.95e-03
  0  0   8.63e-03
  0  0   8.17e-03
  0  0   7.54e-03
  0  0   6.76e-03
  4  9   1.52e+00
  0  0   1.52e+00
  0  0   1.52e+00
  0  0   1.52e+00
  0  0   1.52e+00
  0  0   1.52e+00
  0  0   1.52e+00
  0  0   1.52e+00
  0  0   1.52e+00
  0  0   1.52e+00
  0  0   1.52e+00
  0  0   1.52e+00
  0  0   1.53e+00
  0  0   1.53e+00
  0  0   1.54e+00
  0  0   1.55e+00
  0  0   1.56e+00
  0  0   1.59e+00
  0  0   1.62e+00
  0  0   1.68e+00
  0  0   1.75e+00
  0  0   1.84e+00
  0  0   1.97e+00
  5  6   1.03e-02
  0  0   1.03e-02
  0  0   1.03e-02
  0  0   1.03e-02
  0  0   1.03e-02
  0  0   1.03e-02
  0  0   1.03e-02
  0  0   1.03e-02
  0  0   1.03e-02
  0  0   1.03e-02
  0  0   1.03e-02
  0  0   1.03e-02
  0  0   1.03e-02
  0  0   1.03e-02
  0  0   1.02e-02
  0  0   1.02e-02
  0  0   1.01e-02
  0  0   9.91e-03
  0  0   9.69e-03
  0  0   9.35e-03
  0  0   8.87e-03
  0  0   8.22e-03
  0  0   7.38e-03
  5  7   1.13e-02
  0  0   1.13e-02
  0  0   1.13e-02
  0  0   1.13e-02
  0  0   1.13e-02
  0  0   1.13e-02
  0  0   1.13e-02
  0  0   1.13e-02
  0  0   1.13e-02
  0  0   1.13e-02
  0  0   1.13e-02
  0  0   1.13e-02
  0  0   1.12e-02
  0  0   1.12e-02
  0  0   1.12e-02
  0  0   1.12e-02
  0  0   1.11e-02
  0  0   1.11e-02
  0  0   1.09e-02
  0  0   1.08e-02
  0  0   1.05e-02
  0  0   1.02e-02
  0  0   9.81e-03
  5  8   3.05e-03
  0  0   3.05e-03
  0  0   3.05e-03
  0  0   3.05e-03
  0  0   3.05e-03
  0  0   3.05e-03
  0  0   3.05e-03
  0  0   3.05e-03
  0  0   3.05e-03
  0  0   3.05e-03
  0  0   3.05e-03
  0  0   3.04e-03
  0  0   3.04e-03
  0  0   3.03e-03
  0  0   3.02e-03
  0  0   3.00e-03
  0  0   2.97e-03
  0  0   2.93e-03
  0  0   2.86e-03
  0  0   2.76e-03
  0  0   2.62e-03
  0  0   2.43e-03
  0  0   2.18e-03
  5  9   1.58e-01
  0  0   1.58e-01
  0  0   1.58e-01
  0  0   1.58e-01
  0  0   1.58e-01
  0  0   1.58e-01
  0  0   1.58e-01
  0  0   1.58e-01
  0  0   1.58e-01
  0  0   1.58e-01
  0  0   1.58e-01
  0  0   1.58e-01
  0  0   1.59e-01
  0  0   1.59e-01
  0  0   1.60e-01
  0  0   1.61e-01
  0  0   1.63e-01
  0  0   1.65e-01
  0  0   1.69e-01
  0  0   1.75e-01
  0  0   1.83e-01
  0  0   1.93e-01
  0  0   2.06e-01
  6  7   1.81e-01
  0  0   1.81e-01
  0  0   1.81e-01
  0  0   1.81e-01
  0  0   1.81e-01
  0  0   1.81e-01
  0  0   1.81e-01
  0  0   1.81e-01
  0  0   1.80e-01
  0  0   1.80e-01
  0  0   1.80e-01
  0  0   1.80e-01
  0  0   1.80e-01
  0  0   1.79e-01
  0  0   1.78e-01
  0  0   1.77e-01
  0  0   1.75e-01
  0  0   1.72e-01
  0  0   1.68e-01
  0  0   1.62e-01
  0  0   1.53e-01
  0  0   1.42e-01
  0  0   1.30e-01
  6  8   3.76e-02
  0  0   3.76e-02
  0  0   3.76e-02
  0  0   3.76e-02
  0  0   3.76e-02
  0  0   3.76e-02
  0  0   3.76e-02
  0  0   3.75e-02
  0  0   3.75e-02
  0  0   3.75e-02
  0  0   3.75e-02
  0  0   3.75e-02
  0  0   3.74e-02
  0  0   3.74e-02
  0  0   3.72e-02
  0  0   3.71e-02
  0  0   3.68e-02
  0  0   3.64e-02
  0  0   3.57e-02
  0  0   3.48e-02
  0  0   3.36e-02
  0  0   3.22e-02
  0  0   3.06e-02
  6  9   8.82e-02
  0  0   8.82e-02
  0  0   8.82e-02
  0  0   8.82e-02
  0  0   8.82e-02
  0  0   8.82e-02
  0  0   8.82e-02
  0  0   8.82e-02
  0  0   8.81e-02
  0  0   8.81e-02
  0  0   8.80e-02
  0  0   8.78e-02
  0  0   8.76e-02
  0  0   8.73e-02
  0  0   8.68e-02
  0  0   8.60e-02
  0  0   8.47e-02
  0  0   8.28e-02
  0  0   8.00e-02
  0  0   7.59e-02
  0  0   7.03e-02
  0  0   6.31e-02
  0  0   5.45e-02
  7  8   7.62e-02
  0  0   7.62e-02
  0  0   7.62e-02
  0  0   7.62e-02
  0  0   7.62e-02
  0  0   7.62e-02
  0  0   7.62e-02
  0  0   7.62e-02
  0  0   7.62e-02
  0  0   7.61e-02
  0  0   7.60e-02
  0  0   7.59e-02
  0  0   7.58e-02
  0  0   7.55e-02
  0  0   7.51e-02
  0  0   7.44e-02
  0  0   7.34e-02
  0  0   7.18e-02
  0  0   6.95e-02
  0  0   6.62e-02
  0  0   6.16e-02
  0  0   5.57e-02
  0  0   4.85e-02
  7  9   5.41e-02
  0  0   5.41e-02
  0  0   5.41e-02
  0  0   5.41e-02
  0  0   5.41e-02
  0  0   5.41e-02
  0  0   5.41e-02
  0  0   5.41e-02
  0  0   5.41e-02
  0  0   5.40e-02
  0  0   5.40e-02
  0  0   5.39e-02
  0  0   5.38e-02
  0  0   5.35e-02
  0  0   5.32e-02
  0  0   5.27e-02
  0  0   5.19e-02
  0  0   5.08e-02
  0  0   4.90e-02
  0  0   4.65e-02
  0  0   4.31e-02
  0  0   3.87e-02
  0  0   3.35e-02
  8  9   1.84e-02
  0  0   1.84e-02
  0  0   1.84e-02
  0  0   1.84e-02
  0  0   1.84e-02
  0  0   1.84e-02
  0  0   1.84e-02
  0  0   1.84e-02
  0  0   1.83e-02
  0  0   1.83e-02
  0  0   1.83e-02
  0  0   1.83e-02
  0  0   1.82e-02
  0  0   1.82e-02
  0  0   1.81e-02
  0  0   1.79e-02
  0  0   1.76e-02
  0  0   1.72e-02
  0  0   1.66e-02
  0  0   1.57e-02
  0  0   1.45e-02
  0  0   1.31e-02
  0  0   1.13e-02
 0 0 0
  1  2   2.838e+01
  1  3   7.912e-04
  1  4   1.162e+02
  1  5   4.443e-01
  1  6   1.499e+10
  1  7   8.967e+09
  1  8   0.000e+00
  1  9   6.602e+08
  2  3   1.879e+00
  2  4   2.261e+01
  2  5   1.370e+03
  2  6   4.708e+09
  2  7   4.995e+09
  2  8   2.070e+10
  2  9   1.869e+07
  3  4   0.000e+00
  3  5   0.000e+00
  3  6   0.000e+00
  3  7   6.476e+09
  3  8   0.000e+00
  3  9   4.039e+07
  4  5   8.548e+00
  4  6   1.030e+08
  4  7   4.529e+06
  4  8   0.000e+00
  4  9   6.671e+10
  5  6   0.000e+00
  5  7   2.097e+07
  5  8   0.000e+00
  5  9   4.606e+09
  6  7   0.000e+00
  6  8   0.000e+00
  6  9   0.000e+00
  7  8   0.000e+00
  7  9   0.000e+00
  8  9   0.000e+00
  1  5        0.0
  2  3    10847.0
  3  1    14127.0
  4  5    64872.0
  5  1   135206.0
  6  5   486894.0
  7  3   496276.0
  8  1   501554.0
  9  3   672630.0
