 20
** Atomic data from version 6 of the CHIANTI database **
%experimental energy levels: Fuhr et al., 1999, NIST Atomic Spectra Database Version 2.0
%theoretical energy levels: interpolated using data from the H-like ions from C to Ni
%produced as part of the Arcetri/Cambridge/NRL 'CHIANTI' atomic data base collaboration
%
% Enrico Landi - Nov 2004
%filename: cl_17.wgfa
%experimental energy levels: Fuhr et al., 1999, NIST Atomic Spectra Database Version 2.0
%theoretical energy levels: interpolated using data from the H-like ions from C to Ni
%A and gf values: interpolated using data from the H-like ions from C to Ni
%produced as part of the Arcetri/Cambridge/NRL 'CHIANTI' atomic data base collaboration
%
% Enrico Landi - Nov 2004

%filename: cl_17.splups
%gf values: interpolated using data from the H-like ions from C to Ni
%effective collision strengths: interpolated from the H-like ions from C to Ni
%produced as part of the Arcetri/Cambridge/NRL 'CHIANTI' atomic data base collaboration
%
% Enrico Landi - Nov 2004
 9 23
  1  1s 2S1/2
  2  2s 2S1/2
  3  2p 2P1/2
  4  2p 2P3/2
  5  3s 2S1/2
  6  3p 2P1/2
  7  3p 2P3/2
  8  3d 2D3/2
  9  3d 2D5/2
     100.0
     158.5
     251.2
     398.1
     631.0
    1000.0
    1584.9
    2511.9
    3981.1
    6309.6
   10000.0
   15848.9
   25118.9
   39810.7
   63095.8
  100000.0
  158489.2
  251188.7
  398107.1
  630957.6
 1000000.0
 1584892.5
 2511887.0
0
  1  2   2.67e-03
  0  0   2.67e-03
  0  0   2.67e-03
  0  0   2.67e-03
  0  0   2.67e-03
  0  0   2.67e-03
  0  0   2.67e-03
  0  0   2.67e-03
  0  0   2.67e-03
  0  0   2.67e-03
  0  0   2.67e-03
  0  0   2.67e-03
  0  0   2.67e-03
  0  0   2.67e-03
  0  0   2.66e-03
  0  0   2.66e-03
  0  0   2.66e-03
  0  0   2.65e-03
  0  0   2.65e-03
  0  0   2.63e-03
  0  0   2.60e-03
  0  0   2.61e-03
  0  0   2.62e-03
  1  3   3.93e-03
  0  0   3.93e-03
  0  0   3.93e-03
  0  0   3.93e-03
  0  0   3.93e-03
  0  0   3.93e-03
  0  0   3.93e-03
  0  0   3.93e-03
  0  0   3.93e-03
  0  0   3.93e-03
  0  0   3.93e-03
  0  0   3.93e-03
  0  0   3.93e-03
  0  0   3.93e-03
  0  0   3.92e-03
  0  0   3.92e-03
  0  0   3.91e-03
  0  0   3.90e-03
  0  0   3.89e-03
  0  0   3.86e-03
  0  0   3.81e-03
  0  0   3.79e-03
  0  0   3.81e-03
  1  4   7.87e-03
  0  0   7.87e-03
  0  0   7.87e-03
  0  0   7.87e-03
  0  0   7.87e-03
  0  0   7.87e-03
  0  0   7.87e-03
  0  0   7.87e-03
  0  0   7.87e-03
  0  0   7.87e-03
  0  0   7.87e-03
  0  0   7.87e-03
  0  0   7.87e-03
  0  0   7.87e-03
  0  0   7.86e-03
  0  0   7.85e-03
  0  0   7.84e-03
  0  0   7.82e-03
  0  0   7.79e-03
  0  0   7.73e-03
  0  0   7.64e-03
  0  0   7.60e-03
  0  0   7.63e-03
  1  5   6.51e-04
  0  0   6.51e-04
  0  0   6.51e-04
  0  0   6.51e-04
  0  0   6.51e-04
  0  0   6.51e-04
  0  0   6.51e-04
  0  0   6.51e-04
  0  0   6.51e-04
  0  0   6.51e-04
  0  0   6.51e-04
  0  0   6.50e-04
  0  0   6.49e-04
  0  0   6.48e-04
  0  0   6.46e-04
  0  0   6.43e-04
  0  0   6.39e-04
  0  0   6.32e-04
  0  0   6.23e-04
  0  0   6.13e-04
  0  0   6.05e-04
  0  0   5.98e-04
  0  0   5.89e-04
  1  6   9.00e-04
  0  0   9.00e-04
  0  0   9.00e-04
  0  0   9.00e-04
  0  0   9.00e-04
  0  0   9.00e-04
  0  0   9.00e-04
  0  0   9.00e-04
  0  0   8.99e-04
  0  0   8.99e-04
  0  0   8.99e-04
  0  0   8.98e-04
  0  0   8.98e-04
  0  0   8.96e-04
  0  0   8.94e-04
  0  0   8.91e-04
  0  0   8.86e-04
  0  0   8.79e-04
  0  0   8.68e-04
  0  0   8.54e-04
  0  0   8.38e-04
  0  0   8.21e-04
  0  0   8.03e-04
  1  7   1.80e-03
  0  0   1.80e-03
  0  0   1.80e-03
  0  0   1.80e-03
  0  0   1.80e-03
  0  0   1.80e-03
  0  0   1.80e-03
  0  0   1.80e-03
  0  0   1.80e-03
  0  0   1.80e-03
  0  0   1.80e-03
  0  0   1.80e-03
  0  0   1.80e-03
  0  0   1.80e-03
  0  0   1.79e-03
  0  0   1.79e-03
  0  0   1.78e-03
  0  0   1.76e-03
  0  0   1.74e-03
  0  0   1.71e-03
  0  0   1.68e-03
  0  0   1.64e-03
  0  0   1.61e-03
  1  8   3.39e-04
  0  0   3.39e-04
  0  0   3.39e-04
  0  0   3.39e-04
  0  0   3.39e-04
  0  0   3.39e-04
  0  0   3.39e-04
  0  0   3.39e-04
  0  0   3.39e-04
  0  0   3.39e-04
  0  0   3.38e-04
  0  0   3.37e-04
  0  0   3.36e-04
  0  0   3.35e-04
  0  0   3.32e-04
  0  0   3.28e-04
  0  0   3.21e-04
  0  0   3.11e-04
  0  0   2.98e-04
  0  0   2.83e-04
  0  0   2.70e-04
  0  0   2.57e-04
  0  0   2.37e-04
  1  9   5.09e-04
  0  0   5.09e-04
  0  0   5.09e-04
  0  0   5.09e-04
  0  0   5.09e-04
  0  0   5.09e-04
  0  0   5.09e-04
  0  0   5.08e-04
  0  0   5.08e-04
  0  0   5.08e-04
  0  0   5.07e-04
  0  0   5.06e-04
  0  0   5.04e-04
  0  0   5.02e-04
  0  0   4.98e-04
  0  0   4.91e-04
  0  0   4.81e-04
  0  0   4.67e-04
  0  0   4.47e-04
  0  0   4.24e-04
  0  0   4.05e-04
  0  0   3.86e-04
  0  0   3.56e-04
 0 0 0
  1  2   5.115e+06
 -1 -2   1.968e+08
  1  3   5.265e+13
  1  4   5.286e+13
  1  5   0.000e+00
  1  6   1.407e+13
  1  7   1.409e+13
  1  8   0.000e+00
  1  9   0.000e+00
  2  3   0.000e+00
  2  4   0.000e+00
  2  5   0.000e+00
  2  6   1.895e+12
  2  7   1.905e+12
  2  8   0.000e+00
  2  9   0.000e+00
  3  4   0.000e+00
  3  5   1.779e+11
  3  6   0.000e+00
  3  7   0.000e+00
  3  8   4.572e+12
  3  9   0.000e+00
  4  5   3.509e+11
  4  6   0.000e+00
  4  7   0.000e+00
  4  8   9.019e+11
  4  9   5.418e+12
  5  6   0.000e+00
  5  7   0.000e+00
  5  8   0.000e+00
  5  9   0.000e+00
  6  7   0.000e+00
  6  8   0.000e+00
  6  9   0.000e+00
  7  8   0.000e+00
  7  9   0.000e+00
  8  9   0.000e+00
  1  2        0.0
  2  2 23863100.0
  3  2 23862034.0
  4  4 23892900.0
  5  2 28291824.0
  6  2 28291504.0
  7  4 28300652.0
  8  4 28300636.0
  9  6 28303664.0
