 20
** Atomic data from version 6 of the CHIANTI database **
%experimental energy levels: NIST Atomic Spectra database, NIST Standard Reference Database #78
%theoretical energy levels: interpolated using data from the other He-like ions from C to Ni
%produced as part of the Arcetri/Cambridge/NRL 'CHIANTI' atomic data base collaboration
%
% Enrico Landi - Oct 2004
%filename: cl_16.wgfa
%experimental energy levels: NIST Atomic Spectra database, NIST Standard Reference Database #78
%theoretical energy levels: interpolated using data from the other He-like ions from C to Ni
%A and gf values: interpolated using data from the other He-like ions from C to Ni
%produced as part of the Arcetri/Cambridge/NRL 'CHIANTI' atomic data base collaboration
%
% Enrico Landi - Nov 2004

%filename: cl_16.splups
%oscillator strengths: interpolated using data from the other He-like ions from C to Ni
%effective collision strengths: interpolated using data from the other He-like ions from C to Ni
%produced as part of the Arcetri/Cambridge/NRL 'CHIANTI' atomic data base collaboration
%
% Enrico Landi - Nov 2004
17 23
  1  1s2 1S0
  2  1s.2s 3S1
  3  1s.2s 1S0
  4  1s.2p 3P0
  5  1s.2p 3P1
  6  1s.2p 3P2
  7  1s.2p 1P1
  8  1s.3s 3S1
  9  1s.3s 1S0
 10  1s.3p 3P0
 11  1s.3p 3P1
 12  1s.3p 3P2
 13  1s.3p 1P1
 14  1s.3d 3D1
 15  1s.3d 3D2
 16  1s.3d 3D3
 17  1s.3d 1D2
     100.0
     158.5
     251.2
     398.1
     631.0
    1000.0
    1584.9
    2511.9
    3981.1
    6309.6
   10000.0
   15848.9
   25118.9
   39810.7
   63095.8
  100000.0
  158489.2
  251188.7
  398107.1
  630957.6
 1000000.0
 1584892.5
 2511887.0
0
  1  2   1.11e-03
  0  0   1.11e-03
  0  0   1.11e-03
  0  0   1.11e-03
  0  0   1.11e-03
  0  0   1.11e-03
  0  0   1.11e-03
  0  0   1.11e-03
  0  0   1.11e-03
  0  0   1.11e-03
  0  0   1.11e-03
  0  0   1.11e-03
  0  0   1.11e-03
  0  0   1.11e-03
  0  0   1.11e-03
  0  0   1.11e-03
  0  0   1.11e-03
  0  0   1.11e-03
  0  0   1.11e-03
  0  0   1.11e-03
  0  0   1.11e-03
  0  0   1.11e-03
  0  0   1.09e-03
  1  3   1.84e-03
  0  0   1.84e-03
  0  0   1.84e-03
  0  0   1.84e-03
  0  0   1.84e-03
  0  0   1.84e-03
  0  0   1.84e-03
  0  0   1.84e-03
  0  0   1.84e-03
  0  0   1.84e-03
  0  0   1.84e-03
  0  0   1.84e-03
  0  0   1.84e-03
  0  0   1.84e-03
  0  0   1.84e-03
  0  0   1.84e-03
  0  0   1.84e-03
  0  0   1.84e-03
  0  0   1.84e-03
  0  0   1.84e-03
  0  0   1.84e-03
  0  0   1.85e-03
  0  0   1.86e-03
  1  4   6.17e-04
  0  0   6.17e-04
  0  0   6.17e-04
  0  0   6.17e-04
  0  0   6.17e-04
  0  0   6.17e-04
  0  0   6.17e-04
  0  0   6.17e-04
  0  0   6.17e-04
  0  0   6.17e-04
  0  0   6.17e-04
  0  0   6.17e-04
  0  0   6.17e-04
  0  0   6.16e-04
  0  0   6.16e-04
  0  0   6.15e-04
  0  0   6.13e-04
  0  0   6.11e-04
  0  0   6.07e-04
  0  0   6.02e-04
  0  0   5.93e-04
  0  0   5.79e-04
  0  0   5.58e-04
  1  5   1.79e-03
  0  0   1.79e-03
  0  0   1.79e-03
  0  0   1.79e-03
  0  0   1.79e-03
  0  0   1.79e-03
  0  0   1.79e-03
  0  0   1.79e-03
  0  0   1.79e-03
  0  0   1.79e-03
  0  0   1.79e-03
  0  0   1.79e-03
  0  0   1.79e-03
  0  0   1.79e-03
  0  0   1.79e-03
  0  0   1.79e-03
  0  0   1.79e-03
  0  0   1.79e-03
  0  0   1.78e-03
  0  0   1.78e-03
  0  0   1.77e-03
  0  0   1.76e-03
  0  0   1.73e-03
  1  6   3.05e-03
  0  0   3.05e-03
  0  0   3.05e-03
  0  0   3.05e-03
  0  0   3.05e-03
  0  0   3.05e-03
  0  0   3.05e-03
  0  0   3.05e-03
  0  0   3.05e-03
  0  0   3.05e-03
  0  0   3.05e-03
  0  0   3.05e-03
  0  0   3.05e-03
  0  0   3.05e-03
  0  0   3.04e-03
  0  0   3.04e-03
  0  0   3.03e-03
  0  0   3.03e-03
  0  0   3.01e-03
  0  0   2.99e-03
  0  0   2.95e-03
  0  0   2.90e-03
  0  0   2.82e-03
  1  7   5.28e-03
  0  0   5.28e-03
  0  0   5.28e-03
  0  0   5.28e-03
  0  0   5.28e-03
  0  0   5.28e-03
  0  0   5.28e-03
  0  0   5.28e-03
  0  0   5.28e-03
  0  0   5.28e-03
  0  0   5.28e-03
  0  0   5.28e-03
  0  0   5.29e-03
  0  0   5.29e-03
  0  0   5.30e-03
  0  0   5.31e-03
  0  0   5.33e-03
  0  0   5.35e-03
  0  0   5.40e-03
  0  0   5.47e-03
  0  0   5.57e-03
  0  0   5.74e-03
  0  0   5.99e-03
  1  8   2.26e-04
  0  0   2.26e-04
  0  0   2.26e-04
  0  0   2.26e-04
  0  0   2.26e-04
  0  0   2.26e-04
  0  0   2.26e-04
  0  0   2.26e-04
  0  0   2.26e-04
  0  0   2.26e-04
  0  0   2.26e-04
  0  0   2.26e-04
  0  0   2.26e-04
  0  0   2.26e-04
  0  0   2.26e-04
  0  0   2.25e-04
  0  0   2.25e-04
  0  0   2.24e-04
  0  0   2.24e-04
  0  0   2.22e-04
  0  0   2.20e-04
  0  0   2.17e-04
  0  0   2.12e-04
  1  9   3.31e-04
  0  0   3.31e-04
  0  0   3.31e-04
  0  0   3.31e-04
  0  0   3.31e-04
  0  0   3.31e-04
  0  0   3.31e-04
  0  0   3.31e-04
  0  0   3.31e-04
  0  0   3.31e-04
  0  0   3.31e-04
  0  0   3.31e-04
  0  0   3.31e-04
  0  0   3.31e-04
  0  0   3.31e-04
  0  0   3.31e-04
  0  0   3.32e-04
  0  0   3.32e-04
  0  0   3.33e-04
  0  0   3.34e-04
  0  0   3.36e-04
  0  0   3.39e-04
  0  0   3.43e-04
  1 10   1.37e-04
  0  0   1.37e-04
  0  0   1.37e-04
  0  0   1.37e-04
  0  0   1.37e-04
  0  0   1.37e-04
  0  0   1.37e-04
  0  0   1.37e-04
  0  0   1.37e-04
  0  0   1.37e-04
  0  0   1.37e-04
  0  0   1.37e-04
  0  0   1.36e-04
  0  0   1.36e-04
  0  0   1.36e-04
  0  0   1.36e-04
  0  0   1.36e-04
  0  0   1.36e-04
  0  0   1.35e-04
  0  0   1.34e-04
  0  0   1.32e-04
  0  0   1.30e-04
  0  0   1.26e-04
  1 11   4.20e-04
  0  0   4.20e-04
  0  0   4.20e-04
  0  0   4.20e-04
  0  0   4.20e-04
  0  0   4.20e-04
  0  0   4.20e-04
  0  0   4.20e-04
  0  0   4.20e-04
  0  0   4.20e-04
  0  0   4.20e-04
  0  0   4.20e-04
  0  0   4.20e-04
  0  0   4.20e-04
  0  0   4.20e-04
  0  0   4.19e-04
  0  0   4.18e-04
  0  0   4.17e-04
  0  0   4.15e-04
  0  0   4.12e-04
  0  0   4.07e-04
  0  0   4.00e-04
  0  0   3.89e-04
  1 12   9.61e-04
  0  0   9.61e-04
  0  0   9.61e-04
  0  0   9.61e-04
  0  0   9.61e-04
  0  0   9.61e-04
  0  0   9.61e-04
  0  0   9.61e-04
  0  0   9.61e-04
  0  0   9.60e-04
  0  0   9.60e-04
  0  0   9.60e-04
  0  0   9.60e-04
  0  0   9.59e-04
  0  0   9.59e-04
  0  0   9.57e-04
  0  0   9.55e-04
  0  0   9.52e-04
  0  0   9.48e-04
  0  0   9.40e-04
  0  0   9.29e-04
  0  0   9.11e-04
  0  0   8.84e-04
  1 13   9.01e-04
  0  0   9.01e-04
  0  0   9.01e-04
  0  0   9.01e-04
  0  0   9.01e-04
  0  0   9.01e-04
  0  0   9.01e-04
  0  0   9.01e-04
  0  0   9.01e-04
  0  0   9.01e-04
  0  0   9.01e-04
  0  0   9.02e-04
  0  0   9.02e-04
  0  0   9.03e-04
  0  0   9.04e-04
  0  0   9.06e-04
  0  0   9.09e-04
  0  0   9.14e-04
  0  0   9.21e-04
  0  0   9.33e-04
  0  0   9.51e-04
  0  0   9.80e-04
  0  0   1.02e-03
  1 14   5.67e-05
  0  0   5.67e-05
  0  0   5.67e-05
  0  0   5.67e-05
  0  0   5.67e-05
  0  0   5.67e-05
  0  0   5.67e-05
  0  0   5.67e-05
  0  0   5.67e-05
  0  0   5.67e-05
  0  0   5.67e-05
  0  0   5.66e-05
  0  0   5.66e-05
  0  0   5.66e-05
  0  0   5.65e-05
  0  0   5.64e-05
  0  0   5.62e-05
  0  0   5.60e-05
  0  0   5.56e-05
  0  0   5.50e-05
  0  0   5.41e-05
  0  0   5.27e-05
  0  0   5.07e-05
  1 15   8.22e-05
  0  0   8.22e-05
  0  0   8.22e-05
  0  0   8.22e-05
  0  0   8.22e-05
  0  0   8.22e-05
  0  0   8.22e-05
  0  0   8.22e-05
  0  0   8.22e-05
  0  0   8.22e-05
  0  0   8.22e-05
  0  0   8.22e-05
  0  0   8.22e-05
  0  0   8.22e-05
  0  0   8.21e-05
  0  0   8.21e-05
  0  0   8.20e-05
  0  0   8.18e-05
  0  0   8.15e-05
  0  0   8.11e-05
  0  0   8.05e-05
  0  0   7.95e-05
  0  0   7.79e-05
  1 16   1.31e-04
  0  0   1.31e-04
  0  0   1.31e-04
  0  0   1.31e-04
  0  0   1.31e-04
  0  0   1.31e-04
  0  0   1.31e-04
  0  0   1.31e-04
  0  0   1.31e-04
  0  0   1.31e-04
  0  0   1.31e-04
  0  0   1.31e-04
  0  0   1.31e-04
  0  0   1.31e-04
  0  0   1.31e-04
  0  0   1.31e-04
  0  0   1.30e-04
  0  0   1.30e-04
  0  0   1.29e-04
  0  0   1.28e-04
  0  0   1.26e-04
  0  0   1.23e-04
  0  0   1.18e-04
  1 17   5.04e-05
  0  0   5.04e-05
  0  0   5.04e-05
  0  0   5.04e-05
  0  0   5.04e-05
  0  0   5.04e-05
  0  0   5.04e-05
  0  0   5.04e-05
  0  0   5.05e-05
  0  0   5.05e-05
  0  0   5.05e-05
  0  0   5.05e-05
  0  0   5.05e-05
  0  0   5.06e-05
  0  0   5.06e-05
  0  0   5.07e-05
  0  0   5.09e-05
  0  0   5.12e-05
  0  0   5.16e-05
  0  0   5.23e-05
  0  0   5.33e-05
  0  0   5.50e-05
  0  0   5.75e-05
 0 0 0
  1  2   2.679e+06
 -1 -3   2.948e+08
  1  4   0.000e+00
  1  5   1.056e+12
  1  6   1.972e+08
  1  7   8.472e+13
  1  8   0.000e+00
  1  9   0.000e+00
  1 10   0.000e+00
  1 11   2.944e+11
  1 12   0.000e+00
  1 13   2.247e+13
  1 14   0.000e+00
  1 15   0.000e+00
  1 16   0.000e+00
  1 17   0.000e+00
  2  3   0.000e+00
  2  4   2.026e+08
  2  5   2.171e+08
  2  6   3.094e+08
  2  7   0.000e+00
  2  8   0.000e+00
  2  9   0.000e+00
  2 10   1.381e+12
  2 11   1.366e+12
  2 12   1.389e+12
  2 13   1.828e+10
  2 14   0.000e+00
  2 15   0.000e+00
  2 16   0.000e+00
  2 17   0.000e+00
  3  4   0.000e+00
  3  5   0.000e+00
  3  6   0.000e+00
  3  7   1.422e+08
  3  8   0.000e+00
  3  9   0.000e+00
  3 10   0.000e+00
  3 11   1.587e+10
  3 12   0.000e+00
  3 13   1.247e+12
  3 14   0.000e+00
  3 15   0.000e+00
  3 16   0.000e+00
  3 17   0.000e+00
  4  5   0.000e+00
  4  6   0.000e+00
  4  7   0.000e+00
  4  8   5.193e+09
  4  9   0.000e+00
  4 10   0.000e+00
  4 11   0.000e+00
  4 12   0.000e+00
  4 13   0.000e+00
  4 14   2.772e+11
  4 15   0.000e+00
  4 16   0.000e+00
  4 17   0.000e+00
  5  6   0.000e+00
  5  7   0.000e+00
  5  8   4.723e+10
  5  9   0.000e+00
  5 10   0.000e+00
  5 11   0.000e+00
  5 12   0.000e+00
  5 13   0.000e+00
  5 14   6.193e+11
  5 15   1.115e+12
  5 16   0.000e+00
  5 17   0.000e+00
  6  7   0.000e+00
  6  8   1.287e+11
  6  9   0.000e+00
  6 10   0.000e+00
  6 11   0.000e+00
  6 12   0.000e+00
  6 13   0.000e+00
  6 14   3.060e+12
  6 15   6.125e+11
  6 16   2.459e+12
  6 17   0.000e+00
  7  8   0.000e+00
  7  9   4.038e+11
  7 10   0.000e+00
  7 11   0.000e+00
  7 12   0.000e+00
  7 13   0.000e+00
  7 14   0.000e+00
  7 15   0.000e+00
  7 16   0.000e+00
  7 17   4.203e+12
  8  9   0.000e+00
  8 10   0.000e+00
  8 11   0.000e+00
  8 12   0.000e+00
  8 13   0.000e+00
  8 14   0.000e+00
  8 15   0.000e+00
  8 16   0.000e+00
  8 17   0.000e+00
  9 10   0.000e+00
  9 11   0.000e+00
  9 12   0.000e+00
  9 13   0.000e+00
  9 14   0.000e+00
  9 15   0.000e+00
  9 16   0.000e+00
  9 17   0.000e+00
 10 11   0.000e+00
 10 12   0.000e+00
 10 13   0.000e+00
 10 14   0.000e+00
 10 15   0.000e+00
 10 16   0.000e+00
 10 17   0.000e+00
 11 12   0.000e+00
 11 13   0.000e+00
 11 14   0.000e+00
 11 15   0.000e+00
 11 16   0.000e+00
 11 17   0.000e+00
 12 13   0.000e+00
 12 14   0.000e+00
 12 15   0.000e+00
 12 16   0.000e+00
 12 17   0.000e+00
 13 14   0.000e+00
 13 15   0.000e+00
 13 16   0.000e+00
 13 17   0.000e+00
 14 15   0.000e+00
 14 16   0.000e+00
 14 17   0.000e+00
 15 16   0.000e+00
 15 17   0.000e+00
 16 17   0.000e+00
  1  1        0.0
  2  3 22236180.0
  3  1 22390000.0
  4  1 22377820.0
  5  3 22381940.0
  6  5 22399100.0
  7  3 22500680.0
  8  3 26314360.0
  9  1 26355050.0
 10  1 26353380.0
 11  3 26354630.0
 12  5 26359730.0
 13  3 26387270.0
 14  3 26381370.0
 15  5 26381390.0
 16  7 26383410.0
 17  5 26384530.0
