 22
** Atomic data from version 6 of the CHIANTI database **
%observed energy levels: Martin, W.C., Sugar, J., Musgrove, A., Dalton, G.R., 1995,
    NIST Database for Atomic Spectroscopy, Version 1.0, NIST Standard Reference Database 61.
%theoretical energy levels: Zhang, Sampson, Fontes, ADNDT, 1990, 44, 31.
%produced as part of the Arcetri/Cambridge/NRL 'CHIANTI' atomic data base collaboration
%
% Enrico Landi 1997
%filename: co_25.wgfa
%observed energy levels: Martin, W.C., Sugar, J., Musgrove, A., Dalton, G.R., 1995,
    NIST Database for Atomic Spectroscopy, Version 1.0, NIST Standard Reference Database 61
%Allowed transitions oscillator strengths: Zhang, Sampson, Fontes, 1990, ADNDT, 44, 31
%oscillator strengths: Martin, I., Karwowski, J., Diercksen, G.H.F., Barrientos, C., 1993, A&AS, 100, 595
%produced as part of the Arcetri/Cambridge/NRL 'CHIANTI' atomic data base collaboration
%
%Enrico Landi - 1997

%filename: co_25.splups
%oscillator strengths: Zhang, Sampson, Fontes, 1990, ADNDT, 44, 31
%collision strengths: Zhang, Sampson, Fontes, 1990, ADNDT, 44, 31
%produced as part of the Arcetri/Cambridge/NRL 'CHIANTI' atomic data base collaboration
%
% Enrico Landi 1997
15 23
  1  1s2.2s 2S1/2
  2  1s2.2p 2P1/2
  3  1s2.2p 2P3/2
  4  1s2.3s 2S1/2
  5  1s2.3p 2P1/2
  6  1s2.3p 2P3/2
  7  1s2.3d 2D3/2
  8  1s2.3d 2D5/2
  9  1s2.4s 2S1/2
 10  1s2.4p 2P1/2
 11  1s2.4p 2P3/2
 12  1s2.4d 2D3/2
 13  1s2.4d 2D5/2
 14  1s2.4f 2F5/2
 15  1s2.4f 2F7/2
     100.0
     158.5
     251.2
     398.1
     631.0
    1000.0
    1584.9
    2511.9
    3981.1
    6309.6
   10000.0
   15848.9
   25118.9
   39810.7
   63095.8
  100000.0
  158489.2
  251188.7
  398107.1
  630957.6
 1000000.0
 1584892.5
 2511887.0
0
  1  2   1.19e-01
  0  0   1.19e-01
  0  0   1.19e-01
  0  0   1.19e-01
  0  0   1.19e-01
  0  0   1.19e-01
  0  0   1.19e-01
  0  0   1.20e-01
  0  0   1.20e-01
  0  0   1.20e-01
  0  0   1.20e-01
  0  0   1.20e-01
  0  0   1.21e-01
  0  0   1.21e-01
  0  0   1.22e-01
  0  0   1.24e-01
  0  0   1.26e-01
  0  0   1.29e-01
  0  0   1.34e-01
  0  0   1.39e-01
  0  0   1.46e-01
  0  0   1.52e-01
  0  0   1.59e-01
  1  3   2.41e-01
  0  0   2.41e-01
  0  0   2.41e-01
  0  0   2.41e-01
  0  0   2.41e-01
  0  0   2.41e-01
  0  0   2.41e-01
  0  0   2.42e-01
  0  0   2.42e-01
  0  0   2.42e-01
  0  0   2.42e-01
  0  0   2.42e-01
  0  0   2.43e-01
  0  0   2.44e-01
  0  0   2.45e-01
  0  0   2.47e-01
  0  0   2.50e-01
  0  0   2.54e-01
  0  0   2.61e-01
  0  0   2.69e-01
  0  0   2.79e-01
  0  0   2.90e-01
  0  0   3.02e-01
  1  4   1.32e-02
  0  0   1.32e-02
  0  0   1.32e-02
  0  0   1.32e-02
  0  0   1.32e-02
  0  0   1.32e-02
  0  0   1.32e-02
  0  0   1.32e-02
  0  0   1.32e-02
  0  0   1.32e-02
  0  0   1.32e-02
  0  0   1.32e-02
  0  0   1.32e-02
  0  0   1.32e-02
  0  0   1.32e-02
  0  0   1.32e-02
  0  0   1.32e-02
  0  0   1.32e-02
  0  0   1.32e-02
  0  0   1.32e-02
  0  0   1.33e-02
  0  0   1.33e-02
  0  0   1.34e-02
  1  5   3.39e-03
  0  0   3.39e-03
  0  0   3.39e-03
  0  0   3.39e-03
  0  0   3.39e-03
  0  0   3.39e-03
  0  0   3.39e-03
  0  0   3.39e-03
  0  0   3.39e-03
  0  0   3.40e-03
  0  0   3.40e-03
  0  0   3.40e-03
  0  0   3.40e-03
  0  0   3.40e-03
  0  0   3.41e-03
  0  0   3.42e-03
  0  0   3.43e-03
  0  0   3.45e-03
  0  0   3.48e-03
  0  0   3.53e-03
  0  0   3.61e-03
  0  0   3.73e-03
  0  0   3.92e-03
  1  6   6.22e-03
  0  0   6.22e-03
  0  0   6.22e-03
  0  0   6.22e-03
  0  0   6.22e-03
  0  0   6.22e-03
  0  0   6.22e-03
  0  0   6.22e-03
  0  0   6.22e-03
  0  0   6.22e-03
  0  0   6.22e-03
  0  0   6.22e-03
  0  0   6.23e-03
  0  0   6.23e-03
  0  0   6.24e-03
  0  0   6.26e-03
  0  0   6.28e-03
  0  0   6.32e-03
  0  0   6.37e-03
  0  0   6.47e-03
  0  0   6.61e-03
  0  0   6.84e-03
  0  0   7.19e-03
  1  7   9.80e-03
  0  0   9.80e-03
  0  0   9.80e-03
  0  0   9.80e-03
  0  0   9.80e-03
  0  0   9.80e-03
  0  0   9.80e-03
  0  0   9.80e-03
  0  0   9.80e-03
  0  0   9.80e-03
  0  0   9.80e-03
  0  0   9.80e-03
  0  0   9.81e-03
  0  0   9.81e-03
  0  0   9.81e-03
  0  0   9.82e-03
  0  0   9.83e-03
  0  0   9.84e-03
  0  0   9.86e-03
  0  0   9.90e-03
  0  0   9.96e-03
  0  0   1.00e-02
  0  0   1.02e-02
  1  8   1.47e-02
  0  0   1.47e-02
  0  0   1.47e-02
  0  0   1.47e-02
  0  0   1.47e-02
  0  0   1.47e-02
  0  0   1.47e-02
  0  0   1.47e-02
  0  0   1.47e-02
  0  0   1.47e-02
  0  0   1.47e-02
  0  0   1.47e-02
  0  0   1.47e-02
  0  0   1.47e-02
  0  0   1.47e-02
  0  0   1.47e-02
  0  0   1.47e-02
  0  0   1.47e-02
  0  0   1.48e-02
  0  0   1.48e-02
  0  0   1.49e-02
  0  0   1.50e-02
  0  0   1.52e-02
  1  9   2.63e-03
  0  0   2.63e-03
  0  0   2.63e-03
  0  0   2.63e-03
  0  0   2.63e-03
  0  0   2.63e-03
  0  0   2.63e-03
  0  0   2.63e-03
  0  0   2.63e-03
  0  0   2.63e-03
  0  0   2.63e-03
  0  0   2.63e-03
  0  0   2.63e-03
  0  0   2.63e-03
  0  0   2.63e-03
  0  0   2.63e-03
  0  0   2.63e-03
  0  0   2.63e-03
  0  0   2.64e-03
  0  0   2.64e-03
  0  0   2.64e-03
  0  0   2.65e-03
  0  0   2.66e-03
  1 10   8.62e-04
  0  0   8.62e-04
  0  0   8.62e-04
  0  0   8.62e-04
  0  0   8.62e-04
  0  0   8.62e-04
  0  0   8.62e-04
  0  0   8.62e-04
  0  0   8.62e-04
  0  0   8.62e-04
  0  0   8.62e-04
  0  0   8.63e-04
  0  0   8.63e-04
  0  0   8.63e-04
  0  0   8.64e-04
  0  0   8.66e-04
  0  0   8.68e-04
  0  0   8.71e-04
  0  0   8.76e-04
  0  0   8.85e-04
  0  0   8.98e-04
  0  0   9.19e-04
  0  0   9.51e-04
  1 11   1.62e-03
  0  0   1.62e-03
  0  0   1.62e-03
  0  0   1.62e-03
  0  0   1.62e-03
  0  0   1.62e-03
  0  0   1.62e-03
  0  0   1.62e-03
  0  0   1.62e-03
  0  0   1.62e-03
  0  0   1.62e-03
  0  0   1.62e-03
  0  0   1.62e-03
  0  0   1.62e-03
  0  0   1.62e-03
  0  0   1.63e-03
  0  0   1.63e-03
  0  0   1.64e-03
  0  0   1.65e-03
  0  0   1.66e-03
  0  0   1.69e-03
  0  0   1.73e-03
  0  0   1.79e-03
  1 12   1.86e-03
  0  0   1.86e-03
  0  0   1.86e-03
  0  0   1.86e-03
  0  0   1.86e-03
  0  0   1.86e-03
  0  0   1.86e-03
  0  0   1.86e-03
  0  0   1.86e-03
  0  0   1.86e-03
  0  0   1.86e-03
  0  0   1.86e-03
  0  0   1.86e-03
  0  0   1.86e-03
  0  0   1.86e-03
  0  0   1.86e-03
  0  0   1.86e-03
  0  0   1.86e-03
  0  0   1.86e-03
  0  0   1.86e-03
  0  0   1.85e-03
  0  0   1.85e-03
  0  0   1.85e-03
  1 13   2.77e-03
  0  0   2.77e-03
  0  0   2.77e-03
  0  0   2.77e-03
  0  0   2.77e-03
  0  0   2.77e-03
  0  0   2.77e-03
  0  0   2.77e-03
  0  0   2.77e-03
  0  0   2.77e-03
  0  0   2.77e-03
  0  0   2.77e-03
  0  0   2.77e-03
  0  0   2.77e-03
  0  0   2.77e-03
  0  0   2.77e-03
  0  0   2.77e-03
  0  0   2.78e-03
  0  0   2.78e-03
  0  0   2.78e-03
  0  0   2.78e-03
  0  0   2.78e-03
  0  0   2.78e-03
  1 14   1.07e-03
  0  0   1.07e-03
  0  0   1.07e-03
  0  0   1.07e-03
  0  0   1.07e-03
  0  0   1.07e-03
  0  0   1.07e-03
  0  0   1.07e-03
  0  0   1.07e-03
  0  0   1.07e-03
  0  0   1.07e-03
  0  0   1.07e-03
  0  0   1.07e-03
  0  0   1.07e-03
  0  0   1.07e-03
  0  0   1.07e-03
  0  0   1.07e-03
  0  0   1.07e-03
  0  0   1.07e-03
  0  0   1.06e-03
  0  0   1.06e-03
  0  0   1.05e-03
  0  0   1.03e-03
  1 15   1.42e-03
  0  0   1.42e-03
  0  0   1.42e-03
  0  0   1.42e-03
  0  0   1.42e-03
  0  0   1.42e-03
  0  0   1.42e-03
  0  0   1.42e-03
  0  0   1.42e-03
  0  0   1.42e-03
  0  0   1.42e-03
  0  0   1.42e-03
  0  0   1.42e-03
  0  0   1.42e-03
  0  0   1.42e-03
  0  0   1.42e-03
  0  0   1.42e-03
  0  0   1.42e-03
  0  0   1.42e-03
  0  0   1.41e-03
  0  0   1.40e-03
  0  0   1.39e-03
  0  0   1.37e-03
  2  3   2.92e-02
  0  0   2.92e-02
  0  0   2.92e-02
  0  0   2.92e-02
  0  0   2.92e-02
  0  0   2.92e-02
  0  0   2.92e-02
  0  0   2.92e-02
  0  0   2.92e-02
  0  0   2.92e-02
  0  0   2.92e-02
  0  0   2.92e-02
  0  0   2.92e-02
  0  0   2.91e-02
  0  0   2.91e-02
  0  0   2.91e-02
  0  0   2.90e-02
  0  0   2.89e-02
  0  0   2.88e-02
  0  0   2.85e-02
  0  0   2.82e-02
  0  0   2.76e-02
  0  0   2.68e-02
 0 0 0
  1  2   1.905e+09
  1  3   4.992e+09
  1  4   0.000e+00
  1  5   8.915e+12
  1  6   8.600e+12
  1  7   0.000e+00
  1  8   0.000e+00
  1  9   0.000e+00
  1 10   3.915e+12
  1 11   3.834e+12
  1 12   0.000e+00
  1 13   0.000e+00
  1 14   0.000e+00
  1 15   0.000e+00
  2  3   0.000e+00
  2  4   1.027e+12
  2  5   0.000e+00
  2  6   0.000e+00
  2  7   2.133e+13
  2  8   0.000e+00
  2  9   4.136e+11
  2 10   0.000e+00
  2 11   0.000e+00
  2 12   7.083e+12
  2 13   0.000e+00
  2 14   0.000e+00
  2 15   0.000e+00
  3  4   2.192e+12
  3  5   0.000e+00
  3  6   0.000e+00
  3  7   4.193e+12
  3  8   2.531e+13
  3  9   8.773e+11
  3 10   0.000e+00
  3 11   0.000e+00
  3 12   1.371e+12
  3 13   8.344e+12
  3 14   0.000e+00
  3 15   0.000e+00
  4  5   0.000e+00
  4  6   0.000e+00
  4  7   0.000e+00
  4  8   0.000e+00
  4  9   0.000e+00
  4 10   0.000e+00
  4 11   0.000e+00
  4 12   0.000e+00
  4 13   0.000e+00
  4 14   0.000e+00
  4 15   0.000e+00
  5  6   0.000e+00
  5  7   0.000e+00
  5  8   0.000e+00
  5  9   0.000e+00
  5 10   0.000e+00
  5 11   0.000e+00
  5 12   0.000e+00
  5 13   0.000e+00
  5 14   0.000e+00
  5 15   0.000e+00
  6  7   0.000e+00
  6  8   0.000e+00
  6  9   0.000e+00
  6 10   0.000e+00
  6 11   0.000e+00
  6 12   0.000e+00
  6 13   0.000e+00
  6 14   0.000e+00
  6 15   0.000e+00
  7  8   0.000e+00
  7  9   0.000e+00
  7 10   0.000e+00
  7 11   0.000e+00
  7 12   0.000e+00
  7 13   0.000e+00
  7 14   5.103e+09
  7 15   0.000e+00
  8  9   0.000e+00
  8 10   0.000e+00
  8 11   0.000e+00
  8 12   0.000e+00
  8 13   0.000e+00
  8 14   3.586e+10
  8 15   5.434e+12
  9 10   0.000e+00
  9 11   0.000e+00
  9 12   0.000e+00
  9 13   0.000e+00
  9 14   0.000e+00
  9 15   0.000e+00
 10 11   0.000e+00
 10 12   0.000e+00
 10 13   0.000e+00
 10 14   0.000e+00
 10 15   0.000e+00
 11 12   0.000e+00
 11 13   0.000e+00
 11 14   0.000e+00
 11 15   0.000e+00
 12 13   0.000e+00
 12 14   0.000e+00
 12 15   0.000e+00
 13 14   0.000e+00
 13 15   0.000e+00
 14 15   0.000e+00
  1  2        0.0
  2  2   409520.0
  3  4   561180.0
  4  2 10055000.0
  5  2 10165000.0
  6  4 10209000.0
  7  4 10253000.0
  8  6 10267000.0
  9  2 13517000.0
 10  2 13561000.0
 11  4 13580000.0
 12  4 13597000.0
 13  6 13604000.0
 14  6 13614779.0
 15  8 13617742.0
