24
** Atomic data from version 10 of the CHIANTI database **
%filename: cr_9.elvlc
%Observed energy levels: Smitt et al. 1976, Phys. Scr., 13, 293
%Observed energy levels (3d): Shirai, T., Sugar, J., Musgrove, A., & Wiese, W.L. 2000, J.Phys.Chem.Ref.Data, Monograph 8
%Theoretical energy levels: Landi & Young 2009, ApJ, in press
%produced as part of the Arcetri/Cambridge/NRL 'CHIANTI' atomic data base collaboration
%
% Enrico Landi - Nov 2008
%filename: cr_9.wgfa
%Observed energy levels: Smitt et al. 1976, Phys. Scr., 13, 293
%Observed energy levels (3d): Shirai, T., Sugar, J., Musgrove, A., & Wiese, W.L. 2000, J.Phys.Chem.Ref.Data, Monograph 8
%Theoretical energy levels: Landi & Young 2009, ApJ, in press
%A and gf values: Landi & Young 2009, ApJ, in press
%produced as part of the Arcetri/Cambridge/NRL 'CHIANTI' atomic data base collaboration
%
% Enrico Landi - Nov 2008
%File processed with wgfa_tidy by pryoung on  6-Mar-2019
-1
%filename: cr_9.splups
%gf values: Landi & Young 2009, ApJ, in press
%Collision strengths: Landi & Young 2009, ApJ, in press
%produced as part of the Arcetri/Cambridge/NRL 'CHIANTI' atomic data base collaboration
%
% Enrico Landi - Dec 2008
5 23
  1  3s2.3p4 3P2
  2  3s2.3p4 3P1
  3  3s2.3p4 3P0
  4  3s2.3p4 1D2
  5  3s2.3p4 1S0
     100.0
     158.5
     251.2
     398.1
     631.0
    1000.0
    1584.9
    2511.9
    3981.1
    6309.6
   10000.0
   15848.9
   25118.9
   39810.7
   63095.7
  100000.0
  158489.3
  251188.6
  398107.2
  630957.3
 1000000.0
 1584893.2
 2511886.4
0
  1  2   4.53e-01
  0  0   4.53e-01
  0  0   4.53e-01
  0  0   4.53e-01
  0  0   4.53e-01
  0  0   4.53e-01
  0  0   4.53e-01
  0  0   4.53e-01
  0  0   4.52e-01
  0  0   4.52e-01
  0  0   4.52e-01
  0  0   4.51e-01
  0  0   4.50e-01
  0  0   4.48e-01
  0  0   4.45e-01
  0  0   4.41e-01
  0  0   4.35e-01
  0  0   4.26e-01
  0  0   4.15e-01
  0  0   4.00e-01
  0  0   3.84e-01
  0  0   3.68e-01
  0  0   3.51e-01
  1  3   1.71e-01
  0  0   1.71e-01
  0  0   1.71e-01
  0  0   1.71e-01
  0  0   1.71e-01
  0  0   1.71e-01
  0  0   1.71e-01
  0  0   1.70e-01
  0  0   1.70e-01
  0  0   1.70e-01
  0  0   1.70e-01
  0  0   1.70e-01
  0  0   1.70e-01
  0  0   1.69e-01
  0  0   1.68e-01
  0  0   1.67e-01
  0  0   1.65e-01
  0  0   1.63e-01
  0  0   1.61e-01
  0  0   1.58e-01
  0  0   1.54e-01
  0  0   1.51e-01
  0  0   1.47e-01
  1  4   2.07e-01
  0  0   2.07e-01
  0  0   2.07e-01
  0  0   2.07e-01
  0  0   2.07e-01
  0  0   2.07e-01
  0  0   2.07e-01
  0  0   2.07e-01
  0  0   2.07e-01
  0  0   2.07e-01
  0  0   2.06e-01
  0  0   2.06e-01
  0  0   2.05e-01
  0  0   2.03e-01
  0  0   2.01e-01
  0  0   1.97e-01
  0  0   1.92e-01
  0  0   1.84e-01
  0  0   1.74e-01
  0  0   1.61e-01
  0  0   1.46e-01
  0  0   1.30e-01
  0  0   1.13e-01
  1  5   1.72e-02
  0  0   1.72e-02
  0  0   1.72e-02
  0  0   1.72e-02
  0  0   1.72e-02
  0  0   1.72e-02
  0  0   1.72e-02
  0  0   1.71e-02
  0  0   1.71e-02
  0  0   1.71e-02
  0  0   1.71e-02
  0  0   1.70e-02
  0  0   1.69e-02
  0  0   1.67e-02
  0  0   1.64e-02
  0  0   1.60e-02
  0  0   1.54e-02
  0  0   1.46e-02
  0  0   1.35e-02
  0  0   1.21e-02
  0  0   1.05e-02
  0  0   8.82e-03
  0  0   7.22e-03
  2  3   7.82e-02
  0  0   7.82e-02
  0  0   7.82e-02
  0  0   7.82e-02
  0  0   7.81e-02
  0  0   7.81e-02
  0  0   7.81e-02
  0  0   7.80e-02
  0  0   7.80e-02
  0  0   7.79e-02
  0  0   7.77e-02
  0  0   7.74e-02
  0  0   7.70e-02
  0  0   7.63e-02
  0  0   7.52e-02
  0  0   7.36e-02
  0  0   7.12e-02
  0  0   6.77e-02
  0  0   6.31e-02
  0  0   5.71e-02
  0  0   5.00e-02
  0  0   4.23e-02
  0  0   3.44e-02
  2  4   1.21e-01
  0  0   1.21e-01
  0  0   1.21e-01
  0  0   1.21e-01
  0  0   1.21e-01
  0  0   1.21e-01
  0  0   1.21e-01
  0  0   1.21e-01
  0  0   1.21e-01
  0  0   1.21e-01
  0  0   1.20e-01
  0  0   1.20e-01
  0  0   1.19e-01
  0  0   1.18e-01
  0  0   1.17e-01
  0  0   1.14e-01
  0  0   1.10e-01
  0  0   1.05e-01
  0  0   9.83e-02
  0  0   8.94e-02
  0  0   7.89e-02
  0  0   6.74e-02
  0  0   5.57e-02
  2  5   1.56e-02
  0  0   1.56e-02
  0  0   1.56e-02
  0  0   1.56e-02
  0  0   1.56e-02
  0  0   1.56e-02
  0  0   1.56e-02
  0  0   1.55e-02
  0  0   1.55e-02
  0  0   1.55e-02
  0  0   1.54e-02
  0  0   1.54e-02
  0  0   1.53e-02
  0  0   1.51e-02
  0  0   1.48e-02
  0  0   1.44e-02
  0  0   1.39e-02
  0  0   1.31e-02
  0  0   1.20e-02
  0  0   1.06e-02
  0  0   9.05e-03
  0  0   7.42e-03
  0  0   5.82e-03
  3  4   4.49e-02
  0  0   4.49e-02
  0  0   4.49e-02
  0  0   4.49e-02
  0  0   4.49e-02
  0  0   4.48e-02
  0  0   4.48e-02
  0  0   4.48e-02
  0  0   4.48e-02
  0  0   4.47e-02
  0  0   4.46e-02
  0  0   4.45e-02
  0  0   4.42e-02
  0  0   4.39e-02
  0  0   4.33e-02
  0  0   4.25e-02
  0  0   4.13e-02
  0  0   3.96e-02
  0  0   3.72e-02
  0  0   3.42e-02
  0  0   3.07e-02
  0  0   2.68e-02
  0  0   2.28e-02
  3  5   4.50e-03
  0  0   4.50e-03
  0  0   4.50e-03
  0  0   4.50e-03
  0  0   4.50e-03
  0  0   4.50e-03
  0  0   4.50e-03
  0  0   4.49e-03
  0  0   4.49e-03
  0  0   4.48e-03
  0  0   4.47e-03
  0  0   4.45e-03
  0  0   4.41e-03
  0  0   4.36e-03
  0  0   4.29e-03
  0  0   4.17e-03
  0  0   4.00e-03
  0  0   3.76e-03
  0  0   3.44e-03
  0  0   3.04e-03
  0  0   2.59e-03
  0  0   2.12e-03
  0  0   1.66e-03
  4  5   5.32e-01
  0  0   5.32e-01
  0  0   5.32e-01
  0  0   5.32e-01
  0  0   5.32e-01
  0  0   5.32e-01
  0  0   5.32e-01
  0  0   5.32e-01
  0  0   5.32e-01
  0  0   5.32e-01
  0  0   5.32e-01
  0  0   5.31e-01
  0  0   5.31e-01
  0  0   5.30e-01
  0  0   5.29e-01
  0  0   5.27e-01
  0  0   5.25e-01
  0  0   5.22e-01
  0  0   5.18e-01
  0  0   5.14e-01
  0  0   5.10e-01
  0  0   5.05e-01
  0  0   4.98e-01
 0 0 0
  1  2   1.041e+01
  1  3   2.320e-03
  1  4   3.351e+01
  1  5   3.748e-01
  2  3   2.280e-01
  2  4   5.202e+00
  2  5   3.210e+02
  3  4   2.359e-03
  3  5   0.000e+00
  4  5   2.605e+00
  1  5        0.0
  2  3     7821.5
  3  1     9549.5
  4  5    30281.3
  5  1    66849.7
