 23
** Atomic data from version 6 of the CHIANTI database **
%observed energy levels: Martin, W.C., Sugar, J., Musgrove, A., Dalton, G.R., 1995,
   NIST Database for Atomic Spectroscopy, Version 1.0, NIST Standard Reference Database 61.
%theoretical energy levels: Zhang, Sampson, Fontes, ADNDT, 1990, 44, 31.
%produced as part of the Arcetri/Cambridge/NRL 'CHIANTI' atomic data base collaboration CHIANTI
%
% Enrico Landi 1997
%filename: cr_22.wgfa
%observed energy levels: Martin, W.C., Sugar, J., Musgrove, A., Dalton, G.R., 1995,
   NIST Database for Atomic Spectroscopy, Version 1.0, NIST Standard Reference Database 61
%theoretical energy levels: Zhang, Sampson, Fontes, ADNDT, 1990, 44, 31
%Allowed transitions oscillator strengths: Zhang, Sampson, Fontes, ADNDT,1990,44,31
%oscillator strengths: Martin, I., Karwowski, J., Diercksen, G.H.F., Barrientos, C., 1993, A&AS, 100, 595.
%produced as part of the Arcetri/Cambridge/NRL 'CHIANTI' atomic data base collaboration
%
%    Enrico Landi - 1997

%filename: cr_22.splups
%oscillator strengths: Zhang, Sampson, 1990, ADNDT, 44, 31
%collision strengths: Zhang, Sampson, 1990, ADNDT, 44, 31
%produced as part of the Arcetri/Cambridge/NRL 'CHIANTI' atomic data base collaboration
%
% Enrico Landi 1997
15 23
  1  1s2.2s 2S1/2
  2  1s2.2p 2P1/2
  3  1s2.2p 2P3/2
  4  1s2.3s 2S1/2
  5  1s2.3p 2P1/2
  6  1s2.3p 2P3/2
  7  1s2.3d 2D3/2
  8  1s2.3d 2D5/2
  9  1s2.4s 2S1/2
 10  1s2.4p 2P1/2
 11  1s2.4p 2P3/2
 12  1s2.4d 2D3/2
 13  1s2.4d 2D5/2
 14  1s2.4f 2F5/2
 15  1s2.4f 2F7/2
     100.0
     158.5
     251.2
     398.1
     631.0
    1000.0
    1584.9
    2511.9
    3981.1
    6309.6
   10000.0
   15848.9
   25118.9
   39810.7
   63095.8
  100000.0
  158489.2
  251188.7
  398107.1
  630957.6
 1000000.0
 1584892.5
 2511887.0
0
  1  2   1.55e-01
  0  0   1.55e-01
  0  0   1.55e-01
  0  0   1.55e-01
  0  0   1.55e-01
  0  0   1.55e-01
  0  0   1.55e-01
  0  0   1.55e-01
  0  0   1.55e-01
  0  0   1.55e-01
  0  0   1.55e-01
  0  0   1.56e-01
  0  0   1.56e-01
  0  0   1.57e-01
  0  0   1.59e-01
  0  0   1.61e-01
  0  0   1.64e-01
  0  0   1.68e-01
  0  0   1.74e-01
  0  0   1.81e-01
  0  0   1.89e-01
  0  0   1.97e-01
  0  0   2.06e-01
  1  3   3.12e-01
  0  0   3.12e-01
  0  0   3.12e-01
  0  0   3.12e-01
  0  0   3.12e-01
  0  0   3.12e-01
  0  0   3.12e-01
  0  0   3.12e-01
  0  0   3.12e-01
  0  0   3.12e-01
  0  0   3.13e-01
  0  0   3.13e-01
  0  0   3.14e-01
  0  0   3.15e-01
  0  0   3.17e-01
  0  0   3.21e-01
  0  0   3.25e-01
  0  0   3.32e-01
  0  0   3.41e-01
  0  0   3.53e-01
  0  0   3.66e-01
  0  0   3.81e-01
  0  0   3.98e-01
  1  4   1.68e-02
  0  0   1.68e-02
  0  0   1.68e-02
  0  0   1.68e-02
  0  0   1.68e-02
  0  0   1.68e-02
  0  0   1.68e-02
  0  0   1.68e-02
  0  0   1.68e-02
  0  0   1.68e-02
  0  0   1.68e-02
  0  0   1.68e-02
  0  0   1.68e-02
  0  0   1.68e-02
  0  0   1.68e-02
  0  0   1.68e-02
  0  0   1.68e-02
  0  0   1.69e-02
  0  0   1.69e-02
  0  0   1.69e-02
  0  0   1.70e-02
  0  0   1.71e-02
  0  0   1.72e-02
  1  5   4.23e-03
  0  0   4.23e-03
  0  0   4.23e-03
  0  0   4.23e-03
  0  0   4.23e-03
  0  0   4.23e-03
  0  0   4.23e-03
  0  0   4.23e-03
  0  0   4.23e-03
  0  0   4.23e-03
  0  0   4.23e-03
  0  0   4.23e-03
  0  0   4.23e-03
  0  0   4.24e-03
  0  0   4.25e-03
  0  0   4.26e-03
  0  0   4.28e-03
  0  0   4.31e-03
  0  0   4.36e-03
  0  0   4.44e-03
  0  0   4.57e-03
  0  0   4.76e-03
  0  0   5.06e-03
  1  6   7.88e-03
  0  0   7.88e-03
  0  0   7.88e-03
  0  0   7.88e-03
  0  0   7.88e-03
  0  0   7.88e-03
  0  0   7.88e-03
  0  0   7.88e-03
  0  0   7.88e-03
  0  0   7.88e-03
  0  0   7.88e-03
  0  0   7.89e-03
  0  0   7.89e-03
  0  0   7.90e-03
  0  0   7.92e-03
  0  0   7.94e-03
  0  0   7.98e-03
  0  0   8.04e-03
  0  0   8.13e-03
  0  0   8.28e-03
  0  0   8.52e-03
  0  0   8.89e-03
  0  0   9.47e-03
  1  7   1.25e-02
  0  0   1.25e-02
  0  0   1.25e-02
  0  0   1.25e-02
  0  0   1.25e-02
  0  0   1.25e-02
  0  0   1.25e-02
  0  0   1.25e-02
  0  0   1.25e-02
  0  0   1.25e-02
  0  0   1.25e-02
  0  0   1.25e-02
  0  0   1.25e-02
  0  0   1.25e-02
  0  0   1.25e-02
  0  0   1.26e-02
  0  0   1.26e-02
  0  0   1.26e-02
  0  0   1.26e-02
  0  0   1.27e-02
  0  0   1.28e-02
  0  0   1.29e-02
  0  0   1.31e-02
  1  8   1.88e-02
  0  0   1.88e-02
  0  0   1.88e-02
  0  0   1.88e-02
  0  0   1.88e-02
  0  0   1.88e-02
  0  0   1.88e-02
  0  0   1.88e-02
  0  0   1.88e-02
  0  0   1.88e-02
  0  0   1.88e-02
  0  0   1.88e-02
  0  0   1.88e-02
  0  0   1.88e-02
  0  0   1.88e-02
  0  0   1.88e-02
  0  0   1.88e-02
  0  0   1.88e-02
  0  0   1.89e-02
  0  0   1.90e-02
  0  0   1.91e-02
  0  0   1.93e-02
  0  0   1.97e-02
  1  9   3.36e-03
  0  0   3.36e-03
  0  0   3.36e-03
  0  0   3.36e-03
  0  0   3.36e-03
  0  0   3.36e-03
  0  0   3.36e-03
  0  0   3.36e-03
  0  0   3.36e-03
  0  0   3.36e-03
  0  0   3.36e-03
  0  0   3.36e-03
  0  0   3.36e-03
  0  0   3.36e-03
  0  0   3.36e-03
  0  0   3.37e-03
  0  0   3.37e-03
  0  0   3.37e-03
  0  0   3.37e-03
  0  0   3.38e-03
  0  0   3.39e-03
  0  0   3.40e-03
  0  0   3.42e-03
  1 10   1.08e-03
  0  0   1.08e-03
  0  0   1.08e-03
  0  0   1.08e-03
  0  0   1.08e-03
  0  0   1.08e-03
  0  0   1.08e-03
  0  0   1.08e-03
  0  0   1.08e-03
  0  0   1.08e-03
  0  0   1.08e-03
  0  0   1.08e-03
  0  0   1.08e-03
  0  0   1.08e-03
  0  0   1.08e-03
  0  0   1.09e-03
  0  0   1.09e-03
  0  0   1.10e-03
  0  0   1.10e-03
  0  0   1.12e-03
  0  0   1.14e-03
  0  0   1.17e-03
  0  0   1.23e-03
  1 11   2.06e-03
  0  0   2.06e-03
  0  0   2.06e-03
  0  0   2.06e-03
  0  0   2.06e-03
  0  0   2.06e-03
  0  0   2.06e-03
  0  0   2.06e-03
  0  0   2.06e-03
  0  0   2.06e-03
  0  0   2.06e-03
  0  0   2.06e-03
  0  0   2.06e-03
  0  0   2.06e-03
  0  0   2.06e-03
  0  0   2.07e-03
  0  0   2.08e-03
  0  0   2.09e-03
  0  0   2.10e-03
  0  0   2.13e-03
  0  0   2.17e-03
  0  0   2.23e-03
  0  0   2.33e-03
  1 12   2.37e-03
  0  0   2.37e-03
  0  0   2.37e-03
  0  0   2.37e-03
  0  0   2.37e-03
  0  0   2.37e-03
  0  0   2.37e-03
  0  0   2.37e-03
  0  0   2.37e-03
  0  0   2.37e-03
  0  0   2.37e-03
  0  0   2.37e-03
  0  0   2.37e-03
  0  0   2.37e-03
  0  0   2.37e-03
  0  0   2.37e-03
  0  0   2.37e-03
  0  0   2.37e-03
  0  0   2.37e-03
  0  0   2.37e-03
  0  0   2.38e-03
  0  0   2.38e-03
  0  0   2.38e-03
  1 13   3.56e-03
  0  0   3.56e-03
  0  0   3.56e-03
  0  0   3.56e-03
  0  0   3.56e-03
  0  0   3.56e-03
  0  0   3.56e-03
  0  0   3.56e-03
  0  0   3.56e-03
  0  0   3.56e-03
  0  0   3.56e-03
  0  0   3.56e-03
  0  0   3.56e-03
  0  0   3.56e-03
  0  0   3.56e-03
  0  0   3.56e-03
  0  0   3.56e-03
  0  0   3.56e-03
  0  0   3.56e-03
  0  0   3.57e-03
  0  0   3.57e-03
  0  0   3.57e-03
  0  0   3.58e-03
  1 14   1.37e-03
  0  0   1.37e-03
  0  0   1.37e-03
  0  0   1.37e-03
  0  0   1.37e-03
  0  0   1.37e-03
  0  0   1.37e-03
  0  0   1.37e-03
  0  0   1.37e-03
  0  0   1.37e-03
  0  0   1.37e-03
  0  0   1.37e-03
  0  0   1.37e-03
  0  0   1.37e-03
  0  0   1.37e-03
  0  0   1.37e-03
  0  0   1.36e-03
  0  0   1.36e-03
  0  0   1.35e-03
  0  0   1.35e-03
  0  0   1.33e-03
  0  0   1.32e-03
  0  0   1.29e-03
  1 15   1.80e-03
  0  0   1.80e-03
  0  0   1.80e-03
  0  0   1.80e-03
  0  0   1.80e-03
  0  0   1.80e-03
  0  0   1.80e-03
  0  0   1.80e-03
  0  0   1.80e-03
  0  0   1.80e-03
  0  0   1.80e-03
  0  0   1.80e-03
  0  0   1.80e-03
  0  0   1.80e-03
  0  0   1.80e-03
  0  0   1.80e-03
  0  0   1.80e-03
  0  0   1.80e-03
  0  0   1.79e-03
  0  0   1.78e-03
  0  0   1.77e-03
  0  0   1.75e-03
  0  0   1.73e-03
  2  3   3.80e-02
  0  0   3.80e-02
  0  0   3.80e-02
  0  0   3.80e-02
  0  0   3.80e-02
  0  0   3.80e-02
  0  0   3.80e-02
  0  0   3.80e-02
  0  0   3.80e-02
  0  0   3.80e-02
  0  0   3.80e-02
  0  0   3.79e-02
  0  0   3.79e-02
  0  0   3.79e-02
  0  0   3.79e-02
  0  0   3.78e-02
  0  0   3.77e-02
  0  0   3.75e-02
  0  0   3.72e-02
  0  0   3.68e-02
  0  0   3.62e-02
  0  0   3.53e-02
  0  0   3.40e-02
 0 0 0
  1  2   1.644e+09
  1  3   3.291e+09
  1  4   0.000e+00
  1  5   5.300e+12
  1  6   5.150e+12
  1  7   0.000e+00
  1  8   0.000e+00
  1  9   0.000e+00
  1 10   2.345e+12
  1 11   2.301e+12
  1 12   0.000e+00
  1 13   0.000e+00
  1 14   0.000e+00
  1 15   0.000e+00
  2  3   0.000e+00
  2  4   6.308e+11
  2  5   0.000e+00
  2  6   0.000e+00
  2  7   1.274e+13
  2  8   0.000e+00
  2  9   2.525e+11
  2 10   0.000e+00
  2 11   0.000e+00
  2 12   4.240e+12
  2 13   0.000e+00
  2 14   0.000e+00
  2 15   0.000e+00
  3  4   1.328e+12
  3  5   0.000e+00
  3  6   0.000e+00
  3  7   2.514e+12
  3  8   1.516e+13
  3  9   5.287e+11
  3 10   0.000e+00
  3 11   0.000e+00
  3 12   8.270e+11
  3 13   5.046e+12
  3 14   0.000e+00
  3 15   0.000e+00
  4  5   0.000e+00
  4  6   0.000e+00
  4  7   0.000e+00
  4  8   0.000e+00
  4  9   0.000e+00
  4 10   0.000e+00
  4 11   0.000e+00
  4 12   0.000e+00
  4 13   0.000e+00
  4 14   0.000e+00
  4 15   0.000e+00
  5  6   0.000e+00
  5  7   0.000e+00
  5  8   0.000e+00
  5  9   0.000e+00
  5 10   0.000e+00
  5 11   0.000e+00
  5 12   0.000e+00
  5 13   0.000e+00
  5 14   0.000e+00
  5 15   0.000e+00
  6  7   0.000e+00
  6  8   0.000e+00
  6  9   0.000e+00
  6 10   0.000e+00
  6 11   0.000e+00
  6 12   0.000e+00
  6 13   0.000e+00
  6 14   0.000e+00
  6 15   0.000e+00
  7  8   0.000e+00
  7  9   0.000e+00
  7 10   0.000e+00
  7 11   0.000e+00
  7 12   0.000e+00
  7 13   0.000e+00
  7 14   3.064e+09
  7 15   0.000e+00
  8  9   0.000e+00
  8 10   0.000e+00
  8 11   0.000e+00
  8 12   0.000e+00
  8 13   0.000e+00
  8 14   2.154e+10
  8 15   3.263e+12
  9 10   0.000e+00
  9 11   0.000e+00
  9 12   0.000e+00
  9 13   0.000e+00
  9 14   0.000e+00
  9 15   0.000e+00
 10 11   0.000e+00
 10 12   0.000e+00
 10 13   0.000e+00
 10 14   0.000e+00
 10 15   0.000e+00
 11 12   0.000e+00
 11 13   0.000e+00
 11 14   0.000e+00
 11 15   0.000e+00
 12 13   0.000e+00
 12 14   0.000e+00
 12 15   0.000e+00
 13 14   0.000e+00
 13 15   0.000e+00
 14 15   0.000e+00
  1  2        0.0
  2  2   357470.0
  3  4   448470.0
  4  2  7826000.0
  5  2  7896000.0
  6  4  7922000.0
  7  4  7963000.0
  8  6  7972000.0
  9  2 10492588.0
 10  2 10534000.0
 11  4 10534000.0
 12  4 10552000.0
 13  6 10585000.0
 14  6 10566617.0
 15  8 10568394.0
