 26
** Atomic data from version 6 of the CHIANTI database **
%observed energy levels: Martin, W.C., Sugar, J., Musgrove, A., Dalton, G.R., 1995, 
   NIST Database for Atomic Spectroscopy, Version 1.0, NIST Standard Reference Database 61.
%comment:     3952061.52    Limit
%produced as part of the Arcetri/Cambridge/NRL 'CHIANTI' atomic data base collaboration CHIANTI
%
% K.P.Dere 1999
%filename: c_6.wgfa
%observed energy levels: Martin, W.C., Sugar, J., Musgrove, A., Dalton, G.R., 1995,
   NIST Database for Atomic Spectroscopy, Version 1.0, NIST Standard Reference Database 61.
%A values (transition 1-2): Parpia, F.A., Johnson, W.R., 1982, Phys.Rev.A, 26, 1142.
%Radiative data: SUPERSTRUCTURE calculation including all levels up to n=5.
%produced as part of the Arcetri/Cambridge/NRL 'CHIANTI' atomic data base collaboration
%
%  Giulio Del Zanna  -  May 2006

%filename: c_6.splups
%oscillator strengths: SUPERSTRUCTURE calculation including all levels up to n=5.
%effective collision strengths: Ballance, Badnell, & Smith 2003, J. Phys. B, 36, 3707
%comment: fine-structure values for electron impact-excitation within the n=2 levels from Zygelman & Dalgarno (1987) Phys. Rev. A, 35, 4085 
%comment: The fine structure collision strengths have been obtained assuming a distribution according 
          to statistical weights.
%comment: Only excitations from the 1s and 2s levels are retained from the original dataset.
%produced as part of the Arcetri/Cambridge/NRL 'CHIANTI' atomic data base collaboration
%
%   G. Del Zanna  -  Nov  2007
 9 23
  1  1s 2S1/2
  2  2s 2S1/2
  3  2p 2P1/2
  4  2p 2P3/2
  5  3s 2S1/2
  6  3p 2P1/2
  7  3p 2P3/2
  8  3d 2D3/2
  9  3d 2D5/2
     100.0
     158.5
     251.2
     398.1
     631.0
    1000.0
    1584.9
    2511.9
    3981.1
    6309.6
   10000.0
   15848.9
   25118.9
   39810.7
   63095.8
  100000.0
  158489.2
  251188.7
  398107.1
  630957.6
 1000000.0
 1584892.5
 2511887.0
0
  1  2   1.76e-02
  0  0   1.76e-02
  0  0   1.76e-02
  0  0   1.76e-02
  0  0   1.76e-02
  0  0   1.76e-02
  0  0   1.76e-02
  0  0   1.76e-02
  0  0   1.76e-02
  0  0   1.76e-02
  0  0   1.76e-02
  0  0   1.76e-02
  0  0   1.76e-02
  0  0   1.75e-02
  0  0   1.76e-02
  0  0   1.76e-02
  0  0   1.80e-02
  0  0   1.86e-02
  0  0   1.91e-02
  0  0   1.92e-02
  0  0   1.90e-02
  0  0   1.91e-02
  0  0   1.92e-02
  1  3   2.36e-02
  0  0   2.36e-02
  0  0   2.36e-02
  0  0   2.36e-02
  0  0   2.36e-02
  0  0   2.36e-02
  0  0   2.36e-02
  0  0   2.36e-02
  0  0   2.36e-02
  0  0   2.36e-02
  0  0   2.37e-02
  0  0   2.37e-02
  0  0   2.38e-02
  0  0   2.40e-02
  0  0   2.42e-02
  0  0   2.46e-02
  0  0   2.52e-02
  0  0   2.59e-02
  0  0   2.68e-02
  0  0   2.78e-02
  0  0   2.91e-02
  0  0   3.11e-02
  0  0   3.41e-02
  1  4   4.71e-02
  0  0   4.71e-02
  0  0   4.71e-02
  0  0   4.71e-02
  0  0   4.71e-02
  0  0   4.71e-02
  0  0   4.72e-02
  0  0   4.72e-02
  0  0   4.72e-02
  0  0   4.73e-02
  0  0   4.73e-02
  0  0   4.75e-02
  0  0   4.77e-02
  0  0   4.80e-02
  0  0   4.85e-02
  0  0   4.92e-02
  0  0   5.03e-02
  0  0   5.18e-02
  0  0   5.36e-02
  0  0   5.56e-02
  0  0   5.82e-02
  0  0   6.22e-02
  0  0   6.83e-02
  1  5   5.50e-03
  0  0   5.50e-03
  0  0   5.50e-03
  0  0   5.50e-03
  0  0   5.50e-03
  0  0   5.49e-03
  0  0   5.49e-03
  0  0   5.48e-03
  0  0   5.47e-03
  0  0   5.46e-03
  0  0   5.44e-03
  0  0   5.40e-03
  0  0   5.35e-03
  0  0   5.27e-03
  0  0   5.17e-03
  0  0   5.07e-03
  0  0   4.98e-03
  0  0   4.81e-03
  0  0   4.60e-03
  0  0   4.41e-03
  0  0   4.26e-03
  0  0   4.14e-03
  0  0   4.06e-03
  1  6   5.34e-03
  0  0   5.34e-03
  0  0   5.34e-03
  0  0   5.34e-03
  0  0   5.34e-03
  0  0   5.34e-03
  0  0   5.34e-03
  0  0   5.34e-03
  0  0   5.34e-03
  0  0   5.34e-03
  0  0   5.35e-03
  0  0   5.35e-03
  0  0   5.36e-03
  0  0   5.37e-03
  0  0   5.39e-03
  0  0   5.43e-03
  0  0   5.47e-03
  0  0   5.55e-03
  0  0   5.66e-03
  0  0   5.82e-03
  0  0   6.05e-03
  0  0   6.39e-03
  0  0   6.85e-03
  1  7   1.07e-02
  0  0   1.07e-02
  0  0   1.07e-02
  0  0   1.07e-02
  0  0   1.07e-02
  0  0   1.07e-02
  0  0   1.07e-02
  0  0   1.07e-02
  0  0   1.07e-02
  0  0   1.07e-02
  0  0   1.07e-02
  0  0   1.07e-02
  0  0   1.07e-02
  0  0   1.07e-02
  0  0   1.08e-02
  0  0   1.08e-02
  0  0   1.10e-02
  0  0   1.11e-02
  0  0   1.13e-02
  0  0   1.16e-02
  0  0   1.21e-02
  0  0   1.28e-02
  0  0   1.37e-02
  1  8   2.23e-03
  0  0   2.23e-03
  0  0   2.23e-03
  0  0   2.23e-03
  0  0   2.23e-03
  0  0   2.23e-03
  0  0   2.23e-03
  0  0   2.23e-03
  0  0   2.23e-03
  0  0   2.24e-03
  0  0   2.24e-03
  0  0   2.25e-03
  0  0   2.26e-03
  0  0   2.28e-03
  0  0   2.30e-03
  0  0   2.29e-03
  0  0   2.23e-03
  0  0   2.09e-03
  0  0   1.91e-03
  0  0   1.70e-03
  0  0   1.49e-03
  0  0   1.32e-03
  0  0   1.18e-03
  1  9   3.34e-03
  0  0   3.34e-03
  0  0   3.34e-03
  0  0   3.34e-03
  0  0   3.35e-03
  0  0   3.35e-03
  0  0   3.35e-03
  0  0   3.35e-03
  0  0   3.35e-03
  0  0   3.36e-03
  0  0   3.37e-03
  0  0   3.38e-03
  0  0   3.39e-03
  0  0   3.42e-03
  0  0   3.44e-03
  0  0   3.44e-03
  0  0   3.35e-03
  0  0   3.14e-03
  0  0   2.87e-03
  0  0   2.54e-03
  0  0   2.23e-03
  0  0   1.98e-03
  0  0   1.76e-03
  2  4   6.69e-03
  0  0   6.69e-03
  0  0   6.69e-03
  0  0   6.69e-03
  0  0   6.68e-03
  0  0   6.68e-03
  0  0   6.68e-03
  0  0   6.67e-03
  0  0   6.66e-03
  0  0   6.64e-03
  0  0   6.62e-03
  0  0   6.57e-03
  0  0   6.51e-03
  0  0   6.41e-03
  0  0   6.25e-03
  0  0   6.02e-03
  0  0   5.69e-03
  0  0   5.23e-03
  0  0   4.60e-03
  0  0   3.91e-03
  0  0   3.35e-03
  0  0   2.83e-03
  0  0   2.37e-03
  2  5   1.62e-01
  0  0   1.62e-01
  0  0   1.62e-01
  0  0   1.62e-01
  0  0   1.62e-01
  0  0   1.62e-01
  0  0   1.62e-01
  0  0   1.62e-01
  0  0   1.62e-01
  0  0   1.62e-01
  0  0   1.62e-01
  0  0   1.62e-01
  0  0   1.63e-01
  0  0   1.63e-01
  0  0   1.65e-01
  0  0   1.69e-01
  0  0   1.74e-01
  0  0   1.80e-01
  0  0   1.87e-01
  0  0   1.96e-01
  0  0   2.07e-01
  0  0   2.18e-01
  0  0   2.31e-01
  2  6   1.11e-01
  0  0   1.11e-01
  0  0   1.11e-01
  0  0   1.11e-01
  0  0   1.11e-01
  0  0   1.11e-01
  0  0   1.10e-01
  0  0   1.10e-01
  0  0   1.10e-01
  0  0   1.09e-01
  0  0   1.08e-01
  0  0   1.06e-01
  0  0   1.03e-01
  0  0   9.96e-02
  0  0   9.68e-02
  0  0   9.71e-02
  0  0   1.00e-01
  0  0   1.04e-01
  0  0   1.10e-01
  0  0   1.22e-01
  0  0   1.42e-01
  0  0   1.71e-01
  0  0   2.08e-01
  2  7   2.22e-01
  0  0   2.22e-01
  0  0   2.22e-01
  0  0   2.22e-01
  0  0   2.22e-01
  0  0   2.21e-01
  0  0   2.21e-01
  0  0   2.20e-01
  0  0   2.19e-01
  0  0   2.18e-01
  0  0   2.15e-01
  0  0   2.11e-01
  0  0   2.06e-01
  0  0   1.99e-01
  0  0   1.94e-01
  0  0   1.94e-01
  0  0   2.01e-01
  0  0   2.08e-01
  0  0   2.20e-01
  0  0   2.43e-01
  0  0   2.84e-01
  0  0   3.43e-01
  0  0   4.16e-01
  2  8   1.74e-01
  0  0   1.74e-01
  0  0   1.74e-01
  0  0   1.74e-01
  0  0   1.74e-01
  0  0   1.74e-01
  0  0   1.74e-01
  0  0   1.74e-01
  0  0   1.73e-01
  0  0   1.73e-01
  0  0   1.72e-01
  0  0   1.72e-01
  0  0   1.71e-01
  0  0   1.69e-01
  0  0   1.69e-01
  0  0   1.72e-01
  0  0   1.77e-01
  0  0   1.81e-01
  0  0   1.87e-01
  0  0   1.99e-01
  0  0   2.14e-01
  0  0   2.31e-01
  0  0   2.53e-01
  2  9   2.61e-01
  0  0   2.61e-01
  0  0   2.61e-01
  0  0   2.61e-01
  0  0   2.61e-01
  0  0   2.61e-01
  0  0   2.61e-01
  0  0   2.60e-01
  0  0   2.60e-01
  0  0   2.59e-01
  0  0   2.59e-01
  0  0   2.57e-01
  0  0   2.56e-01
  0  0   2.54e-01
  0  0   2.54e-01
  0  0   2.58e-01
  0  0   2.66e-01
  0  0   2.72e-01
  0  0   2.81e-01
  0  0   2.98e-01
  0  0   3.21e-01
  0  0   3.46e-01
  0  0   3.80e-01
  3  2   5.03e-03
  0  0   4.94e-03
  0  0   4.81e-03
  0  0   4.61e-03
  0  0   4.33e-03
  0  0   3.93e-03
  0  0   3.40e-03
  0  0   2.84e-03
  0  0   2.38e-03
  0  0   1.97e-03
  0  0   1.64e-03
  0  0   1.34e-03
  0  0   1.09e-03
  0  0   9.12e-04
  0  0   7.85e-04
  0  0   6.99e-04
  0  0   6.43e-04
  0  0   6.07e-04
  0  0   5.84e-04
  0  0   5.69e-04
  0  0   5.59e-04
  0  0   5.53e-04
  0  0   5.50e-04
  3  4   2.21e-04
  0  0   2.21e-04
  0  0   2.21e-04
  0  0   2.21e-04
  0  0   2.21e-04
  0  0   2.21e-04
  0  0   2.20e-04
  0  0   2.20e-04
  0  0   2.20e-04
  0  0   2.19e-04
  0  0   2.18e-04
  0  0   2.16e-04
  0  0   2.13e-04
  0  0   2.08e-04
  0  0   2.01e-04
  0  0   1.91e-04
  0  0   1.76e-04
  0  0   1.54e-04
  0  0   1.25e-04
  0  0   9.48e-05
  0  0   7.38e-05
  0  0   5.65e-05
  0  0   4.31e-05
 0 0 0
  1  2   1.512e+02
 -1 -2   3.835e+05
  1  3   8.116e+11
  1  4   8.116e+11
  1  5   2.713e-15
  1  6   2.160e+11
  1  7   2.164e+11
  1  8   2.779e+07
  1  9   2.778e+07
  2  3   0.000e+00
  2  4   4.577e+01
  2  5   1.483e-14
  2  6   2.910e+10
  2  7   2.907e+10
  2  8   2.385e+06
  2  9   2.386e+06
  3  4   9.636e-04
  3  5   2.721e+09
  3  6   2.270e-15
  3  7   5.578e+05
  3  8   6.990e+10
  3  9   2.648e+02
  4  5   5.476e+09
  4  6   1.115e+06
  4  7   5.576e+05
  4  8   1.397e+10
  4  9   8.381e+10
  5  6   0.000e+00
  5  7   7.148e+00
  5  8   1.428e-11
  5  9   6.519e-11
  6  7   2.520e-05
  6  8   5.268e+00
  6  9   5.529e-15
  7  8   0.000e+00
  7  9   2.291e-01
  8  9   1.120e-06
  1  2        0.0
  2  2  2963904.2
  3  2  2963878.0
  4  4  2964353.0
  5  2  3512929.4
  6  2  3512921.6
  7  4  3513062.4
  8  4  3513062.1
  9  6  3513109.0
