5
 **** Fe XXII fine structure ground term only ****
Fe XXII    upsilions Zhang H.L., Graziani M., Pradhan A.K., (A&A,283,319,1994)
           A values from Bhatia,A., Feldman,U.,& Seeley,J.F., 1988. ADNDT,
            35,319. (Transitions for 20 levels available)         CJP   4-7-96
           Es from Sugar,J. & Corless,J., 1980. Phys.Chem.Ref.Data 14,Supl. 2.
2 32 0
2s22p2 2P1/2
2s22p2 2P3/2
100
200
300
400
500
600
800
1000
1500
2000
2500
3000
3500
4000
5000
6000
7000
8000
9000
10000
12000
14000
16000
18000
20000
23000
26000
30000
35000
40000
45000
50000
0
   1    2      0.056600001
   0    0      0.095100001
   0    0      0.115999997
   0    0      0.128000006
   0    0      0.134000003
   0    0      0.136999995
   0    0      0.137999997
   0    0      0.136000007
   0    0      0.125000000
   0    0      0.112999998
   0    0      0.104000002
   0    0      0.095899999
   0    0      0.089400001
   0    0      0.083899997
   0    0      0.075300001
   0    0      0.068999998
   0    0      0.064000003
   0    0      0.060100000
   0    0      0.056899998
   0    0      0.054200001
   0    0      0.049899999
   0    0      0.046700001
   0    0      0.044000000
   0    0      0.041800000
   0    0      0.039999999
   0    0      0.037700001
   0    0      0.035799999
   0    0      0.033700000
   0    0      0.031599998
   0    0      0.029899999
   0    0      0.028400000
   0    0      0.027100001
0 0 0 
 1 2   1.473E+04
 1 2   0.000000
 2 4   118270.
