3305
  0.258922398
 -0.542661548
 -0.843932986
 -0.940663099
 -0.975708246
 -0.989825428
 -0.995917022
  0.257227987
 -0.547191381
 -0.847267032
 -0.942892969
 -0.977192283
 -0.990810037
 -0.996557474
  0.255088001
 -0.552798808
 -0.851361692
 -0.945604861
 -0.978972018
 -0.991966069
 -0.997283936
  0.252328753
 -0.559853315
 -0.856461465
 -0.948939681
 -0.981119931
 -0.993320704
 -0.998092413
  0.248681426
 -0.568895757
 -0.862913489
 -0.95308727
 -0.983722508
 -0.994891942
 -0.998954177
  0.243711278
 -0.580742836
 -0.871219754
 -0.958301246
 -0.986871243
 -0.996664286
 -0.999780357
  0.236678794
 -0.596670449
 -0.882118046
 -0.964907467
 -0.990624964
 -0.998520792
 -1.00033414
  0.226240396
 -0.618751228
 -0.896698356
 -0.973270118
 -0.994881809
 -1.00005412
  0.209746033
 -0.650497854
 -0.916524053
 -0.983572662
 -0.998948932
  0.181385383
 -0.698102057
 -0.943482518
 -0.994803846
  0.126470551
 -0.772533536
 -0.97758162
 0.
 -0.889076412
 -0.320379406
  0.277218759
  0.210835919
  0.115230724
  0.103247926
 -0.01513761
 -0.0381830335
 -0.0460076295
 -0.336558968
 -0.414103717
  0.542710364
  0.422306776
  0.226278096
  0.197949499
  0.177146003
  0.0950521678
  0.0359931923
 -0.21477896
 -0.38766107
 -0.613159895
 -0.692817807
  1.13759804
  1.72106016
  0.0423604809
  2.26165891
  0.415472895
 -0.655111551
  2.62225986
  0.694908679
 -0.320379406
 -0.887836516
  2.86246443
  0.951068759
 -0.134365425
 -0.729101658
 -0.95981425
  3.02753639
  1.20178473
 0.
 -0.605218351
 -0.889076412
 -0.98443985
  3.14487958
  1.40749443
  0.0776434094
 -0.515352786
 -0.824823081
 -0.951489508
 -0.993751585
  3.23089552
  1.54602945
  0.126470551
 -0.450144649
 -0.772533536
 -0.918333769
 -0.97758162
 -0.997552752
  3.29565549
  1.62429929
  0.15886803
 -0.401982009
 -0.73102951
 -0.88923806
 -0.959918618
 -0.989265084
 -0.999185383
  3.34554625
  1.66137254
  0.181385383
 -0.365641564
 -0.698102057
 -0.86475265
 -0.943482518
 -0.979516566
 -0.994803846
 -0.999902606
  3.38475394
  1.67431176
  0.19763948
 -0.33764407
 -0.671773612
 -0.844398737
 -0.929006577
 -0.96998024
 -0.989254832
 -0.997547507
 -1.00021291
  3.41610074
  1.67441082
  0.209746033
 -0.315658718
 -0.650497854
 -0.827492893
 -0.916524053
 -0.961252213
 -0.983572662
 -0.994312286
 -0.998948932
 -1.00033593
  3.44154143
  1.6682229
  0.219003111
 -0.298097461
 -0.633112371
 -0.813393831
 -0.90583837
 -0.953489125
 -0.97819066
 -0.990848064
 -0.997032166
 -0.999676585
 -1.00037146
  3.462466
  1.65931118
  0.226240396
 -0.283855647
 -0.618751228
 -0.801563382
 -0.896698356
 -0.946670353
 -0.973270118
 -0.98745966
 -0.994881809
 -0.998533189
 -1.00005412
 -1.00036657
  3.47987556
  1.64953852
  0.232007354
 -0.272149831
 -0.606766522
 -0.791567862
 -0.888862312
 -0.940709829
 -0.968848288
 -0.984282136
 -0.992710888
 -0.997181714
 -0.999375284
 -1.00024486
 -1.0003438
  3.49451375
  1.63984072
  0.236678794
 -0.262412757
 -0.596670449
 -0.783063054
 -0.882118046
 -0.935503602
 -0.964907467
 -0.981366217
 -0.990624964
 -0.995771945
 -0.998520792
 -0.999850452
 -1.00033414
  3.50693727
  1.63066161
  0.240517393
 -0.254226863
 -0.588091314
 -0.775776625
 -0.876286566
 -0.930949867
 -0.961407423
 -0.978720844
 -0.988672435
 -0.99438411
 -0.997596979
 -0.999311209
 -1.00011647
  3.51756859
  1.62218463
  0.243711278
 -0.247279093
 -0.580742836
 -0.769492865
 -0.871219754
 -0.926956415
 -0.958301246
 -0.976335168
 -0.986871243
 -0.993059635
 -0.996664286
 -0.99870342
 -0.999780357
  3.52673578
  1.61445963
  0.246398389
 -0.241331503
 -0.57440275
 -0.764040053
 -0.866795421
 -0.923443079
 -0.955542207
 -0.97418946
 -0.985223353
 -0.991817951
 -0.995756626
 -0.998072743
 -0.999381423
  3.53469634
  1.60746837
  0.248681426
 -0.236200511
 -0.568895757
 -0.759280682
 -0.862913489
 -0.920341194
 -0.95308727
 -0.972260952
 -0.983722508
 -0.990666151
 -0.994891942
 -0.997446239
 -0.998954177
  3.54165101
  1.60116386
  0.250638157
 -0.231743127
 -0.564083099
 -0.755103827
 -0.859491527
 -0.917592406
 -0.950897694
 -0.970526814
 -0.982358515
 -0.989604473
 -0.994078934
 -0.996839523
 -0.998520076
  3.54776192
  1.59548485
  0.252328753
 -0.227845803
 -0.559853315
 -0.751419485
 -0.856461465
 -0.915147603
 -0.948939681
 -0.96896559
 -0.981119931
 -0.988629341
 -0.993320704
 -0.996261239
 -0.998092413
  3.55316186
  1.59036815
  0.253799736
 -0.224418551
 -0.556116402
 -0.748154104
 -0.853767157
 -0.912965357
 -0.947183847
 -0.967557549
 -0.979994833
 -0.98773545
 -0.992617071
 -0.995715499
 -0.997678876
  3.55795431
  1.58575249
  0.255088001
 -0.22138834
 -0.552798808
 -0.745247126
 -0.851361692
 -0.911010623
 -0.945604861
 -0.966285229
 -0.978972018
 -0.986916542
 -0.991966069
 -0.995203912
 -0.997283936
  3.56222939
  1.58158278
  0.256222814
 -0.218695983
 -0.54984045
 -0.742648482
 -0.849205911
 -0.909253716
 -0.944180846
 -0.965132952
 -0.978040993
 -0.986166418
 -0.991364896
 -0.99472636
 -0.996909857
  3.56605721
  1.57780886
  0.257227987
 -0.216292948
 -0.547191381
 -0.740316451
 -0.847267032
 -0.907669544
 -0.942892969
 -0.964087129
 -0.977192283
 -0.985478878
 -0.990810037
 -0.994281709
 -0.996557474
  3.56949878
  1.57438588
  0.258122534
 -0.214139104
 -0.544809997
 -0.738215983
 -0.845517218
 -0.906236708
 -0.941725016
 -0.963135779
 -0.976417243
 -0.984848082
 -0.990298033
 -0.993868351
 -0.996226728
  3.5726037
  1.57127392
  0.258922398
 -0.212201074
 -0.542661548
 -0.736317694
 -0.843932986
 -0.90493691
 -0.940663099
 -0.962268293
 -0.975708246
 -0.984268725
 -0.989825428
 -0.993484378
 -0.995917022
  0.
 -1.00004375
 -1.00010991
 -0.635774314
  0.
  0.
  0.
  0.
  0.
  0.
  0.
  0.
 -1.00007069
 -0.636765957
  0.0585870668
  0.53127259
  0.
  0.
  0.
  0.
  0.
  0.
  0.
 -0.638397336
  0.0571730398
  0.529917479
  0.
  0.
  0.
  0.
  0.
  0.
  0.
  0.
 -0.557935536
  0.
  0.
  0.
  0.
  0.
  0.
  0.
  0.
  0.
  0.
  0.
  0.
  0.
  0.
  0.
  0.
  0.
  0.
  0.
  0.
  0.
  0.
  0.
  0.
  0.
  0.
  0.
  0.
  0.
  0.
  0.
  0.
  0.
  0.
  0.
  0.
  0.
  0.
  0.
  0.
  0.
  0.
  0.
  0.
  0.
  0.
  0.
  0.
  0.
  0.
  0.
  0.
  0.
  0.
  0.
  0.
  0.
  0.
  0.
  0.
  0.
  0.
  0.
  0.
  0.
  0.
 -1.00015414
  1.36029518
  1.36349165
  0.
  1.4231081
  0.
  2.55161262
  3.70453024
  3.70838904
  0.
  0.
  1.35107863
  1.35427618
  1.35838914
  1.42091286
  1.4208256
  2.5471766
  3.69862485
  3.70247841
  0.
  0.
  0.
 -1.00005817
  0.
  0.
  0.
  0.
  0.
  0.
  0.
  0.
  0.
  0.
 -1.00007391
  0.
  0.
  0.
  0.
  0.
  0.
  0.
  0.
  0.
  0.
  0.
  0.
  0.
  0.
  0.
  0.
  0.
  0.
  0.
  0.
  0.
  0.
  0.
  0.
  0.
  0.
  0.
  0.
  0.
  0.
  0.
  0.
  0.
  0.
  0.
  0.
  0.
  0.
  0.
  0.
  0.
  0.
  0.
  0.
  0.
  0.
  0.
  0.
  0.
  0.
  0.
  0.
  0.
  0.
  0.
  0.
  0.
  0.
  0.
  0.
  0.
  0.
  0.
  0.
  0.
  0.
  0.
  1.23136652
  1.22848237
  2.98987842
  0.
  0.
  0.
  0.
  0.
  0.
  0.
 -1.00006247
 -1.00018764
  0.
  0.
  0.
  0.
  0.
  0.
  0.
  0.
  0.
 -1.00013888
  0.
  0.
  0.
  0.
  0.
  0.
  0.
  0.
  0.
  0.
  0.
  0.
  0.
  0.
  0.
  0.
  0.
  0.
  0.
  0.
  0.
  0.
  0.
  0.
  0.
  0.
  0.
  0.
  0.
  0.
  0.
  0.
  0.
  0.
  0.
  0.
  0.
  0.
  0.
  0.
  0.
  0.
  0.
  0.
  0.
  0.
  0.
  0.
  0.
  0.
  0.
  0.
  0.
  0.
  0.
  0.
  0.
  0.
  0.
  0.
  0.
  0.
  0.
  0.
  0.
  0.
  0.
  0.
  0.
  0.
  0.
  0.
  0.
  0.
  0.
  0.
  0.
  1.18497753
  1.18667781
  0.
  0.
  0.
  0.
  0.
  0.
  0.
  0.
  0.
  0.
  0.
  0.
  0.
  0.
  0.
  0.
  0.
  0.
  0.
  0.
  0.
  0.
  0.
  0.
  0.
  0.
  0.
  0.
  0.
  0.
  0.
  0.
  0.
  0.
  0.
  0.
  0.
  0.
  0.
  0.
  0.
  0.
  0.
  0.
  0.
  0.
  0.
  0.
  0.
  0.
  0.
  0.
  0.
  0.
  0.
  0.
  0.
  0.
  0.
  0.
  0.
  0.
  0.
  0.
  0.
  0.
  0.
  0.
  0.
  0.
  0.
  0.
  0.
  0.
  0.
  0.
  0.
  0.
  0.
  0.
  0.
  0.
  0.
  0.
  0.
  0.
  0.
  0.
  0.
  0.
  0.
  0.
  0.
  0.
  0.
  0.
  0.
  0.
 -0.0831774175
 -0.0825753286
  0.32107228
  0.321087509
  0.
  0.
  0.
  0.
  0.
  0.
  0.
 -1.00002491
 -0.670331001
 -0.670307338
  0.
  0.
  0.
  0.
  0.
  0.
  0.
  0.
 -0.670874596
 -0.670850992
  0.
  0.
  0.
  0.
  0.
  0.
  0.
  0.
  0.
  0.
  0.
  0.
  0.
  0.
  0.
  0.
  0.
  0.
  0.
  0.
  0.
  0.
  0.
  0.
  0.
  0.
  0.
  0.
  0.
  0.
  0.
  0.
  0.
  0.
  0.
  0.
  0.
  0.
  0.
  0.
  0.
  0.
  0.
  0.
  0.
  0.
  0.
  0.
  0.
  0.
  0.
  0.
  0.
  0.
  0.
  0.
  0.
  0.
  0.
  0.
  0.
  0.
  0.
  0.
  0.
  0.
  0.
  0.
  0.
  0.
  0.
  0.
  0.
  0.
  0.
  0.
 -1.00012207
 -1.00027299
 -0.315285474
  0.
  0.
  0.
  0.
  0.
  0.
  0.
  0.
 -1.00019169
 -0.318265438
  0.479288697
  1.66994607
  0.
  0.
  0.
  0.
  0.
  0.
  0.
 -0.323299229
  0.475497633
  1.67194092
  0.
  0.
  0.
  0.
  0.
  0.
  0.
  0.
 -0.194720671
  0.
  0.
  0.
  0.
  0.
  0.
  0.
  0.
  0.
  0.
  0.
  0.
  0.
  0.
  0.
  0.
  0.
  0.
  0.
  0.
  0.
  0.
  0.
  0.
  0.
  0.
  0.
  0.
  0.
  0.
  0.
  0.
  0.
  0.
  0.
  0.
  0.
  0.
  0.
  0.
  0.
  0.
  0.
  0.
  0.
  0.
  0.
  0.
  0.
  0.
  0.
  0.
  0.
  0.
  0.
  0.
  0.
  0.
  0.
  0.
  0.
  0.
  0.
  0.
  0.
  0.
 -1.00032532
  1.12092161
  1.12074113
  0.
  0.
  0.
  0.
  0.
  0.
  0.
  0.
  1.12155914
  1.12132192
  1.1210314
  0.
  0.
  0.
  0.
  0.
  0.
  0.
  0.
  0.
  0.
  0.
  0.
  0.
  0.
  0.
  0.
  0.
  0.
  0.
  0.
  0.
  0.
  0.
  0.
  0.
  0.
  0.
  0.
  0.
  0.
  0.
  0.
  0.
  0.
  0.
  0.
  0.
  0.
  0.
  0.
  0.
  0.
  0.
  0.
  0.
  0.
  0.
  0.
  0.
  0.
  0.
  0.
  0.
  0.
  0.
  0.
  0.
  0.
  0.
  0.
  0.
  0.
  0.
  0.
  0.
  0.
  0.
  0.
  0.
  0.
  0.
  0.
  0.
  0.
  0.
  0.
  0.
  0.
  0.
  0.
  0.
  0.
  0.
  0.
  0.
  0.
  0.
  1.2327503
  1.23538303
  5.90457869
  0.
  13.2201309
  13.2450638
  16.0152874
  0.
  0.
  0.
 -1.00015342
 -1.00035191
  1.16973996
  0.
  3.50125575
  0.
  0.
  0.
  0.
  0.
  0.
 -1.00029087
  1.1688199
  3.48911381
  3.49561048
  3.50678396
  4.82703447
  11.7664919
  0.
  0.
  0.
  0.
  1.1667403
  3.47627211
  3.48275137
  3.49389434
  4.81104183
  0.
  0.
  0.
  0.
  0.
  0.
  1.59909368
  1.6060946
  1.61743152
  1.12022877
  3.17927551
  0.
  0.
  0.
  0.
  0.
  0.
  0.
  0.
  0.
  0.
  0.
  0.
  0.
  0.
  0.
  0.
  0.
  0.
  0.
  0.
  0.
  0.
  0.
  0.
  0.
  0.
  0.
  0.
  0.
  0.
  0.
  0.
  0.
  0.
  0.
  0.
  0.
  0.
  0.
  1.67464221
  0.
  0.
  0.
  0.
  0.
  0.
  0.
  0.
  0.
  0.
  0.
  1.6399169
  1.65128589
  0.
  0.
  0.
  0.
  0.
  0.
  0.
  0.
  0.
  0.
  0.
  0.
  0.
  0.
  0.
  0.
  0.
  0.
  0.
  0.
  0.
  0.
  0.
  0.
  0.
  0.
  0.
  0.
  0.
  0.
  0.
  0.
  0.
  0.
  0.
  0.
  0.
  0.
  0.
  0.
  0.
  0.
  0.
  0.
  0.
  0.
  0.
  0.
  0.
  0.
  0.
  0.
  0.
  0.
  0.
  0.
  0.
  0.
  0.
  0.
  0.
  0.
  0.
  0.
  0.
  0.
  0.
  0.
  0.
  0.
  0.
  0.
  0.
  0.
  0.
  0.
  0.
  0.
  0.
  0.
  0.
  0.
  0.
  0.
  0.
  0.
  0.
  0.
  0.
  0.
  0.
  0.
  0.
  0.
  0.
  0.
  0.
  0.
 -1.00030816
 -1.00036287
 -0.281863302
  0.534991682
  0.
  0.
  0.
  0.
  0.
  0.
  0.
 -1.0001651
 -0.291386068
  0.527042031
  0.
  0.
  0.
  0.
  0.
  0.
  0.
  0.
 -0.295536339
  0.
  0.
  0.
  0.
  0.
  0.
  0.
  0.
  0.
  0.
 -0.164610758
  0.
  0.
  0.
  0.
  0.
  0.
  0.
  0.
  0.
  0.
  0.
  0.
  0.
  0.
  0.
  0.
  0.
  0.
  0.
  0.
  0.
  0.
  0.
  0.
  0.
  0.
  0.
  0.
  0.
  0.
  0.
  0.
  0.
  0.
  0.
  0.
  0.
  0.
  0.
  0.
  0.
  0.
  0.
  0.
  0.
  0.
  0.
  0.
  0.
  0.
  0.
  0.
  0.
  0.
  0.
  0.
  0.
  0.
  0.
  0.
  0.
  0.
  0.
  0.
  0.
  0.
  0.25605768
  0.256523877
  1.02340007
  1.02352464
  0.
  0.
  0.
  0.
  0.
  0.
  0.
 -1.00005174
 -0.418767393
 -0.418697983
  0.
  0.
  0.
  0.
  0.
  0.
  0.
  0.
 -0.420000225
 -0.419930667
  0.
  0.
  0.
  0.
  0.
  0.
  0.
  0.
  0.
 -1.00000298
  0.
  0.
  0.
  0.
  0.
  0.
  0.
  0.
  0.
  0.
  0.
  0.
  0.
  0.
  0.
  0.
  0.
  0.
  0.
  0.
  0.
  0.
  0.
  0.
  0.
  0.
  0.
  0.
  0.
  0.
  0.
  0.
  0.
  0.
  0.
  0.
  0.
  0.
  0.
  0.
  0.
  0.
  0.
  0.
  0.
  0.
  0.
  0.
  0.
  0.
  0.
  0.
  0.
  0.
  0.
  0.
  0.
  0.
  0.
  0.
  0.
  0.
  0.
  0.
  0.
  0.
 -1.00024641
 -1.00036693
 -0.0174936838
  0.
  0.
  0.
  0.
  0.
  0.
  0.
  0.
 -1.00034177
 -0.0242897961
  1.37034607
  1.13089204
  0.
  0.
  0.
  0.
  0.
  0.
  0.
 -0.0360386446
  1.34230411
  1.12931943
  0.
  0.
  0.
  0.
  0.
  0.
  0.
  0.
  0.121080324
  0.
  0.
  0.
  0.
  0.
  0.
  0.
  0.
  0.
  0.
  0.
  0.
  0.
  0.
  0.
  0.
  0.
  0.
  0.
  0.
  0.
  0.
  0.
  0.
  0.
  0.
  0.
  0.
  0.
  0.
  0.
  0.
  0.
  0.
  0.
  0.
  0.
  0.
  0.
  0.
  0.
  0.
  0.
  0.
  0.
  0.
  0.
  0.
  0.
  0.
  0.
  0.
  0.
  0.
  0.
  0.
  0.
  0.
  0.
  0.
  0.
  0.
  0.
  0.
  0.
  0.
 -1.00030768
  1.31201351
  1.31579876
  0.
  0.
  0.
  0.
  0.
  0.
  0.
  0.
  1.30562127
  1.30824578
  1.31199062
  0.
  0.
  0.
  0.
  0.
  0.
  0.
  0.
 -1.00027227
  0.
  0.
  0.
  0.
  0.
  0.
  0.
  0.
  0.
  0.
 -1.00033545
  0.
  0.
  0.
  0.
  0.
  0.
  0.
  0.
  0.
  0.
  0.
  0.
  0.
  0.
  0.
  0.
  0.
  0.
  0.
  0.
  0.
  0.
  0.
  0.
  0.
  0.
  0.
  0.
  0.
  0.
  0.
  0.
  0.
  0.
  0.
  0.
  0.
  0.
  0.
  0.
  0.
  0.
  0.
  0.
  0.
  0.
  0.
  0.
  0.
  0.
  0.
  0.
  0.
  0.
  0.
  0.
  0.
  0.
  0.
  0.
  0.
  0.
  0.
  0.
  0.
  0.
  1.71534622
  10.0948906
  0.
  0.
  0.
  0.
  0.
  0.
  0.
  0.
  0.
  1.48552287
  0.
  0.
  0.
  0.
  0.
  0.
  0.
  0.
  0.
  0.
  0.
  0.
  0.
  0.
  0.
  0.
  0.
  0.
  0.
  0.
  0.
  0.
  0.
  0.
  0.
  0.
  0.
  0.
  0.
  0.
  0.
  0.
  0.
  0.
  0.
  0.
  0.
  0.
  0.
  0.
  0.
  0.
  0.
  0.
  0.
  0.
  0.
  0.
  0.
  0.
  0.
  0.
  0.
  0.
  0.
  0.
  0.
  0.
  0.
  0.
  0.
  0.
  0.
  0.
  0.
  0.
  0.
  0.
  0.
  0.
  0.
  0.
  0.
  0.
  0.
  0.
  0.
  0.
  0.
  0.
  0.
  0.
  0.
  0.
  0.
  0.
  0.
  0.
  2.54331112
  2.58072066
  0.
  0.
  0.
  0.
  0.
  0.
  0.
  0.
  0.
  0.
  0.
  0.
  0.
  0.
  0.
  0.
  0.
  0.
  0.
  0.
  0.
  0.
  0.
  0.
  0.
  0.
  0.
  0.
  0.
  0.
  0.
  0.
  0.
  0.
  0.
  0.
  0.
  0.
  0.
  0.
  0.
  0.
  0.
  0.
  0.
  0.
  0.
  0.
  0.
  0.
  0.
  0.
  0.
  0.
  0.
  0.
  0.
  0.
  0.
  0.
  0.
  0.
  0.
  0.
  0.
  0.
  0.
  0.
  0.
  0.
  0.
  0.
  0.
  0.
  0.
  0.
  0.
  0.
  0.
  0.
  0.
  0.
  0.
  0.
  0.
  0.
  0.
  0.
  0.
  0.
  0.
  0.
  0.
  0.
  0.
  0.
  0.
  0.
 -0.999092102
  0.
  0.
  0.
  0.
  0.
  0.
  0.
  0.
  0.
  0.
  0.
  0.
  0.
  0.
  0.
  0.
  0.
  0.
  0.
  0.
  0.
  0.
  0.
  0.
  0.
  0.
  0.
  0.
  0.
  0.
  0.
  0.
  0.
  0.
  0.
  0.
  0.
  0.
  0.
  0.
  0.
  0.
  0.
  0.
  0.
  0.
  0.
  0.
  0.
  0.
  0.
  0.
  0.
  0.
  0.
  0.
  0.
  0.
  0.
  0.
  0.
  0.
  0.
  0.
  0.
  0.
  0.
  0.
  0.
  0.
  0.
  0.
  0.
  0.
  0.
  0.
  0.
  0.
  0.
  0.
  0.
  0.
  0.
  0.
  0.
  0.
  0.
  0.
  0.
  0.
  0.
  0.
  0.
  0.
  0.
  0.
  0.
  0.
  0.
 -0.999688387
 -0.998297334
  0.230244905
  1.13176143
  0.
  0.
  0.
  0.
  0.
  0.
  0.
 -1.00037265
  0.21029827
  1.14144659
  0.
  0.
  0.
  0.
  0.
  0.
  0.
  0.
  0.200986534
  0.
  0.
  0.
  0.
  0.
  0.
  0.
  0.
  0.
  0.
  0.362697661
  0.
  0.
  0.
  0.
  0.
  0.
  0.
  0.
  0.
  0.
  0.
  0.
  0.
  0.
  0.
  0.
  0.
  0.
  0.
  0.
  0.
  0.
  0.
  0.
  0.
  0.
  0.
  0.
  0.
  0.
  0.
  0.
  0.
  0.
  0.
  0.
  0.
  0.
  0.
  0.
  0.
  0.
  0.
  0.
  0.
  0.
  0.
  0.
  0.
  0.
  0.
  0.
  0.
  0.
  0.
  0.
  0.
  0.
  0.
  0.
  0.
  0.
  0.
  0.
  0.
  0.
  1.11527574
  1.12097228
  1.15517104
  1.15525854
  0.
  0.
  0.
  0.
  0.
  0.
  0.
 -1.00011337
  0.0355065688
  0.0358726047
  0.
  0.
  0.
  0.
  0.
  0.
  0.
  0.
  0.0330468528
  0.0334145948
  0.
  0.
  0.
  0.
  0.
  0.
  0.
  0.
  0.
 -1.00001824
  0.
  0.
  0.
  0.
  0.
  0.
  0.
  0.
  0.
  0.
  0.
  0.
  0.
  0.
  0.
  0.
  0.
  0.
  0.
  0.
  0.
  0.
  0.
  0.
  0.
  0.
  0.
  0.
  0.
  0.
  0.
  0.
  0.
  0.
  0.
  0.
  0.
  0.
  0.
  0.
  0.
  0.
  0.
  0.
  0.
  0.
  0.
  0.
  0.
  0.
  0.
  0.
  0.
  0.
  0.
  0.
  0.
  0.
  0.
  0.
  0.
  0.
  0.
  0.
  0.
  0.
 -1.00027394
 -0.996924639
  0.378001899
  0.
  0.
  0.
  0.
  0.
  0.
  0.
  0.
 -0.999472678
  0.361478388
  1.16998136
  0.
  0.
  0.
  0.
  0.
  0.
  0.
  0.
  0.33419016
  1.16010129
  0.
  0.
  0.
  0.
  0.
  0.
  0.
  0.
  0.
  0.526433587
  0.
  0.
  0.
  0.
  0.
  0.
  0.
  0.
  0.
  0.
  0.
  0.
  0.
  0.
  0.
  0.
  0.
  0.
  0.
  0.
  0.
  0.
  0.
  0.
  0.
  0.
  0.
  0.
  0.
  0.
  0.
  0.
  0.
  0.
  0.
  0.
  0.
  0.
  0.
  0.
  0.
  0.
  0.
  0.
  0.
  0.
  0.
  0.
  0.
  0.
  0.
  0.
  0.
  0.
  0.
  0.
  0.
  0.
  0.
  0.
  0.
  0.
  0.
  0.
  0.
  0.
 -0.995157719
  0.
  0.
  0.
  0.
  0.
  0.
  0.
  0.
  0.
  0.
  0.
  0.
  0.
  0.
  0.
  0.
  0.
  0.
  0.
  0.
  0.
  0.
  0.
  0.
  0.
  0.
  0.
  0.
  0.
  0.
  0.
  0.
  0.
  0.
  0.
  0.
  0.
  0.
  0.
  0.
  0.
  0.
  0.
  0.
  0.
  0.
  0.
  0.
  0.
  0.
  0.
  0.
  0.
  0.
  0.
  0.
  0.
  0.
  0.
  0.
  0.
  0.
  0.
  0.
  0.
  0.
  0.
  0.
  0.
  0.
  0.
  0.
  0.
  0.
  0.
  0.
  0.
  0.
  0.
  0.
  0.
  0.
  0.
  0.
  0.
  0.
  0.
  0.
  0.
  0.
  0.
  0.
  0.
  0.
  0.
  0.
  0.
  0.
  0.
  0.0696992129
  0.0707255304
  0.072802268
  0.602884591
  0.
  0.
  0.
  0.
  0.
  0.
  0.
 -1.00005329
 -1.00014877
 -0.446746975
  0.
  0.
  0.
  0.
  0.
  0.
  0.
  0.
 -1.00010383
 -0.448021233
  0.
  0.
  0.
  0.
  0.
  0.
  0.
  0.
  0.
 -0.450608134
  0.
  0.
  0.
  0.
  0.
  0.
  0.
  0.
  0.
  0.
  0.
  0.
  0.
  0.
  0.
  0.
  0.
  0.
  0.
  0.
  0.
  0.
  0.
  0.
  0.
  0.
  0.
  0.
  0.
  0.
  0.
  0.
  0.
  0.
  0.
  0.
  0.
  0.
  0.
  0.
  0.
  0.
  0.
  0.
  0.
  0.
  0.
  0.
  0.
  0.
  0.
  0.
  0.
  0.
  0.
  0.
  0.
  0.
  0.
  0.
  0.
  0.
  0.
  0.
  0.
  0.
  0.638526022
  0.644099891
  0.
  0.
  0.
  0.
  0.
  0.
  0.
  0.
  0.
  0.
  0.
  0.
  0.
  0.
  0.
  0.
  0.
  0.
  0.
  0.
  0.
  0.
  0.
  0.
  0.
  0.
  0.
  0.
  0.
  0.
  0.
  0.
  0.
  0.
  0.
  0.
  0.
  0.
  0.
  0.
  0.
  0.
  0.
  0.
  0.
  0.
  0.
  0.
  0.
  0.
  0.
  0.
  0.
  0.
  0.
  0.
  0.
  0.
  0.
  0.
  0.
  0.
  0.
  0.
  0.
  0.
  0.
  0.
  0.
  0.
  0.
  0.
  0.
  0.
  0.
  0.
  0.
  0.
  0.
  0.
  0.
  0.
  0.
  0.
  0.
  0.
  0.
  0.
  0.
  0.
  0.
  0.
  0.
  0.
  0.
  0.
  0.
  0.
 -0.98213774
  0.
  0.
  0.
  0.
  0.
  0.
  0.
  0.
  0.
  0.
  0.
  0.
  0.
  0.
  0.
  0.
  0.
  0.
  0.
  0.
  0.
  0.
  0.
  0.
  0.
  0.
  0.
  0.
  0.
  0.
  0.
  0.
  0.
  0.
  0.
  0.
  0.
  0.
  0.
  0.
  0.
  0.
  0.
  0.
  0.
  0.
  0.
  0.
  0.
  0.
  0.
  0.
  0.
  0.
  0.
  0.
  0.
  0.
  0.
  0.
  0.
  0.
  0.
  0.
  0.
  0.
  0.
  0.
  0.
  0.
  0.
  0.
  0.
  0.
  0.
  0.
  0.
  0.
  0.
  0.
  0.
  0.
  0.
  0.
  0.
  0.
  0.
  0.
  0.
  0.
  0.
  0.
  0.
  0.
  0.
  0.
  0.
  0.
  0.
 -0.989370406
 -0.976481974
  0.654285014
  1.50896752
  0.
  0.
  0.
  0.
  0.
  0.
  0.
 -0.999292254
  0.552964091
  1.44289672
  0.
  0.
  0.
  0.
  0.
  0.
  0.
  0.
  0.515665948
  0.
  0.
  0.
  0.
  0.
  0.
  0.
  0.
  0.
  0.
  1.13037109
  0.
  0.
  0.
  0.
  0.
  0.
  0.
  0.
  0.
  0.
  0.
  0.
  0.
  0.
  0.
  0.
  0.
  0.
  0.
  0.
  0.
  0.
  0.
  0.
  0.
  0.
  0.
  0.
  0.
  0.
  0.
  0.
  0.
  0.
  0.
  0.
  0.
  0.
  0.
  0.
  0.
  0.
  0.
  0.
  0.
  0.
  0.
  0.
  0.
  0.
  0.
  0.
  0.
  0.
  0.
  0.
  0.
  0.
  0.
  0.
  0.
  0.
  0.
  0.
  0.
  0.
  1.13728034
  1.13700187
  1.80093575
  1.80611742
  0.
  0.
  0.
  0.
  0.
  0.
  0.
 -1.00004768
  0.310660392
  0.31461224
  0.
  0.
  0.
  0.
  0.
  0.
  0.
  0.
  0.309986532
  0.313935488
  0.
  0.
  0.
  0.
  0.
  0.
  0.
  0.
  0.
 -1.00023246
  0.
  0.
  0.
  0.
  0.
  0.
  0.
  0.
  0.
  0.
  0.
  0.
  0.
  0.
  0.
  0.
  0.
  0.
  0.
  0.
  0.
  0.
  0.
  0.
  0.
  0.
  0.
  0.
  0.
  0.
  0.
  0.
  0.
  0.
  0.
  0.
  0.
  0.
  0.
  0.
  0.
  0.
  0.
  0.
  0.
  0.
  0.
  0.
  0.
  0.
  0.
  0.
  0.
  0.
  0.
  0.
  0.
  0.
  0.
  0.
  0.
  0.
  0.
  0.
  0.
  0.
 -0.996865869
 -0.967354059
  1.08103728
  0.
  0.
  0.
  0.
  0.
  0.
  0.
  0.
 -0.988911092
  0.956065416
  1.8075608
  0.
  0.
  0.
  0.
  0.
  0.
  0.
  0.
  0.795460343
  1.72019768
  0.
  0.
  0.
  0.
  0.
  0.
  0.
  0.
  0.
  1.52817261
  0.
  0.
  0.
  0.
  0.
  0.
  0.
  0.
  0.
  0.
  0.
  0.
  0.
  0.
  0.
  0.
  0.
  0.
  0.
  0.
  0.
  0.
  0.
  0.
  0.
  0.
  0.
  0.
  0.
  0.
  0.
  0.
  0.
  0.
  0.
  0.
  0.
  0.
  0.
  0.
  0.
  0.
  0.
  0.
  0.
  0.
  0.
  0.
  0.
  0.
  0.
  0.
  0.
  0.
  0.
  0.
  0.
  0.
  0.
  0.
  0.
  0.
  0.
  0.
  0.
  0.
 -0.343867332
 -0.341916889
  0.186969757
  0.188735902
  0.
  0.
  0.
  0.
  0.
  0.
  0.
 -1.00008166
 -0.666934013
 -0.664051294
  0.
  0.
  0.
  0.
  0.
  0.
  0.
  0.
 -0.668799222
 -0.665920436
  0.
  0.
  0.
  0.
  0.
  0.
  0.
  0.
  0.
 -1.00012183
  0.
  0.
  0.
  0.
  0.
  0.
  0.
  0.
  0.
  0.
  0.
  0.
  0.
  0.
  0.
  0.
  0.
  0.
  0.
  0.
  0.
  0.
  0.
  0.
  0.
  0.
  0.
  0.
  0.
  0.
  0.
  0.
  0.
  0.
  0.
  0.
  0.
  0.
  0.
  0.
  0.
  0.
  0.
  0.
  0.
  0.
  0.
  0.
  0.
  0.
  0.
  0.
  0.
  0.
  0.
  0.
  0.
  0.
  0.
  0.
  0.
  0.
  0.
  0.
  0.
  0.
 -1.00036967
 -0.998818457
 -0.566398203
  0.
  0.
  0.
  0.
  0.
  0.
  0.
  0.
 -1.0000267
 -0.58488965
  0.257369578
  0.
  0.
  0.
  0.
  0.
  0.
  0.
  0.
 -0.61784637
  0.243920937
  0.
  0.
  0.
  0.
  0.
  0.
  0.
  0.
  0.
 -0.283357352
  0.
  0.
  0.
  0.
  0.
  0.
  0.
  0.
  0.
  0.
  0.
  0.
  0.
  0.
  0.
  0.
  0.
  0.
  0.
  0.
  0.
  0.
  0.
  0.
  0.
  0.
  0.
  0.
  0.
  0.
  0.
  0.
  0.
  0.
  0.
  0.
  0.
  0.
  0.
  0.
  0.
  0.
  0.
  0.
  0.
  0.
  0.
  0.
  0.
  0.
  0.
  0.
  0.
  0.
  0.
  0.
  0.
  0.
  0.
  0.
  0.
  0.
  0.
  0.
  0.
  0.
 -0.998096585
  0.
  0.
  0.
  0.
  0.
  0.
  0.
  0.
  0.
  0.
  0.
  0.
  0.
  0.
  0.
  0.
  0.
  0.
  0.
  0.
  0.
  0.
  0.
  0.
  0.
  0.
  0.
  0.
  0.
  0.
  0.
  0.
  0.
  0.
  0.
  0.
  0.
  0.
  0.
  0.
  0.
  0.
  0.
  0.
  0.
  0.
  0.
  0.
  0.
  0.
  0.
  0.
  0.
  0.
  0.
  0.
  0.
  0.
  0.
  0.
  0.
  0.
  0.
  0.
  0.
  0.
  0.
  0.
  0.
  0.
  0.
  0.
  0.
  0.
  0.
  0.
  0.
  0.
  0.
  0.
  0.
  0.
  0.
  0.
  0.
  0.
  0.
  0.
  0.
  0.
  0.
  0.
  0.
  0.
  0.
  0.
  0.
  0.
