 34
** Atomic data from version 6 of the CHIANTI database **
%observed energy levels: Kelly, R.L., 1987, J.Phys.Chem.Ref.Data 16, Suppl. 1
%theoretical energy levels:  Connor Ballance (private communications)
%comment: An R-matrix with pseudostates He^+ calculation   1s-5g
     Degenerate transitions removed within LS coupling scheme

%filename: he_2.wgfa
%observed energy levels: Kelly, R.L., 1987, J.Phys.Chem.Ref.Data 16, Suppl. 1.     
% A values: Parpia, F.A., Johnson, W.R., 1972, Phys.Rev.A, 26, 1142.
%oscillator strengths: Wiese, W.L., Smith, M.W., Glennon, B.M., 1966, Atomic Transition Probabilities, NSRDS-NBS-4.
%note: Wiese's oscillator strengths are hydrogenic
%produced as part of the Arcetri/Cambridge/NRL 'CHIANTI' atomic data base collaboration
%
%   K.P.Dere 1995 

%filename: he_2.splups
%theoretical energy levels:  Connor Ballance (private communications)
%oscillator strengths:  Wiese, W. L., Smith, M. W., and Glennon, B. M., 1966, Atomic Transition Probabilities, NSRDS-NBS-4.
%comment:  hydrogenic f values
%collision strengths:  Connor Ballance (private communications)
%comment: An R-matrix with pseudostates He^+ calculation   1s-5g
     Degenerate transitions removed within LS coupling scheme

     L=0-11     exchange calculation
     L=12-60    non-exchange calculation + top up

     (Connor Ballance - 28th June 2003)
     Degenerate transitions removed within LS coupling scheme
    1    9     3.556 1.160e+04 2.320e+04 5.800e+04 8.120e+04 1.160e+05 2.320e+05 3.480e+05 5.800e+05 1.000e+06
    1    9-2.034e-02 2.466e-02 2.334e-02 2.058e-02 1.962e-02 1.878e-02 1.764e-02 1.728e-02 1.716e-02 1.734e-02
    1   10     3.750 1.160e+04 2.320e+04 5.800e+04 8.120e+04 1.160e+05 2.320e+05 3.480e+05 5.800e+05 1.000e+06
%produced as part of the Arcetri/Cambridge/NRL 'CHIANTI' atomic data collaboration
%
% K.P.Dere - Jul 2, 2003
 9 23
  1  1s 2S1/2
  2  2s 2S1/2
  3  2p 2P1/2
  4  2p 2P3/2
  5  3s 2S1/2
  6  3p 2P1/2
  7  3p 2P3/2
  8  3d 2D3/2
  9  3d 2D5/2
     100.0
     158.5
     251.2
     398.1
     631.0
    1000.0
    1584.9
    2511.9
    3981.1
    6309.6
   10000.0
   15848.9
   25118.9
   39810.7
   63095.8
  100000.0
  158489.2
  251188.7
  398107.1
  630957.6
 1000000.0
 1584892.5
 2511887.0
0
  1  2   1.56e-01
  0  0   1.56e-01
  0  0   1.56e-01
  0  0   1.56e-01
  0  0   1.56e-01
  0  0   1.56e-01
  0  0   1.56e-01
  0  0   1.56e-01
  0  0   1.55e-01
  0  0   1.54e-01
  0  0   1.53e-01
  0  0   1.52e-01
  0  0   1.49e-01
  0  0   1.46e-01
  0  0   1.41e-01
  0  0   1.35e-01
  0  0   1.29e-01
  0  0   1.26e-01
  0  0   1.27e-01
  0  0   1.29e-01
  0  0   1.37e-01
  0  0   1.53e-01
  0  0   1.72e-01
  1  3   1.08e-01
  0  0   1.08e-01
  0  0   1.08e-01
  0  0   1.08e-01
  0  0   1.09e-01
  0  0   1.09e-01
  0  0   1.09e-01
  0  0   1.10e-01
  0  0   1.11e-01
  0  0   1.13e-01
  0  0   1.15e-01
  0  0   1.19e-01
  0  0   1.24e-01
  0  0   1.30e-01
  0  0   1.39e-01
  0  0   1.51e-01
  0  0   1.70e-01
  0  0   1.98e-01
  0  0   2.37e-01
  0  0   2.87e-01
  0  0   3.50e-01
  0  0   4.29e-01
  0  0   5.29e-01
  1  4   2.17e-01
  0  0   2.17e-01
  0  0   2.17e-01
  0  0   2.17e-01
  0  0   2.18e-01
  0  0   2.18e-01
  0  0   2.19e-01
  0  0   2.20e-01
  0  0   2.23e-01
  0  0   2.26e-01
  0  0   2.31e-01
  0  0   2.38e-01
  0  0   2.48e-01
  0  0   2.61e-01
  0  0   2.78e-01
  0  0   3.02e-01
  0  0   3.40e-01
  0  0   3.96e-01
  0  0   4.75e-01
  0  0   5.75e-01
  0  0   7.00e-01
  0  0   8.64e-01
  0  0   1.07e+00
  1  5   3.82e-02
  0  0   3.82e-02
  0  0   3.82e-02
  0  0   3.82e-02
  0  0   3.82e-02
  0  0   3.81e-02
  0  0   3.81e-02
  0  0   3.80e-02
  0  0   3.79e-02
  0  0   3.78e-02
  0  0   3.75e-02
  0  0   3.71e-02
  0  0   3.65e-02
  0  0   3.56e-02
  0  0   3.43e-02
  0  0   3.25e-02
  0  0   3.06e-02
  0  0   2.89e-02
  0  0   2.79e-02
  0  0   2.74e-02
  0  0   2.78e-02
  0  0   3.00e-02
  0  0   3.33e-02
  1  6   1.84e-02
  0  0   1.84e-02
  0  0   1.84e-02
  0  0   1.84e-02
  0  0   1.85e-02
  0  0   1.85e-02
  0  0   1.87e-02
  0  0   1.88e-02
  0  0   1.91e-02
  0  0   1.95e-02
  0  0   2.02e-02
  0  0   2.11e-02
  0  0   2.23e-02
  0  0   2.37e-02
  0  0   2.53e-02
  0  0   2.80e-02
  0  0   3.19e-02
  0  0   3.69e-02
  0  0   4.34e-02
  0  0   5.15e-02
  0  0   6.09e-02
  0  0   7.22e-02
  0  0   8.66e-02
  1  7   3.68e-02
  0  0   3.68e-02
  0  0   3.69e-02
  0  0   3.69e-02
  0  0   3.70e-02
  0  0   3.72e-02
  0  0   3.74e-02
  0  0   3.77e-02
  0  0   3.83e-02
  0  0   3.91e-02
  0  0   4.04e-02
  0  0   4.22e-02
  0  0   4.46e-02
  0  0   4.74e-02
  0  0   5.07e-02
  0  0   5.60e-02
  0  0   6.39e-02
  0  0   7.39e-02
  0  0   8.69e-02
  0  0   1.03e-01
  0  0   1.22e-01
  0  0   1.45e-01
  0  0   1.73e-01
  1  8   1.72e-02
  0  0   1.72e-02
  0  0   1.72e-02
  0  0   1.72e-02
  0  0   1.72e-02
  0  0   1.71e-02
  0  0   1.71e-02
  0  0   1.70e-02
  0  0   1.69e-02
  0  0   1.67e-02
  0  0   1.65e-02
  0  0   1.61e-02
  0  0   1.55e-02
  0  0   1.47e-02
  0  0   1.36e-02
  0  0   1.26e-02
  0  0   1.20e-02
  0  0   1.18e-02
  0  0   1.15e-02
  0  0   1.14e-02
  0  0   1.16e-02
  0  0   1.21e-02
  0  0   1.25e-02
  1  9   2.58e-02
  0  0   2.58e-02
  0  0   2.58e-02
  0  0   2.58e-02
  0  0   2.57e-02
  0  0   2.57e-02
  0  0   2.56e-02
  0  0   2.55e-02
  0  0   2.54e-02
  0  0   2.51e-02
  0  0   2.47e-02
  0  0   2.41e-02
  0  0   2.32e-02
  0  0   2.20e-02
  0  0   2.05e-02
  0  0   1.90e-02
  0  0   1.80e-02
  0  0   1.76e-02
  0  0   1.72e-02
  0  0   1.71e-02
  0  0   1.74e-02
  0  0   1.81e-02
  0  0   1.88e-02
  2  5   4.40e-01
  0  0   4.40e-01
  0  0   4.41e-01
  0  0   4.42e-01
  0  0   4.43e-01
  0  0   4.45e-01
  0  0   4.49e-01
  0  0   4.55e-01
  0  0   4.64e-01
  0  0   4.79e-01
  0  0   5.01e-01
  0  0   5.35e-01
  0  0   5.87e-01
  0  0   6.63e-01
  0  0   7.70e-01
  0  0   9.12e-01
  0  0   1.08e+00
  0  0   1.27e+00
  0  0   1.45e+00
  0  0   1.64e+00
  0  0   1.86e+00
  0  0   2.08e+00
  0  0   2.26e+00
  2  6   5.80e-01
  0  0   5.80e-01
  0  0   5.80e-01
  0  0   5.81e-01
  0  0   5.81e-01
  0  0   5.81e-01
  0  0   5.82e-01
  0  0   5.83e-01
  0  0   5.85e-01
  0  0   5.88e-01
  0  0   5.93e-01
  0  0   6.01e-01
  0  0   6.17e-01
  0  0   6.48e-01
  0  0   7.10e-01
  0  0   8.28e-01
  0  0   1.02e+00
  0  0   1.31e+00
  0  0   1.70e+00
  0  0   2.20e+00
  0  0   2.80e+00
  0  0   3.51e+00
  0  0   4.29e+00
  2  7   1.15e+00
  0  0   1.15e+00
  0  0   1.15e+00
  0  0   1.15e+00
  0  0   1.15e+00
  0  0   1.15e+00
  0  0   1.16e+00
  0  0   1.16e+00
  0  0   1.16e+00
  0  0   1.17e+00
  0  0   1.18e+00
  0  0   1.20e+00
  0  0   1.24e+00
  0  0   1.30e+00
  0  0   1.42e+00
  0  0   1.65e+00
  0  0   2.04e+00
  0  0   2.62e+00
  0  0   3.41e+00
  0  0   4.40e+00
  0  0   5.61e+00
  0  0   7.00e+00
  0  0   8.54e+00
  2  8   6.14e-01
  0  0   6.14e-01
  0  0   6.14e-01
  0  0   6.15e-01
  0  0   6.16e-01
  0  0   6.18e-01
  0  0   6.20e-01
  0  0   6.25e-01
  0  0   6.31e-01
  0  0   6.41e-01
  0  0   6.57e-01
  0  0   6.82e-01
  0  0   7.21e-01
  0  0   7.81e-01
  0  0   8.76e-01
  0  0   1.03e+00
  0  0   1.26e+00
  0  0   1.53e+00
  0  0   1.80e+00
  0  0   2.10e+00
  0  0   2.41e+00
  0  0   2.69e+00
  0  0   2.91e+00
  2  9   9.20e-01
  0  0   9.21e-01
  0  0   9.21e-01
  0  0   9.22e-01
  0  0   9.24e-01
  0  0   9.27e-01
  0  0   9.31e-01
  0  0   9.37e-01
  0  0   9.47e-01
  0  0   9.62e-01
  0  0   9.86e-01
  0  0   1.02e+00
  0  0   1.08e+00
  0  0   1.17e+00
  0  0   1.31e+00
  0  0   1.55e+00
  0  0   1.89e+00
  0  0   2.30e+00
  0  0   2.71e+00
  0  0   3.15e+00
  0  0   3.62e+00
  0  0   4.04e+00
  0  0   4.36e+00
 0 0 0
 -1 -2   5.266e+02
  1  3   1.002e+10
  1  4   1.003e+10
  1  5   0.000e+00
  1  6   2.675e+09
  1  7   2.679e+09
  1  8   0.000e+00
  1  9   0.000e+00
  2  3   0.000e+00
  2  4   0.000e+00
  2  5   0.000e+00
  2  6   3.590e+08
  2  7   3.596e+08
  2  8   0.000e+00
  2  9   0.000e+00
  3  4   0.000e+00
  3  5   3.369e+07
  3  6   0.000e+00
  3  7   0.000e+00
  3  8   8.626e+08
  3  9   0.000e+00
  4  5   6.737e+07
  4  6   0.000e+00
  4  7   0.000e+00
  4  8   1.725e+08
  4  9   1.035e+09
  5  6   0.000e+00
  5  7   0.000e+00
  5  8   0.000e+00
  5  9   0.000e+00
  6  7   0.000e+00
  6  8   0.000e+00
  6  9   0.000e+00
  7  8   0.000e+00
  7  9   0.000e+00
  8  9   0.000e+00
  1  2        0.0
  2  2   329179.8
  3  2   329179.3
  4  4   329185.2
  5  2   390141.0
  6  2   390140.8
  7  4   390142.6
  8  4   390142.6
  9  6   390143.1
