 24
** Atomic data from version 6 of the CHIANTI database **
%observed energy levels: Fuhr et al, 1999, NIST Atomic Spectra Database Version 2.0
%produced as part of the Arcetri/Cambridge/NRL 'CHIANTI' atomic data base collaboration
%
%  Ken Dere  May 3 2001
%filename: h_1.wgfa
% observed energy levels: Fuhr et al, 1999, NIST Atomic Spectra Database Version 2.0,
%oscillator strengths: Wiese,W.L., Smith,M.W., Glennon,B.M., 1966, Atomic Transition Probabilities, NSRDS-NBS-4
% A values (1s-2s): Parpia,F.A., Johnson,W.R., 1982, Phys.Rev.A, 26, 1142.
%comment: Wavelengths have been calculated the original energy levels from NIST, that include more
          decimal figures than allowed by CHIANTI format.
%produced as part of the Arcetri/Cambridge/NRL 'CHIANTI' atomic data base collaboration
%
%  Ken Dere  May 2001

%filename: h_1.splups
%oscillator strengths: Wiese, W.L., Smith, M.W., Glennon, B.M., 1966, Atomic Transition Probabilities, NSRDS-NBS-4
%comment: oscillator strengths are hydrogenic f values
%collision strengths: Anderson,H., Ballance,C.P., Badnell,N.R., Summers,H.P., 2000, J. Phys. B, 33, 1255
%comment: fine structure collision assumes LS coupling or distribution according to statistical weights
%comment: effective collision strengths are accurate in the temperature range 3.75 < Log T < 5.45
%produced as part of the Arcetri/Cambridge/NRL 'CHIANTI' atomic data base collaboration
%
%  Ken Dere - May 2001
 9 23
  1  1s 2S1/2
  2  2s 2S1/2
  3  2p 2P1/2
  4  2p 2P3/2
  5  3s 2S1/2
  6  3p 2P1/2
  7  3p 2P3/2
  8  3d 2D3/2
  9  3d 2D5/2
     100.0
     158.5
     251.2
     398.1
     631.0
    1000.0
    1584.9
    2511.9
    3981.1
    6309.6
   10000.0
   15848.9
   25118.9
   39810.7
   63095.8
  100000.0
  158489.2
  251188.7
  398107.1
  630957.6
 1000000.0
 1584892.5
 2511887.0
0
  1  2   1.98e-01
  0  0   1.99e-01
  0  0   2.00e-01
  0  0   2.02e-01
  0  0   2.05e-01
  0  0   2.10e-01
  0  0   2.17e-01
  0  0   2.28e-01
  0  0   2.43e-01
  0  0   2.64e-01
  0  0   2.88e-01
  0  0   3.09e-01
  0  0   3.20e-01
  0  0   3.28e-01
  0  0   3.39e-01
  0  0   3.52e-01
  0  0   3.65e-01
  0  0   3.77e-01
  0  0   3.85e-01
  0  0   3.91e-01
  0  0   3.95e-01
  0  0   3.98e-01
  0  0   4.00e-01
  1  3   1.09e-01
  0  0   1.10e-01
  0  0   1.10e-01
  0  0   1.11e-01
  0  0   1.13e-01
  0  0   1.15e-01
  0  0   1.19e-01
  0  0   1.24e-01
  0  0   1.33e-01
  0  0   1.47e-01
  0  0   1.67e-01
  0  0   1.98e-01
  0  0   2.44e-01
  0  0   3.09e-01
  0  0   4.01e-01
  0  0   5.31e-01
  0  0   7.13e-01
  0  0   9.62e-01
  0  0   1.29e+00
  0  0   1.69e+00
  0  0   2.17e+00
  0  0   2.70e+00
  0  0   3.28e+00
  1  4   2.19e-01
  0  0   2.19e-01
  0  0   2.21e-01
  0  0   2.22e-01
  0  0   2.25e-01
  0  0   2.30e-01
  0  0   2.37e-01
  0  0   2.49e-01
  0  0   2.67e-01
  0  0   2.94e-01
  0  0   3.35e-01
  0  0   3.97e-01
  0  0   4.87e-01
  0  0   6.18e-01
  0  0   8.05e-01
  0  0   1.06e+00
  0  0   1.42e+00
  0  0   1.90e+00
  0  0   2.55e+00
  0  0   3.36e+00
  0  0   4.33e+00
  0  0   5.41e+00
  0  0   6.57e+00
  1  5   5.79e-02
  0  0   5.79e-02
  0  0   5.81e-02
  0  0   5.83e-02
  0  0   5.86e-02
  0  0   5.91e-02
  0  0   5.99e-02
  0  0   6.10e-02
  0  0   6.27e-02
  0  0   6.50e-02
  0  0   6.79e-02
  0  0   7.12e-02
  0  0   7.47e-02
  0  0   7.82e-02
  0  0   8.11e-02
  0  0   8.29e-02
  0  0   8.39e-02
  0  0   8.45e-02
  0  0   8.49e-02
  0  0   8.51e-02
  0  0   8.52e-02
  0  0   8.53e-02
  0  0   8.54e-02
  1  6   2.99e-02
  0  0   3.00e-02
  0  0   3.01e-02
  0  0   3.02e-02
  0  0   3.05e-02
  0  0   3.09e-02
  0  0   3.16e-02
  0  0   3.27e-02
  0  0   3.43e-02
  0  0   3.69e-02
  0  0   4.08e-02
  0  0   4.67e-02
  0  0   5.52e-02
  0  0   6.69e-02
  0  0   8.14e-02
  0  0   9.83e-02
  0  0   1.20e-01
  0  0   1.54e-01
  0  0   2.04e-01
  0  0   2.70e-01
  0  0   3.47e-01
  0  0   4.34e-01
  0  0   5.27e-01
  1  7   5.99e-02
  0  0   6.00e-02
  0  0   6.02e-02
  0  0   6.06e-02
  0  0   6.11e-02
  0  0   6.20e-02
  0  0   6.33e-02
  0  0   6.54e-02
  0  0   6.87e-02
  0  0   7.38e-02
  0  0   8.17e-02
  0  0   9.35e-02
  0  0   1.11e-01
  0  0   1.34e-01
  0  0   1.63e-01
  0  0   1.97e-01
  0  0   2.41e-01
  0  0   3.09e-01
  0  0   4.10e-01
  0  0   5.41e-01
  0  0   6.96e-01
  0  0   8.69e-01
  0  0   1.06e+00
  1  8   2.29e-02
  0  0   2.29e-02
  0  0   2.29e-02
  0  0   2.30e-02
  0  0   2.31e-02
  0  0   2.32e-02
  0  0   2.34e-02
  0  0   2.37e-02
  0  0   2.42e-02
  0  0   2.48e-02
  0  0   2.58e-02
  0  0   2.73e-02
  0  0   2.94e-02
  0  0   3.23e-02
  0  0   3.66e-02
  0  0   4.22e-02
  0  0   4.79e-02
  0  0   5.25e-02
  0  0   5.59e-02
  0  0   5.83e-02
  0  0   5.98e-02
  0  0   6.08e-02
  0  0   6.15e-02
  1  9   3.43e-02
  0  0   3.44e-02
  0  0   3.44e-02
  0  0   3.45e-02
  0  0   3.46e-02
  0  0   3.48e-02
  0  0   3.51e-02
  0  0   3.56e-02
  0  0   3.62e-02
  0  0   3.72e-02
  0  0   3.87e-02
  0  0   4.09e-02
  0  0   4.41e-02
  0  0   4.85e-02
  0  0   5.49e-02
  0  0   6.33e-02
  0  0   7.18e-02
  0  0   7.88e-02
  0  0   8.39e-02
  0  0   8.74e-02
  0  0   8.97e-02
  0  0   9.12e-02
  0  0   9.22e-02
  2  5   1.42e+00
  0  0   1.42e+00
  0  0   1.42e+00
  0  0   1.42e+00
  0  0   1.41e+00
  0  0   1.41e+00
  0  0   1.40e+00
  0  0   1.40e+00
  0  0   1.39e+00
  0  0   1.39e+00
  0  0   1.44e+00
  0  0   1.59e+00
  0  0   1.92e+00
  0  0   2.47e+00
  0  0   3.20e+00
  0  0   4.00e+00
  0  0   4.76e+00
  0  0   5.38e+00
  0  0   5.83e+00
  0  0   6.15e+00
  0  0   6.36e+00
  0  0   6.50e+00
  0  0   6.59e+00
  2  6   6.33e-01
  0  0   6.35e-01
  0  0   6.38e-01
  0  0   6.43e-01
  0  0   6.50e-01
  0  0   6.62e-01
  0  0   6.81e-01
  0  0   7.11e-01
  0  0   7.59e-01
  0  0   8.33e-01
  0  0   9.51e-01
  0  0   1.14e+00
  0  0   1.45e+00
  0  0   1.95e+00
  0  0   2.77e+00
  0  0   4.06e+00
  0  0   5.91e+00
  0  0   8.33e+00
  0  0   1.12e+01
  0  0   1.44e+01
  0  0   1.78e+01
  0  0   2.13e+01
  0  0   2.50e+01
  2  7   1.27e+00
  0  0   1.27e+00
  0  0   1.28e+00
  0  0   1.29e+00
  0  0   1.30e+00
  0  0   1.33e+00
  0  0   1.36e+00
  0  0   1.42e+00
  0  0   1.52e+00
  0  0   1.67e+00
  0  0   1.91e+00
  0  0   2.29e+00
  0  0   2.91e+00
  0  0   3.92e+00
  0  0   5.56e+00
  0  0   8.12e+00
  0  0   1.18e+01
  0  0   1.67e+01
  0  0   2.24e+01
  0  0   2.88e+01
  0  0   3.56e+01
  0  0   4.27e+01
  0  0   5.00e+01
  2  8   3.38e-01
  0  0   3.43e-01
  0  0   3.52e-01
  0  0   3.66e-01
  0  0   3.88e-01
  0  0   4.22e-01
  0  0   4.74e-01
  0  0   5.55e-01
  0  0   6.77e-01
  0  0   8.59e-01
  0  0   1.13e+00
  0  0   1.52e+00
  0  0   2.10e+00
  0  0   2.90e+00
  0  0   3.92e+00
  0  0   5.04e+00
  0  0   6.10e+00
  0  0   6.97e+00
  0  0   7.61e+00
  0  0   8.06e+00
  0  0   8.36e+00
  0  0   8.56e+00
  0  0   8.68e+00
  2  9   5.07e-01
  0  0   5.15e-01
  0  0   5.28e-01
  0  0   5.49e-01
  0  0   5.82e-01
  0  0   6.33e-01
  0  0   7.11e-01
  0  0   8.32e-01
  0  0   1.02e+00
  0  0   1.29e+00
  0  0   1.69e+00
  0  0   2.28e+00
  0  0   3.14e+00
  0  0   4.35e+00
  0  0   5.88e+00
  0  0   7.55e+00
  0  0   9.15e+00
  0  0   1.05e+01
  0  0   1.14e+01
  0  0   1.21e+01
  0  0   1.25e+01
  0  0   1.28e+01
  0  0   1.30e+01
  3  5   7.09e-01
  0  0   7.09e-01
  0  0   7.09e-01
  0  0   7.10e-01
  0  0   7.10e-01
  0  0   7.11e-01
  0  0   7.12e-01
  0  0   7.14e-01
  0  0   7.16e-01
  0  0   7.20e-01
  0  0   7.25e-01
  0  0   7.31e-01
  0  0   7.40e-01
  0  0   7.56e-01
  0  0   7.87e-01
  0  0   8.49e-01
  0  0   9.56e-01
  0  0   1.12e+00
  0  0   1.33e+00
  0  0   1.59e+00
  0  0   1.87e+00
  0  0   2.18e+00
  0  0   2.50e+00
  3  6   3.85e+00
  0  0   3.85e+00
  0  0   3.86e+00
  0  0   3.87e+00
  0  0   3.89e+00
  0  0   3.93e+00
  0  0   3.98e+00
  0  0   4.05e+00
  0  0   4.17e+00
  0  0   4.35e+00
  0  0   4.62e+00
  0  0   5.05e+00
  0  0   5.73e+00
  0  0   6.78e+00
  0  0   8.19e+00
  0  0   9.76e+00
  0  0   1.13e+01
  0  0   1.25e+01
  0  0   1.34e+01
  0  0   1.40e+01
  0  0   1.44e+01
  0  0   1.47e+01
  0  0   1.49e+01
  3  7   6.41e-01
  0  0   6.42e-01
  0  0   6.44e-01
  0  0   6.46e-01
  0  0   6.49e-01
  0  0   6.55e-01
  0  0   6.63e-01
  0  0   6.75e-01
  0  0   6.95e-01
  0  0   7.25e-01
  0  0   7.70e-01
  0  0   8.41e-01
  0  0   9.55e-01
  0  0   1.13e+00
  0  0   1.36e+00
  0  0   1.63e+00
  0  0   1.88e+00
  0  0   2.08e+00
  0  0   2.23e+00
  0  0   2.33e+00
  0  0   2.40e+00
  0  0   2.45e+00
  0  0   2.48e+00
  3  8   2.42e+00
  0  0   2.44e+00
  0  0   2.47e+00
  0  0   2.52e+00
  0  0   2.60e+00
  0  0   2.73e+00
  0  0   2.94e+00
  0  0   3.25e+00
  0  0   3.74e+00
  0  0   4.49e+00
  0  0   5.62e+00
  0  0   7.32e+00
  0  0   9.83e+00
  0  0   1.37e+01
  0  0   1.99e+01
  0  0   2.92e+01
  0  0   4.14e+01
  0  0   5.57e+01
  0  0   7.15e+01
  0  0   8.83e+01
  0  0   1.06e+02
  0  0   1.23e+02
  0  0   1.41e+02
  4  5   1.38e+00
  0  0   1.38e+00
  0  0   1.38e+00
  0  0   1.38e+00
  0  0   1.39e+00
  0  0   1.39e+00
  0  0   1.39e+00
  0  0   1.40e+00
  0  0   1.41e+00
  0  0   1.43e+00
  0  0   1.45e+00
  0  0   1.47e+00
  0  0   1.49e+00
  0  0   1.51e+00
  0  0   1.57e+00
  0  0   1.70e+00
  0  0   1.92e+00
  0  0   2.24e+00
  0  0   2.66e+00
  0  0   3.16e+00
  0  0   3.73e+00
  0  0   4.34e+00
  0  0   4.98e+00
  4  6   6.41e-01
  0  0   6.42e-01
  0  0   6.44e-01
  0  0   6.46e-01
  0  0   6.49e-01
  0  0   6.55e-01
  0  0   6.63e-01
  0  0   6.75e-01
  0  0   6.95e-01
  0  0   7.25e-01
  0  0   7.70e-01
  0  0   8.41e-01
  0  0   9.55e-01
  0  0   1.13e+00
  0  0   1.36e+00
  0  0   1.63e+00
  0  0   1.88e+00
  0  0   2.08e+00
  0  0   2.23e+00
  0  0   2.33e+00
  0  0   2.40e+00
  0  0   2.45e+00
  0  0   2.48e+00
  4  7   7.70e+00
  0  0   7.71e+00
  0  0   7.72e+00
  0  0   7.75e+00
  0  0   7.79e+00
  0  0   7.85e+00
  0  0   7.95e+00
  0  0   8.11e+00
  0  0   8.34e+00
  0  0   8.69e+00
  0  0   9.24e+00
  0  0   1.01e+01
  0  0   1.15e+01
  0  0   1.36e+01
  0  0   1.64e+01
  0  0   1.95e+01
  0  0   2.25e+01
  0  0   2.49e+01
  0  0   2.67e+01
  0  0   2.80e+01
  0  0   2.88e+01
  0  0   2.94e+01
  0  0   2.97e+01
  4  8   4.85e-01
  0  0   4.89e-01
  0  0   4.96e-01
  0  0   5.06e-01
  0  0   5.23e-01
  0  0   5.49e-01
  0  0   5.90e-01
  0  0   6.54e-01
  0  0   7.52e-01
  0  0   9.03e-01
  0  0   1.13e+00
  0  0   1.47e+00
  0  0   1.98e+00
  0  0   2.77e+00
  0  0   4.01e+00
  0  0   5.88e+00
  0  0   8.33e+00
  0  0   1.12e+01
  0  0   1.44e+01
  0  0   1.77e+01
  0  0   2.12e+01
  0  0   2.48e+01
  0  0   2.84e+01
  4  9   4.35e+00
  0  0   4.39e+00
  0  0   4.45e+00
  0  0   4.54e+00
  0  0   4.69e+00
  0  0   4.92e+00
  0  0   5.29e+00
  0  0   5.86e+00
  0  0   6.74e+00
  0  0   8.08e+00
  0  0   1.01e+01
  0  0   1.32e+01
  0  0   1.77e+01
  0  0   2.48e+01
  0  0   3.60e+01
  0  0   5.26e+01
  0  0   7.46e+01
  0  0   1.00e+02
  0  0   1.29e+02
  0  0   1.59e+02
  0  0   1.90e+02
  0  0   2.22e+02
  0  0   2.55e+02
 0 0 0
  1  2   2.496e-06
 -1 -2   8.229e+00
  1  3   6.260e+08
  1  4   6.260e+08
  1  5   0.000e+00
  1  6   1.670e+08
  1  7   1.670e+08
  1  8   0.000e+00
  1  9   0.000e+00
  2  3   0.000e+00
  2  4   0.000e+00
  2  5   0.000e+00
  2  6   2.240e+07
  2  7   2.240e+07
  2  8   0.000e+00
  2  9   0.000e+00
  3  4   0.000e+00
  3  5   2.100e+06
  3  6   0.000e+00
  3  7   0.000e+00
  3  8   5.390e+07
  3  9   0.000e+00
  4  5   4.210e+06
  4  6   0.000e+00
  4  7   0.000e+00
  4  8   1.080e+07
  4  9   6.460e+07
  5  6   0.000e+00
  5  7   0.000e+00
  5  8   0.000e+00
  5  9   0.000e+00
  6  7   0.000e+00
  6  8   0.000e+00
  6  9   0.000e+00
  7  8   0.000e+00
  7  9   0.000e+00
  8  9   0.000e+00
  1  2        0.0
  2  2    82259.0
  3  2    82258.9
  4  4    82259.3
  5  2    97492.2
  6  2    97492.2
  7  4    97492.3
  8  4    97492.3
  9  6    97492.4
