 22
** Atomic data from version 6 of the CHIANTI database **
%Experimental energy levels: Edlen, B., 1983, Phys. Scr., 28, 51
%Theoretical energy levels: Landi, E. 2005, A&A, 434, 365
%produced as part of the Arcetri/Cambridge/NRL 'CHIANTI' atomic data base collaboration
%
% E. Landi - Apr 2003
%filename: k_12.wgfa
%observed energy levels: Edlen, B., 1983, Phys. Scr., 28, 51
%Radiative data allowed transitions: Landi, E. 2005, A&A, 434, 365
%Radiative data transition within the ground configuration: Tachiev, G.I., Froese Fischer, C., 2002, A&A. 385, 716
%Radiative data 3-4 and 4-5 transitions: Froese Fischer, C., Saha, H.P., 1983, Phys. Rev. A., 28, 3169
% Comment: A values for transitions 3-4 and 4-5 have been corrected to account for observed level energies.
%produced as part of the Arcetri/Cambridge/NRL 'CHIANTI' atomic data base collaboration
%
% E. Landi - Apr 2003

%filename: k_12.splups
%Oscillator strengths: Zhang, H.L., Sampson, D.H., 2002, ADNDT, 82, 357
%Collision strengths: Zhang, H.L., Sampson, D.H., 2002, ADNDT, 82, 357
%produced as part of the Arcetri/Cambridge/NRL 'CHIANTI' atomic data base collaboration
%
% Enrico Landi - Mar 2003
 9 23
  1  2s2.2p4 3P2
  2  2s2.2p4 3P1
  3  2s2.2p4 3P0
  4  2s2.2p4 1D2
  5  2s2.2p4 1S0
  6  2s.2p5 3P2
  7  2s.2p5 3P1
  8  2s.2p5 3P0
  9  2s.2p5 1P1
     100.0
     158.5
     251.2
     398.1
     631.0
    1000.0
    1584.9
    2511.9
    3981.1
    6309.6
   10000.0
   15848.9
   25118.9
   39810.7
   63095.8
  100000.0
  158489.2
  251188.7
  398107.1
  630957.6
 1000000.0
 1584892.5
 2511887.0
0
  1  2   1.27e-01
  0  0   1.27e-01
  0  0   1.27e-01
  0  0   1.27e-01
  0  0   1.27e-01
  0  0   1.27e-01
  0  0   1.27e-01
  0  0   1.27e-01
  0  0   1.27e-01
  0  0   1.27e-01
  0  0   1.27e-01
  0  0   1.27e-01
  0  0   1.27e-01
  0  0   1.27e-01
  0  0   1.26e-01
  0  0   1.26e-01
  0  0   1.25e-01
  0  0   1.23e-01
  0  0   1.21e-01
  0  0   1.17e-01
  0  0   1.13e-01
  0  0   1.06e-01
  0  0   9.81e-02
  1  3   2.83e-02
  0  0   2.83e-02
  0  0   2.83e-02
  0  0   2.83e-02
  0  0   2.83e-02
  0  0   2.83e-02
  0  0   2.83e-02
  0  0   2.83e-02
  0  0   2.83e-02
  0  0   2.83e-02
  0  0   2.83e-02
  0  0   2.83e-02
  0  0   2.82e-02
  0  0   2.82e-02
  0  0   2.81e-02
  0  0   2.80e-02
  0  0   2.79e-02
  0  0   2.77e-02
  0  0   2.74e-02
  0  0   2.68e-02
  0  0   2.61e-02
  0  0   2.51e-02
  0  0   2.40e-02
  1  4   1.52e-01
  0  0   1.52e-01
  0  0   1.52e-01
  0  0   1.52e-01
  0  0   1.52e-01
  0  0   1.52e-01
  0  0   1.52e-01
  0  0   1.52e-01
  0  0   1.52e-01
  0  0   1.52e-01
  0  0   1.52e-01
  0  0   1.51e-01
  0  0   1.51e-01
  0  0   1.51e-01
  0  0   1.50e-01
  0  0   1.49e-01
  0  0   1.48e-01
  0  0   1.45e-01
  0  0   1.42e-01
  0  0   1.37e-01
  0  0   1.29e-01
  0  0   1.18e-01
  0  0   1.05e-01
  1  5   1.93e-02
  0  0   1.93e-02
  0  0   1.93e-02
  0  0   1.93e-02
  0  0   1.93e-02
  0  0   1.93e-02
  0  0   1.93e-02
  0  0   1.93e-02
  0  0   1.93e-02
  0  0   1.93e-02
  0  0   1.93e-02
  0  0   1.93e-02
  0  0   1.93e-02
  0  0   1.92e-02
  0  0   1.91e-02
  0  0   1.90e-02
  0  0   1.87e-02
  0  0   1.84e-02
  0  0   1.79e-02
  0  0   1.71e-02
  0  0   1.61e-02
  0  0   1.46e-02
  0  0   1.28e-02
  1  6   9.93e-01
  0  0   9.93e-01
  0  0   9.93e-01
  0  0   9.93e-01
  0  0   9.93e-01
  0  0   9.93e-01
  0  0   9.93e-01
  0  0   9.93e-01
  0  0   9.94e-01
  0  0   9.94e-01
  0  0   9.95e-01
  0  0   9.96e-01
  0  0   9.98e-01
  0  0   1.00e+00
  0  0   1.01e+00
  0  0   1.01e+00
  0  0   1.02e+00
  0  0   1.04e+00
  0  0   1.06e+00
  0  0   1.09e+00
  0  0   1.14e+00
  0  0   1.19e+00
  0  0   1.26e+00
  1  7   3.36e-01
  0  0   3.36e-01
  0  0   3.36e-01
  0  0   3.36e-01
  0  0   3.36e-01
  0  0   3.36e-01
  0  0   3.36e-01
  0  0   3.36e-01
  0  0   3.36e-01
  0  0   3.36e-01
  0  0   3.37e-01
  0  0   3.37e-01
  0  0   3.38e-01
  0  0   3.39e-01
  0  0   3.40e-01
  0  0   3.42e-01
  0  0   3.46e-01
  0  0   3.51e-01
  0  0   3.59e-01
  0  0   3.70e-01
  0  0   3.85e-01
  0  0   4.03e-01
  0  0   4.26e-01
  1  8   1.88e-03
  0  0   1.88e-03
  0  0   1.88e-03
  0  0   1.88e-03
  0  0   1.88e-03
  0  0   1.88e-03
  0  0   1.88e-03
  0  0   1.88e-03
  0  0   1.88e-03
  0  0   1.88e-03
  0  0   1.88e-03
  0  0   1.88e-03
  0  0   1.87e-03
  0  0   1.87e-03
  0  0   1.87e-03
  0  0   1.86e-03
  0  0   1.84e-03
  0  0   1.82e-03
  0  0   1.79e-03
  0  0   1.74e-03
  0  0   1.67e-03
  0  0   1.57e-03
  0  0   1.43e-03
  1  9   3.34e-02
  0  0   3.34e-02
  0  0   3.34e-02
  0  0   3.34e-02
  0  0   3.34e-02
  0  0   3.34e-02
  0  0   3.34e-02
  0  0   3.34e-02
  0  0   3.34e-02
  0  0   3.34e-02
  0  0   3.34e-02
  0  0   3.34e-02
  0  0   3.34e-02
  0  0   3.34e-02
  0  0   3.34e-02
  0  0   3.34e-02
  0  0   3.34e-02
  0  0   3.33e-02
  0  0   3.33e-02
  0  0   3.33e-02
  0  0   3.32e-02
  0  0   3.31e-02
  0  0   3.30e-02
  2  3   5.41e-02
  0  0   5.41e-02
  0  0   5.41e-02
  0  0   5.41e-02
  0  0   5.41e-02
  0  0   5.41e-02
  0  0   5.40e-02
  0  0   5.40e-02
  0  0   5.40e-02
  0  0   5.40e-02
  0  0   5.40e-02
  0  0   5.39e-02
  0  0   5.38e-02
  0  0   5.37e-02
  0  0   5.35e-02
  0  0   5.32e-02
  0  0   5.26e-02
  0  0   5.18e-02
  0  0   5.06e-02
  0  0   4.88e-02
  0  0   4.61e-02
  0  0   4.25e-02
  0  0   3.79e-02
  2  4   1.05e-01
  0  0   1.05e-01
  0  0   1.05e-01
  0  0   1.05e-01
  0  0   1.05e-01
  0  0   1.05e-01
  0  0   1.05e-01
  0  0   1.05e-01
  0  0   1.05e-01
  0  0   1.05e-01
  0  0   1.05e-01
  0  0   1.05e-01
  0  0   1.05e-01
  0  0   1.04e-01
  0  0   1.04e-01
  0  0   1.03e-01
  0  0   1.02e-01
  0  0   1.00e-01
  0  0   9.78e-02
  0  0   9.40e-02
  0  0   8.85e-02
  0  0   8.10e-02
  0  0   7.18e-02
  2  5   1.71e-02
  0  0   1.71e-02
  0  0   1.71e-02
  0  0   1.71e-02
  0  0   1.71e-02
  0  0   1.71e-02
  0  0   1.71e-02
  0  0   1.71e-02
  0  0   1.71e-02
  0  0   1.71e-02
  0  0   1.71e-02
  0  0   1.70e-02
  0  0   1.70e-02
  0  0   1.70e-02
  0  0   1.69e-02
  0  0   1.68e-02
  0  0   1.66e-02
  0  0   1.63e-02
  0  0   1.58e-02
  0  0   1.52e-02
  0  0   1.42e-02
  0  0   1.29e-02
  0  0   1.13e-02
  2  6   3.38e-01
  0  0   3.38e-01
  0  0   3.38e-01
  0  0   3.38e-01
  0  0   3.38e-01
  0  0   3.38e-01
  0  0   3.38e-01
  0  0   3.38e-01
  0  0   3.38e-01
  0  0   3.38e-01
  0  0   3.39e-01
  0  0   3.39e-01
  0  0   3.40e-01
  0  0   3.41e-01
  0  0   3.42e-01
  0  0   3.45e-01
  0  0   3.49e-01
  0  0   3.54e-01
  0  0   3.62e-01
  0  0   3.74e-01
  0  0   3.88e-01
  0  0   4.07e-01
  0  0   4.30e-01
  2  7   2.05e-01
  0  0   2.05e-01
  0  0   2.05e-01
  0  0   2.05e-01
  0  0   2.05e-01
  0  0   2.05e-01
  0  0   2.05e-01
  0  0   2.06e-01
  0  0   2.06e-01
  0  0   2.06e-01
  0  0   2.06e-01
  0  0   2.06e-01
  0  0   2.06e-01
  0  0   2.07e-01
  0  0   2.08e-01
  0  0   2.09e-01
  0  0   2.12e-01
  0  0   2.15e-01
  0  0   2.20e-01
  0  0   2.26e-01
  0  0   2.35e-01
  0  0   2.46e-01
  0  0   2.59e-01
  2  8   2.64e-01
  0  0   2.64e-01
  0  0   2.64e-01
  0  0   2.64e-01
  0  0   2.64e-01
  0  0   2.64e-01
  0  0   2.64e-01
  0  0   2.64e-01
  0  0   2.64e-01
  0  0   2.64e-01
  0  0   2.64e-01
  0  0   2.65e-01
  0  0   2.65e-01
  0  0   2.66e-01
  0  0   2.67e-01
  0  0   2.69e-01
  0  0   2.72e-01
  0  0   2.76e-01
  0  0   2.83e-01
  0  0   2.91e-01
  0  0   3.03e-01
  0  0   3.18e-01
  0  0   3.37e-01
  2  9   1.16e-02
  0  0   1.16e-02
  0  0   1.16e-02
  0  0   1.16e-02
  0  0   1.16e-02
  0  0   1.16e-02
  0  0   1.16e-02
  0  0   1.16e-02
  0  0   1.16e-02
  0  0   1.16e-02
  0  0   1.16e-02
  0  0   1.16e-02
  0  0   1.16e-02
  0  0   1.16e-02
  0  0   1.15e-02
  0  0   1.15e-02
  0  0   1.14e-02
  0  0   1.13e-02
  0  0   1.11e-02
  0  0   1.09e-02
  0  0   1.05e-02
  0  0   9.93e-03
  0  0   9.16e-03
  3  4   3.47e-02
  0  0   3.47e-02
  0  0   3.47e-02
  0  0   3.47e-02
  0  0   3.47e-02
  0  0   3.47e-02
  0  0   3.47e-02
  0  0   3.47e-02
  0  0   3.47e-02
  0  0   3.46e-02
  0  0   3.46e-02
  0  0   3.46e-02
  0  0   3.45e-02
  0  0   3.44e-02
  0  0   3.43e-02
  0  0   3.41e-02
  0  0   3.37e-02
  0  0   3.32e-02
  0  0   3.24e-02
  0  0   3.11e-02
  0  0   2.94e-02
  0  0   2.70e-02
  0  0   2.40e-02
  3  5   5.52e-03
  0  0   5.52e-03
  0  0   5.52e-03
  0  0   5.52e-03
  0  0   5.52e-03
  0  0   5.52e-03
  0  0   5.52e-03
  0  0   5.52e-03
  0  0   5.51e-03
  0  0   5.51e-03
  0  0   5.51e-03
  0  0   5.50e-03
  0  0   5.49e-03
  0  0   5.47e-03
  0  0   5.44e-03
  0  0   5.40e-03
  0  0   5.34e-03
  0  0   5.23e-03
  0  0   5.08e-03
  0  0   4.85e-03
  0  0   4.53e-03
  0  0   4.10e-03
  0  0   3.59e-03
  3  6   4.89e-03
  0  0   4.89e-03
  0  0   4.89e-03
  0  0   4.89e-03
  0  0   4.89e-03
  0  0   4.89e-03
  0  0   4.89e-03
  0  0   4.89e-03
  0  0   4.89e-03
  0  0   4.89e-03
  0  0   4.89e-03
  0  0   4.88e-03
  0  0   4.88e-03
  0  0   4.87e-03
  0  0   4.86e-03
  0  0   4.83e-03
  0  0   4.80e-03
  0  0   4.75e-03
  0  0   4.67e-03
  0  0   4.54e-03
  0  0   4.36e-03
  0  0   4.09e-03
  0  0   3.73e-03
  3  7   2.59e-01
  0  0   2.59e-01
  0  0   2.59e-01
  0  0   2.59e-01
  0  0   2.59e-01
  0  0   2.59e-01
  0  0   2.59e-01
  0  0   2.59e-01
  0  0   2.59e-01
  0  0   2.59e-01
  0  0   2.59e-01
  0  0   2.59e-01
  0  0   2.60e-01
  0  0   2.61e-01
  0  0   2.62e-01
  0  0   2.64e-01
  0  0   2.67e-01
  0  0   2.71e-01
  0  0   2.77e-01
  0  0   2.86e-01
  0  0   2.98e-01
  0  0   3.13e-01
  0  0   3.31e-01
  3  8   1.71e-03
  0  0   1.71e-03
  0  0   1.71e-03
  0  0   1.71e-03
  0  0   1.71e-03
  0  0   1.71e-03
  0  0   1.71e-03
  0  0   1.71e-03
  0  0   1.71e-03
  0  0   1.71e-03
  0  0   1.71e-03
  0  0   1.71e-03
  0  0   1.71e-03
  0  0   1.70e-03
  0  0   1.70e-03
  0  0   1.69e-03
  0  0   1.68e-03
  0  0   1.66e-03
  0  0   1.63e-03
  0  0   1.59e-03
  0  0   1.52e-03
  0  0   1.43e-03
  0  0   1.30e-03
  3  9   5.09e-03
  0  0   5.09e-03
  0  0   5.09e-03
  0  0   5.09e-03
  0  0   5.09e-03
  0  0   5.09e-03
  0  0   5.09e-03
  0  0   5.09e-03
  0  0   5.09e-03
  0  0   5.09e-03
  0  0   5.09e-03
  0  0   5.09e-03
  0  0   5.08e-03
  0  0   5.08e-03
  0  0   5.07e-03
  0  0   5.06e-03
  0  0   5.05e-03
  0  0   5.02e-03
  0  0   4.98e-03
  0  0   4.92e-03
  0  0   4.84e-03
  0  0   4.71e-03
  0  0   4.54e-03
  4  5   4.47e-02
  0  0   4.47e-02
  0  0   4.47e-02
  0  0   4.47e-02
  0  0   4.47e-02
  0  0   4.47e-02
  0  0   4.47e-02
  0  0   4.47e-02
  0  0   4.47e-02
  0  0   4.47e-02
  0  0   4.47e-02
  0  0   4.47e-02
  0  0   4.47e-02
  0  0   4.47e-02
  0  0   4.48e-02
  0  0   4.48e-02
  0  0   4.49e-02
  0  0   4.50e-02
  0  0   4.53e-02
  0  0   4.56e-02
  0  0   4.62e-02
  0  0   4.70e-02
  0  0   4.82e-02
  4  6   4.95e-02
  0  0   4.95e-02
  0  0   4.95e-02
  0  0   4.95e-02
  0  0   4.95e-02
  0  0   4.95e-02
  0  0   4.95e-02
  0  0   4.95e-02
  0  0   4.95e-02
  0  0   4.95e-02
  0  0   4.95e-02
  0  0   4.95e-02
  0  0   4.95e-02
  0  0   4.95e-02
  0  0   4.95e-02
  0  0   4.94e-02
  0  0   4.94e-02
  0  0   4.93e-02
  0  0   4.92e-02
  0  0   4.90e-02
  0  0   4.87e-02
  0  0   4.83e-02
  0  0   4.78e-02
  4  7   2.03e-02
  0  0   2.03e-02
  0  0   2.03e-02
  0  0   2.03e-02
  0  0   2.03e-02
  0  0   2.03e-02
  0  0   2.03e-02
  0  0   2.03e-02
  0  0   2.03e-02
  0  0   2.03e-02
  0  0   2.03e-02
  0  0   2.03e-02
  0  0   2.02e-02
  0  0   2.02e-02
  0  0   2.02e-02
  0  0   2.01e-02
  0  0   1.99e-02
  0  0   1.97e-02
  0  0   1.94e-02
  0  0   1.89e-02
  0  0   1.82e-02
  0  0   1.72e-02
  0  0   1.57e-02
  4  8   7.27e-03
  0  0   7.27e-03
  0  0   7.27e-03
  0  0   7.27e-03
  0  0   7.27e-03
  0  0   7.27e-03
  0  0   7.27e-03
  0  0   7.26e-03
  0  0   7.26e-03
  0  0   7.26e-03
  0  0   7.26e-03
  0  0   7.25e-03
  0  0   7.24e-03
  0  0   7.23e-03
  0  0   7.21e-03
  0  0   7.18e-03
  0  0   7.12e-03
  0  0   7.04e-03
  0  0   6.92e-03
  0  0   6.73e-03
  0  0   6.45e-03
  0  0   6.05e-03
  0  0   5.51e-03
  4  9   1.19e+00
  0  0   1.19e+00
  0  0   1.19e+00
  0  0   1.19e+00
  0  0   1.19e+00
  0  0   1.19e+00
  0  0   1.19e+00
  0  0   1.19e+00
  0  0   1.19e+00
  0  0   1.19e+00
  0  0   1.20e+00
  0  0   1.20e+00
  0  0   1.20e+00
  0  0   1.20e+00
  0  0   1.21e+00
  0  0   1.21e+00
  0  0   1.22e+00
  0  0   1.24e+00
  0  0   1.27e+00
  0  0   1.30e+00
  0  0   1.35e+00
  0  0   1.42e+00
  0  0   1.50e+00
  5  6   6.79e-03
  0  0   6.79e-03
  0  0   6.79e-03
  0  0   6.79e-03
  0  0   6.79e-03
  0  0   6.79e-03
  0  0   6.79e-03
  0  0   6.79e-03
  0  0   6.79e-03
  0  0   6.78e-03
  0  0   6.78e-03
  0  0   6.78e-03
  0  0   6.77e-03
  0  0   6.76e-03
  0  0   6.74e-03
  0  0   6.71e-03
  0  0   6.66e-03
  0  0   6.59e-03
  0  0   6.48e-03
  0  0   6.31e-03
  0  0   6.05e-03
  0  0   5.69e-03
  0  0   5.20e-03
  5  7   1.16e-02
  0  0   1.16e-02
  0  0   1.16e-02
  0  0   1.16e-02
  0  0   1.16e-02
  0  0   1.16e-02
  0  0   1.16e-02
  0  0   1.16e-02
  0  0   1.16e-02
  0  0   1.16e-02
  0  0   1.16e-02
  0  0   1.16e-02
  0  0   1.16e-02
  0  0   1.16e-02
  0  0   1.16e-02
  0  0   1.16e-02
  0  0   1.16e-02
  0  0   1.16e-02
  0  0   1.16e-02
  0  0   1.15e-02
  0  0   1.15e-02
  0  0   1.14e-02
  0  0   1.13e-02
  5  8   2.42e-03
  0  0   2.42e-03
  0  0   2.42e-03
  0  0   2.42e-03
  0  0   2.42e-03
  0  0   2.42e-03
  0  0   2.42e-03
  0  0   2.42e-03
  0  0   2.42e-03
  0  0   2.42e-03
  0  0   2.42e-03
  0  0   2.42e-03
  0  0   2.41e-03
  0  0   2.41e-03
  0  0   2.40e-03
  0  0   2.39e-03
  0  0   2.38e-03
  0  0   2.35e-03
  0  0   2.31e-03
  0  0   2.25e-03
  0  0   2.16e-03
  0  0   2.03e-03
  0  0   1.86e-03
  5  9   1.27e-01
  0  0   1.27e-01
  0  0   1.27e-01
  0  0   1.27e-01
  0  0   1.27e-01
  0  0   1.27e-01
  0  0   1.27e-01
  0  0   1.27e-01
  0  0   1.27e-01
  0  0   1.27e-01
  0  0   1.27e-01
  0  0   1.27e-01
  0  0   1.27e-01
  0  0   1.28e-01
  0  0   1.28e-01
  0  0   1.29e-01
  0  0   1.30e-01
  0  0   1.32e-01
  0  0   1.35e-01
  0  0   1.39e-01
  0  0   1.45e-01
  0  0   1.52e-01
  0  0   1.61e-01
  6  7   1.30e-01
  0  0   1.30e-01
  0  0   1.30e-01
  0  0   1.30e-01
  0  0   1.30e-01
  0  0   1.30e-01
  0  0   1.30e-01
  0  0   1.30e-01
  0  0   1.30e-01
  0  0   1.30e-01
  0  0   1.30e-01
  0  0   1.30e-01
  0  0   1.30e-01
  0  0   1.30e-01
  0  0   1.29e-01
  0  0   1.29e-01
  0  0   1.28e-01
  0  0   1.26e-01
  0  0   1.24e-01
  0  0   1.20e-01
  0  0   1.16e-01
  0  0   1.09e-01
  0  0   1.01e-01
  6  8   2.75e-02
  0  0   2.75e-02
  0  0   2.75e-02
  0  0   2.75e-02
  0  0   2.75e-02
  0  0   2.75e-02
  0  0   2.75e-02
  0  0   2.75e-02
  0  0   2.75e-02
  0  0   2.75e-02
  0  0   2.75e-02
  0  0   2.75e-02
  0  0   2.75e-02
  0  0   2.74e-02
  0  0   2.74e-02
  0  0   2.73e-02
  0  0   2.72e-02
  0  0   2.70e-02
  0  0   2.67e-02
  0  0   2.63e-02
  0  0   2.56e-02
  0  0   2.47e-02
  0  0   2.35e-02
  6  9   6.22e-02
  0  0   6.22e-02
  0  0   6.22e-02
  0  0   6.22e-02
  0  0   6.22e-02
  0  0   6.22e-02
  0  0   6.22e-02
  0  0   6.21e-02
  0  0   6.21e-02
  0  0   6.21e-02
  0  0   6.21e-02
  0  0   6.20e-02
  0  0   6.19e-02
  0  0   6.17e-02
  0  0   6.15e-02
  0  0   6.10e-02
  0  0   6.04e-02
  0  0   5.94e-02
  0  0   5.79e-02
  0  0   5.56e-02
  0  0   5.23e-02
  0  0   4.79e-02
  0  0   4.24e-02
  7  8   5.46e-02
  0  0   5.46e-02
  0  0   5.46e-02
  0  0   5.46e-02
  0  0   5.46e-02
  0  0   5.46e-02
  0  0   5.46e-02
  0  0   5.46e-02
  0  0   5.45e-02
  0  0   5.45e-02
  0  0   5.45e-02
  0  0   5.44e-02
  0  0   5.43e-02
  0  0   5.42e-02
  0  0   5.40e-02
  0  0   5.36e-02
  0  0   5.31e-02
  0  0   5.23e-02
  0  0   5.10e-02
  0  0   4.92e-02
  0  0   4.65e-02
  0  0   4.27e-02
  0  0   3.81e-02
  7  9   3.87e-02
  0  0   3.87e-02
  0  0   3.87e-02
  0  0   3.87e-02
  0  0   3.87e-02
  0  0   3.87e-02
  0  0   3.87e-02
  0  0   3.87e-02
  0  0   3.87e-02
  0  0   3.86e-02
  0  0   3.86e-02
  0  0   3.86e-02
  0  0   3.85e-02
  0  0   3.84e-02
  0  0   3.82e-02
  0  0   3.80e-02
  0  0   3.76e-02
  0  0   3.70e-02
  0  0   3.60e-02
  0  0   3.46e-02
  0  0   3.26e-02
  0  0   2.98e-02
  0  0   2.64e-02
  8  9   1.34e-02
  0  0   1.34e-02
  0  0   1.34e-02
  0  0   1.34e-02
  0  0   1.34e-02
  0  0   1.34e-02
  0  0   1.34e-02
  0  0   1.34e-02
  0  0   1.34e-02
  0  0   1.34e-02
  0  0   1.34e-02
  0  0   1.33e-02
  0  0   1.33e-02
  0  0   1.33e-02
  0  0   1.32e-02
  0  0   1.31e-02
  0  0   1.30e-02
  0  0   1.28e-02
  0  0   1.24e-02
  0  0   1.19e-02
  0  0   1.12e-02
  0  0   1.02e-02
  0  0   9.02e-03
 0 0 0
  1  2   1.456e+02
  1  3   5.221e-03
  1  4   4.467e+02
  1  5   1.202e+00
  1  6   1.858e+10
  1  7   1.158e+10
  1  8   3.034e+01
  1  9   1.543e+09
  2  3   3.410e+00
  2  4   6.721e+01
  2  5   4.648e+03
  2  6   5.697e+09
  2  7   6.194e+09
  2  8   2.613e+10
  2  9   5.134e+07
  3  4   2.843e-03
  3  5   0.000e+00
  3  6   1.028e+01
  3  7   7.950e+09
  3  8   0.000e+00
  3  9   1.097e+08
  4  5   1.126e+01
  4  6   2.481e+08
  4  7   7.279e+06
  4  8   5.229e+01
  4  9   8.065e+10
  5  6   3.504e+00
  5  7   5.729e+07
  5  8   0.000e+00
  5  9   5.735e+09
  6  7   8.847e+01
  6  8   7.195e-03
  6  9   7.340e+02
  7  8   4.183e+01
  7  9   3.512e+02
  8  9   4.058e+02
  1  5        0.0
  2  3    18945.0
  3  1    23224.0
  4  5    79589.0
  5  1   162868.0
  6  5   573384.0
  7  3   589190.0
  8  1   598387.0
  9  3   789501.0
