 20
** Atomic data from version 6 of the CHIANTI database **
%experimental energy levels: Fuhr et al., 1999, NIST Atomic Spectra Database Version 2.0
%theoretical energy levels: interpolated from the H-like ions from C to Ni
%produced as part of the Arcetri/Cambridge/NRL 'CHIANTI' atomic data base collaboration
%
% Enrico Landi - Nov 2004
%filename: k_19.wgfa
%experimental energy levels: Fuhr et al., 1999, NIST Atomic Spectra Database Version 2.0
%theoretical energy levels: interpolated from the H-like ions from C to Ni
%A and gf values: interpolated from the H-like ions from C to Ni
%produced as part of the Arcetri/Cambridge/NRL 'CHIANTI' atomic data base collaboration
%
% Enrico Landi - Nov 2004

%filename: k_19.splups
%oscillator strengths: interpolated from the H-like ions from C to Ni
%effective collision strengths: interpolated from the H-like ions from C to Ni
%produced as part of the Arcetri/Cambridge/NRL 'CHIANTI' atomic data base collaboration
%
% Enrico Landi - Nov 2004
 9 23
  1  1s 2S1/2
  2  2s 2S1/2
  3  2p 2P1/2
  4  2p 2P3/2
  5  3s 2S1/2
  6  3p 2P1/2
  7  3p 2P3/2
  8  3d 2D3/2
  9  3d 2D5/2
     100.0
     158.5
     251.2
     398.1
     631.0
    1000.0
    1584.9
    2511.9
    3981.1
    6309.6
   10000.0
   15848.9
   25118.9
   39810.7
   63095.8
  100000.0
  158489.2
  251188.7
  398107.1
  630957.6
 1000000.0
 1584892.5
 2511887.0
0
  1  2   1.93e-03
  0  0   1.93e-03
  0  0   1.93e-03
  0  0   1.93e-03
  0  0   1.93e-03
  0  0   1.93e-03
  0  0   1.93e-03
  0  0   1.93e-03
  0  0   1.93e-03
  0  0   1.93e-03
  0  0   1.93e-03
  0  0   1.93e-03
  0  0   1.94e-03
  0  0   1.94e-03
  0  0   1.94e-03
  0  0   1.94e-03
  0  0   1.95e-03
  0  0   1.96e-03
  0  0   1.97e-03
  0  0   1.99e-03
  0  0   2.01e-03
  0  0   2.04e-03
  0  0   2.06e-03
  1  3   2.83e-03
  0  0   2.83e-03
  0  0   2.83e-03
  0  0   2.83e-03
  0  0   2.83e-03
  0  0   2.83e-03
  0  0   2.83e-03
  0  0   2.83e-03
  0  0   2.83e-03
  0  0   2.83e-03
  0  0   2.83e-03
  0  0   2.83e-03
  0  0   2.83e-03
  0  0   2.83e-03
  0  0   2.83e-03
  0  0   2.83e-03
  0  0   2.84e-03
  0  0   2.85e-03
  0  0   2.86e-03
  0  0   2.88e-03
  0  0   2.90e-03
  0  0   2.94e-03
  0  0   2.98e-03
  1  4   5.66e-03
  0  0   5.66e-03
  0  0   5.66e-03
  0  0   5.66e-03
  0  0   5.66e-03
  0  0   5.66e-03
  0  0   5.66e-03
  0  0   5.66e-03
  0  0   5.66e-03
  0  0   5.66e-03
  0  0   5.66e-03
  0  0   5.66e-03
  0  0   5.66e-03
  0  0   5.67e-03
  0  0   5.67e-03
  0  0   5.68e-03
  0  0   5.69e-03
  0  0   5.70e-03
  0  0   5.73e-03
  0  0   5.76e-03
  0  0   5.82e-03
  0  0   5.89e-03
  0  0   5.97e-03
  1  5   4.51e-04
  0  0   4.51e-04
  0  0   4.51e-04
  0  0   4.51e-04
  0  0   4.51e-04
  0  0   4.51e-04
  0  0   4.51e-04
  0  0   4.51e-04
  0  0   4.51e-04
  0  0   4.51e-04
  0  0   4.51e-04
  0  0   4.52e-04
  0  0   4.53e-04
  0  0   4.54e-04
  0  0   4.56e-04
  0  0   4.59e-04
  0  0   4.63e-04
  0  0   4.70e-04
  0  0   4.79e-04
  0  0   4.90e-04
  0  0   4.97e-04
  0  0   4.94e-04
  0  0   4.81e-04
  1  6   6.30e-04
  0  0   6.30e-04
  0  0   6.30e-04
  0  0   6.30e-04
  0  0   6.30e-04
  0  0   6.30e-04
  0  0   6.30e-04
  0  0   6.30e-04
  0  0   6.30e-04
  0  0   6.30e-04
  0  0   6.30e-04
  0  0   6.31e-04
  0  0   6.31e-04
  0  0   6.32e-04
  0  0   6.33e-04
  0  0   6.35e-04
  0  0   6.38e-04
  0  0   6.43e-04
  0  0   6.49e-04
  0  0   6.58e-04
  0  0   6.65e-04
  0  0   6.67e-04
  0  0   6.59e-04
  1  7   1.26e-03
  0  0   1.26e-03
  0  0   1.26e-03
  0  0   1.26e-03
  0  0   1.26e-03
  0  0   1.26e-03
  0  0   1.26e-03
  0  0   1.26e-03
  0  0   1.26e-03
  0  0   1.26e-03
  0  0   1.26e-03
  0  0   1.26e-03
  0  0   1.26e-03
  0  0   1.27e-03
  0  0   1.27e-03
  0  0   1.27e-03
  0  0   1.28e-03
  0  0   1.29e-03
  0  0   1.30e-03
  0  0   1.32e-03
  0  0   1.33e-03
  0  0   1.34e-03
  0  0   1.32e-03
  1  8   1.68e-04
  0  0   1.68e-04
  0  0   1.68e-04
  0  0   1.68e-04
  0  0   1.68e-04
  0  0   1.68e-04
  0  0   1.68e-04
  0  0   1.68e-04
  0  0   1.69e-04
  0  0   1.69e-04
  0  0   1.69e-04
  0  0   1.70e-04
  0  0   1.71e-04
  0  0   1.73e-04
  0  0   1.76e-04
  0  0   1.81e-04
  0  0   1.88e-04
  0  0   1.98e-04
  0  0   2.10e-04
  0  0   2.22e-04
  0  0   2.26e-04
  0  0   2.20e-04
  0  0   2.05e-04
  1  9   2.52e-04
  0  0   2.52e-04
  0  0   2.52e-04
  0  0   2.52e-04
  0  0   2.52e-04
  0  0   2.52e-04
  0  0   2.52e-04
  0  0   2.53e-04
  0  0   2.53e-04
  0  0   2.53e-04
  0  0   2.54e-04
  0  0   2.55e-04
  0  0   2.57e-04
  0  0   2.60e-04
  0  0   2.64e-04
  0  0   2.71e-04
  0  0   2.82e-04
  0  0   2.97e-04
  0  0   3.16e-04
  0  0   3.33e-04
  0  0   3.39e-04
  0  0   3.30e-04
  0  0   3.08e-04
 0 0 0
  1  2   1.564e+07
 -1 -2   3.824e+08
  1  3   8.227e+13
  1  4   8.266e+13
  1  5   0.000e+00
  1  6   2.198e+13
  1  7   2.204e+13
  1  8   0.000e+00
  1  9   0.000e+00
  2  3   0.000e+00
  2  4   0.000e+00
  2  5   0.000e+00
  2  6   2.965e+12
  2  7   2.984e+12
  2  8   0.000e+00
  2  9   0.000e+00
  3  4   0.000e+00
  3  5   2.784e+11
  3  6   0.000e+00
  3  7   0.000e+00
  3  8   7.162e+12
  3  9   0.000e+00
  4  5   5.472e+11
  4  6   0.000e+00
  4  7   0.000e+00
  4  8   1.408e+12
  4  9   8.460e+12
  5  6   0.000e+00
  5  7   0.000e+00
  5  8   0.000e+00
  5  9   0.000e+00
  6  7   0.000e+00
  6  8   0.000e+00
  6  9   0.000e+00
  7  8   0.000e+00
  7  9   0.000e+00
  8  9   0.000e+00
  1  2        0.0
  2  2 29833524.0
  3  2 29831984.0
  4  4 29880266.0
  5  2 35373276.0
  6  2 35372804.0
  7  4 35387112.0
  8  4 35387088.0
  9  6 35391816.0
