 23
** Atomic data from version 6 of the CHIANTI database **
%observed energy levels: Martin, W.C., Sugar, J., Musgrove, A., Dalton, G.R., 1995,
   NIST Database for Atomic Spectroscopy, Version 1.0, NIST Standard Reference Database 61.
%theoretical energy levels: Zhang, Sampson, Fontes, ADNDT, 1990, 44, 31.
%produced as part of the Arcetri/Cambridge/NRL 'CHIANTI' atomic data base collaboration
%
% Enrico Landi 1997
%filename: k_17.wgfa
%observed energy levels: Martin, W.C., Sugar, J., Musgrove, A., Dalton, G.R., 1995,
   NIST Database for Atomic Spectroscopy, Version 1.0, NIST Standard Reference Database 61
%theoretical energy levels: Zhang, Sampson, Fontes, ADNDT, 1990, 44, 31
%oscillator strengths: Martin, I., Karwowski, J., Diercksen, G.H.F., Barrientos, C., 1993, A&AS, 100, 595.
%Allowed transitions oscillator strengths: Zhang, Sampson, Fontes, 1990, ADNDT, 44, 31
%produced as part of the Arcetri/Cambridge/NRL 'CHIANTI' atomic data base collaboration
%
%   Enrico Landi - 1997

%filename: k_17.splups
%oscillator strengths: Zhang, Sampson, 1990, ADNDT, 44, 31
%collision strengths: Zhang, Sampson, 1990, ADNDT, 44, 31
%produced as part of the Arcetri/Cambridge/NRL 'CHIANTI' atomic data base collaboration
%
% Enrico Landi 1997
15 23
  1  1s2.2s 2S1/2
  2  1s2.2p 2P1/2
  3  1s2.2p 2P3/2
  4  1s2.3s 2S1/2
  5  1s2.3p 2P1/2
  6  1s2.3p 2P3/2
  7  1s2.3d 2D3/2
  8  1s2.3d 2D5/2
  9  1s2.4s 2S1/2
 10  1s2.4p 2P1/2
 11  1s2.4p 2P3/2
 12  1s2.4d 2D3/2
 13  1s2.4d 2D5/2
 14  1s2.4f 2F5/2
 15  1s2.4f 2F7/2
     100.0
     158.5
     251.2
     398.1
     631.0
    1000.0
    1584.9
    2511.9
    3981.1
    6309.6
   10000.0
   15848.9
   25118.9
   39810.7
   63095.8
  100000.0
  158489.2
  251188.7
  398107.1
  630957.6
 1000000.0
 1584892.5
 2511887.0
0
  1  2   2.66e-01
  0  0   2.66e-01
  0  0   2.66e-01
  0  0   2.66e-01
  0  0   2.66e-01
  0  0   2.66e-01
  0  0   2.66e-01
  0  0   2.66e-01
  0  0   2.67e-01
  0  0   2.67e-01
  0  0   2.67e-01
  0  0   2.68e-01
  0  0   2.69e-01
  0  0   2.71e-01
  0  0   2.73e-01
  0  0   2.76e-01
  0  0   2.81e-01
  0  0   2.88e-01
  0  0   2.96e-01
  0  0   3.06e-01
  0  0   3.16e-01
  0  0   3.29e-01
  0  0   3.46e-01
  1  3   5.29e-01
  0  0   5.29e-01
  0  0   5.29e-01
  0  0   5.29e-01
  0  0   5.29e-01
  0  0   5.29e-01
  0  0   5.30e-01
  0  0   5.30e-01
  0  0   5.30e-01
  0  0   5.31e-01
  0  0   5.31e-01
  0  0   5.32e-01
  0  0   5.34e-01
  0  0   5.37e-01
  0  0   5.42e-01
  0  0   5.48e-01
  0  0   5.57e-01
  0  0   5.70e-01
  0  0   5.86e-01
  0  0   6.05e-01
  0  0   6.25e-01
  0  0   6.50e-01
  0  0   6.82e-01
  1  4   2.75e-02
  0  0   2.75e-02
  0  0   2.75e-02
  0  0   2.75e-02
  0  0   2.75e-02
  0  0   2.75e-02
  0  0   2.75e-02
  0  0   2.75e-02
  0  0   2.75e-02
  0  0   2.75e-02
  0  0   2.75e-02
  0  0   2.75e-02
  0  0   2.75e-02
  0  0   2.76e-02
  0  0   2.76e-02
  0  0   2.76e-02
  0  0   2.76e-02
  0  0   2.77e-02
  0  0   2.77e-02
  0  0   2.78e-02
  0  0   2.80e-02
  0  0   2.82e-02
  0  0   2.86e-02
  1  5   6.43e-03
  0  0   6.43e-03
  0  0   6.43e-03
  0  0   6.43e-03
  0  0   6.43e-03
  0  0   6.43e-03
  0  0   6.43e-03
  0  0   6.43e-03
  0  0   6.44e-03
  0  0   6.44e-03
  0  0   6.44e-03
  0  0   6.45e-03
  0  0   6.45e-03
  0  0   6.47e-03
  0  0   6.49e-03
  0  0   6.52e-03
  0  0   6.57e-03
  0  0   6.66e-03
  0  0   6.79e-03
  0  0   6.99e-03
  0  0   7.32e-03
  0  0   7.82e-03
  0  0   8.58e-03
  1  6   1.23e-02
  0  0   1.23e-02
  0  0   1.23e-02
  0  0   1.23e-02
  0  0   1.23e-02
  0  0   1.23e-02
  0  0   1.23e-02
  0  0   1.23e-02
  0  0   1.23e-02
  0  0   1.23e-02
  0  0   1.23e-02
  0  0   1.23e-02
  0  0   1.24e-02
  0  0   1.24e-02
  0  0   1.24e-02
  0  0   1.25e-02
  0  0   1.26e-02
  0  0   1.28e-02
  0  0   1.30e-02
  0  0   1.34e-02
  0  0   1.40e-02
  0  0   1.50e-02
  0  0   1.65e-02
  1  7   2.04e-02
  0  0   2.04e-02
  0  0   2.04e-02
  0  0   2.04e-02
  0  0   2.04e-02
  0  0   2.04e-02
  0  0   2.04e-02
  0  0   2.04e-02
  0  0   2.04e-02
  0  0   2.04e-02
  0  0   2.04e-02
  0  0   2.04e-02
  0  0   2.04e-02
  0  0   2.04e-02
  0  0   2.04e-02
  0  0   2.04e-02
  0  0   2.05e-02
  0  0   2.05e-02
  0  0   2.06e-02
  0  0   2.08e-02
  0  0   2.10e-02
  0  0   2.14e-02
  0  0   2.20e-02
  1  8   3.05e-02
  0  0   3.05e-02
  0  0   3.05e-02
  0  0   3.05e-02
  0  0   3.05e-02
  0  0   3.05e-02
  0  0   3.05e-02
  0  0   3.05e-02
  0  0   3.05e-02
  0  0   3.05e-02
  0  0   3.05e-02
  0  0   3.05e-02
  0  0   3.05e-02
  0  0   3.05e-02
  0  0   3.06e-02
  0  0   3.06e-02
  0  0   3.07e-02
  0  0   3.08e-02
  0  0   3.09e-02
  0  0   3.11e-02
  0  0   3.15e-02
  0  0   3.21e-02
  0  0   3.29e-02
  1  9   5.51e-03
  0  0   5.51e-03
  0  0   5.51e-03
  0  0   5.51e-03
  0  0   5.51e-03
  0  0   5.51e-03
  0  0   5.51e-03
  0  0   5.51e-03
  0  0   5.51e-03
  0  0   5.51e-03
  0  0   5.51e-03
  0  0   5.51e-03
  0  0   5.51e-03
  0  0   5.51e-03
  0  0   5.52e-03
  0  0   5.52e-03
  0  0   5.52e-03
  0  0   5.53e-03
  0  0   5.54e-03
  0  0   5.55e-03
  0  0   5.57e-03
  0  0   5.61e-03
  0  0   5.66e-03
  1 10   1.68e-03
  0  0   1.68e-03
  0  0   1.68e-03
  0  0   1.68e-03
  0  0   1.68e-03
  0  0   1.68e-03
  0  0   1.68e-03
  0  0   1.68e-03
  0  0   1.68e-03
  0  0   1.68e-03
  0  0   1.68e-03
  0  0   1.68e-03
  0  0   1.69e-03
  0  0   1.69e-03
  0  0   1.69e-03
  0  0   1.70e-03
  0  0   1.71e-03
  0  0   1.72e-03
  0  0   1.74e-03
  0  0   1.78e-03
  0  0   1.84e-03
  0  0   1.92e-03
  0  0   2.06e-03
  1 11   3.26e-03
  0  0   3.26e-03
  0  0   3.26e-03
  0  0   3.26e-03
  0  0   3.26e-03
  0  0   3.26e-03
  0  0   3.26e-03
  0  0   3.26e-03
  0  0   3.26e-03
  0  0   3.26e-03
  0  0   3.27e-03
  0  0   3.27e-03
  0  0   3.27e-03
  0  0   3.27e-03
  0  0   3.28e-03
  0  0   3.29e-03
  0  0   3.31e-03
  0  0   3.34e-03
  0  0   3.38e-03
  0  0   3.45e-03
  0  0   3.56e-03
  0  0   3.73e-03
  0  0   4.00e-03
  1 12   3.93e-03
  0  0   3.93e-03
  0  0   3.93e-03
  0  0   3.93e-03
  0  0   3.93e-03
  0  0   3.93e-03
  0  0   3.93e-03
  0  0   3.93e-03
  0  0   3.93e-03
  0  0   3.93e-03
  0  0   3.93e-03
  0  0   3.93e-03
  0  0   3.93e-03
  0  0   3.93e-03
  0  0   3.93e-03
  0  0   3.93e-03
  0  0   3.93e-03
  0  0   3.93e-03
  0  0   3.93e-03
  0  0   3.93e-03
  0  0   3.93e-03
  0  0   3.93e-03
  0  0   3.94e-03
  1 13   5.91e-03
  0  0   5.91e-03
  0  0   5.91e-03
  0  0   5.91e-03
  0  0   5.91e-03
  0  0   5.91e-03
  0  0   5.91e-03
  0  0   5.91e-03
  0  0   5.91e-03
  0  0   5.91e-03
  0  0   5.91e-03
  0  0   5.91e-03
  0  0   5.91e-03
  0  0   5.91e-03
  0  0   5.91e-03
  0  0   5.91e-03
  0  0   5.91e-03
  0  0   5.91e-03
  0  0   5.90e-03
  0  0   5.90e-03
  0  0   5.90e-03
  0  0   5.90e-03
  0  0   5.91e-03
  1 14   2.16e-03
  0  0   2.16e-03
  0  0   2.16e-03
  0  0   2.16e-03
  0  0   2.16e-03
  0  0   2.16e-03
  0  0   2.16e-03
  0  0   2.16e-03
  0  0   2.16e-03
  0  0   2.16e-03
  0  0   2.16e-03
  0  0   2.16e-03
  0  0   2.16e-03
  0  0   2.15e-03
  0  0   2.15e-03
  0  0   2.15e-03
  0  0   2.15e-03
  0  0   2.14e-03
  0  0   2.13e-03
  0  0   2.11e-03
  0  0   2.09e-03
  0  0   2.06e-03
  0  0   2.01e-03
  1 15   2.88e-03
  0  0   2.88e-03
  0  0   2.88e-03
  0  0   2.88e-03
  0  0   2.88e-03
  0  0   2.88e-03
  0  0   2.88e-03
  0  0   2.88e-03
  0  0   2.88e-03
  0  0   2.88e-03
  0  0   2.88e-03
  0  0   2.88e-03
  0  0   2.88e-03
  0  0   2.87e-03
  0  0   2.87e-03
  0  0   2.87e-03
  0  0   2.86e-03
  0  0   2.85e-03
  0  0   2.84e-03
  0  0   2.81e-03
  0  0   2.78e-03
  0  0   2.73e-03
  0  0   2.67e-03
  2  3   6.42e-02
  0  0   6.42e-02
  0  0   6.42e-02
  0  0   6.42e-02
  0  0   6.42e-02
  0  0   6.42e-02
  0  0   6.42e-02
  0  0   6.42e-02
  0  0   6.42e-02
  0  0   6.41e-02
  0  0   6.41e-02
  0  0   6.41e-02
  0  0   6.41e-02
  0  0   6.40e-02
  0  0   6.39e-02
  0  0   6.37e-02
  0  0   6.34e-02
  0  0   6.29e-02
  0  0   6.22e-02
  0  0   6.12e-02
  0  0   5.96e-02
  0  0   5.73e-02
  0  0   5.42e-02
  2  4   1.98e-03
  0  0   1.98e-03
  0  0   1.98e-03
  0  0   1.98e-03
  0  0   1.98e-03
  0  0   1.98e-03
  0  0   1.98e-03
  0  0   1.98e-03
  0  0   1.98e-03
  0  0   1.98e-03
  0  0   1.98e-03
  0  0   1.98e-03
  0  0   1.98e-03
  0  0   1.98e-03
  0  0   1.98e-03
  0  0   1.99e-03
  0  0   1.99e-03
  0  0   1.99e-03
  0  0   1.99e-03
  0  0   2.00e-03
  0  0   2.01e-03
  0  0   2.02e-03
  0  0   2.06e-03
  2  5   3.00e-02
  0  0   3.00e-02
  0  0   3.00e-02
  0  0   3.00e-02
  0  0   3.00e-02
  0  0   3.00e-02
  0  0   3.00e-02
  0  0   3.00e-02
  0  0   3.00e-02
  0  0   3.00e-02
  0  0   3.00e-02
  0  0   3.00e-02
  0  0   3.00e-02
  0  0   3.00e-02
  0  0   3.00e-02
  0  0   3.00e-02
  0  0   3.00e-02
  0  0   3.00e-02
  0  0   3.01e-02
  0  0   3.01e-02
  0  0   3.02e-02
  0  0   3.02e-02
  0  0   3.04e-02
  2  6   8.80e-03
  0  0   8.80e-03
  0  0   8.80e-03
  0  0   8.80e-03
  0  0   8.80e-03
  0  0   8.80e-03
  0  0   8.80e-03
  0  0   8.80e-03
  0  0   8.80e-03
  0  0   8.80e-03
  0  0   8.79e-03
  0  0   8.79e-03
  0  0   8.78e-03
  0  0   8.77e-03
  0  0   8.76e-03
  0  0   8.73e-03
  0  0   8.69e-03
  0  0   8.62e-03
  0  0   8.53e-03
  0  0   8.38e-03
  0  0   8.16e-03
  0  0   7.87e-03
  0  0   7.52e-03
  2  7   9.34e-02
  0  0   9.34e-02
  0  0   9.34e-02
  0  0   9.34e-02
  0  0   9.34e-02
  0  0   9.34e-02
  0  0   9.34e-02
  0  0   9.34e-02
  0  0   9.34e-02
  0  0   9.34e-02
  0  0   9.35e-02
  0  0   9.35e-02
  0  0   9.36e-02
  0  0   9.37e-02
  0  0   9.38e-02
  0  0   9.41e-02
  0  0   9.45e-02
  0  0   9.52e-02
  0  0   9.62e-02
  0  0   9.78e-02
  0  0   1.00e-01
  0  0   1.04e-01
  0  0   1.10e-01
  2  8   1.72e-02
  0  0   1.72e-02
  0  0   1.72e-02
  0  0   1.72e-02
  0  0   1.72e-02
  0  0   1.72e-02
  0  0   1.72e-02
  0  0   1.72e-02
  0  0   1.72e-02
  0  0   1.72e-02
  0  0   1.71e-02
  0  0   1.71e-02
  0  0   1.71e-02
  0  0   1.71e-02
  0  0   1.70e-02
  0  0   1.70e-02
  0  0   1.68e-02
  0  0   1.66e-02
  0  0   1.64e-02
  0  0   1.59e-02
  0  0   1.53e-02
  0  0   1.45e-02
  0  0   1.34e-02
  2  9   6.62e-04
  0  0   6.62e-04
  0  0   6.62e-04
  0  0   6.62e-04
  0  0   6.62e-04
  0  0   6.62e-04
  0  0   6.62e-04
  0  0   6.62e-04
  0  0   6.62e-04
  0  0   6.62e-04
  0  0   6.62e-04
  0  0   6.61e-04
  0  0   6.61e-04
  0  0   6.61e-04
  0  0   6.60e-04
  0  0   6.59e-04
  0  0   6.57e-04
  0  0   6.53e-04
  0  0   6.49e-04
  0  0   6.41e-04
  0  0   6.31e-04
  0  0   6.17e-04
  0  0   6.00e-04
  2 10   6.15e-03
  0  0   6.15e-03
  0  0   6.15e-03
  0  0   6.15e-03
  0  0   6.15e-03
  0  0   6.15e-03
  0  0   6.15e-03
  0  0   6.15e-03
  0  0   6.15e-03
  0  0   6.15e-03
  0  0   6.15e-03
  0  0   6.15e-03
  0  0   6.15e-03
  0  0   6.15e-03
  0  0   6.15e-03
  0  0   6.15e-03
  0  0   6.15e-03
  0  0   6.15e-03
  0  0   6.14e-03
  0  0   6.14e-03
  0  0   6.13e-03
  0  0   6.12e-03
  0  0   6.11e-03
  2 11   2.90e-03
  0  0   2.90e-03
  0  0   2.90e-03
  0  0   2.90e-03
  0  0   2.90e-03
  0  0   2.90e-03
  0  0   2.90e-03
  0  0   2.90e-03
  0  0   2.90e-03
  0  0   2.90e-03
  0  0   2.89e-03
  0  0   2.89e-03
  0  0   2.89e-03
  0  0   2.89e-03
  0  0   2.88e-03
  0  0   2.87e-03
  0  0   2.85e-03
  0  0   2.82e-03
  0  0   2.78e-03
  0  0   2.72e-03
  0  0   2.63e-03
  0  0   2.51e-03
  0  0   2.35e-03
  2 12   1.79e-02
  0  0   1.79e-02
  0  0   1.79e-02
  0  0   1.79e-02
  0  0   1.79e-02
  0  0   1.79e-02
  0  0   1.79e-02
  0  0   1.79e-02
  0  0   1.79e-02
  0  0   1.79e-02
  0  0   1.79e-02
  0  0   1.79e-02
  0  0   1.79e-02
  0  0   1.79e-02
  0  0   1.79e-02
  0  0   1.80e-02
  0  0   1.80e-02
  0  0   1.81e-02
  0  0   1.82e-02
  0  0   1.85e-02
  0  0   1.88e-02
  0  0   1.93e-02
  0  0   2.01e-02
  2 13   5.38e-03
  0  0   5.38e-03
  0  0   5.38e-03
  0  0   5.38e-03
  0  0   5.38e-03
  0  0   5.38e-03
  0  0   5.38e-03
  0  0   5.38e-03
  0  0   5.38e-03
  0  0   5.38e-03
  0  0   5.38e-03
  0  0   5.37e-03
  0  0   5.37e-03
  0  0   5.36e-03
  0  0   5.34e-03
  0  0   5.31e-03
  0  0   5.27e-03
  0  0   5.21e-03
  0  0   5.11e-03
  0  0   4.96e-03
  0  0   4.74e-03
  0  0   4.43e-03
  0  0   4.03e-03
  2 14   2.76e-03
  0  0   2.76e-03
  0  0   2.76e-03
  0  0   2.76e-03
  0  0   2.76e-03
  0  0   2.76e-03
  0  0   2.76e-03
  0  0   2.76e-03
  0  0   2.76e-03
  0  0   2.76e-03
  0  0   2.76e-03
  0  0   2.76e-03
  0  0   2.77e-03
  0  0   2.77e-03
  0  0   2.77e-03
  0  0   2.78e-03
  0  0   2.78e-03
  0  0   2.80e-03
  0  0   2.82e-03
  0  0   2.85e-03
  0  0   2.90e-03
  0  0   2.98e-03
  0  0   3.10e-03
  2 15   2.13e-03
  0  0   2.13e-03
  0  0   2.13e-03
  0  0   2.13e-03
  0  0   2.13e-03
  0  0   2.13e-03
  0  0   2.13e-03
  0  0   2.13e-03
  0  0   2.13e-03
  0  0   2.13e-03
  0  0   2.13e-03
  0  0   2.13e-03
  0  0   2.12e-03
  0  0   2.12e-03
  0  0   2.11e-03
  0  0   2.10e-03
  0  0   2.08e-03
  0  0   2.04e-03
  0  0   1.99e-03
  0  0   1.92e-03
  0  0   1.82e-03
  0  0   1.68e-03
  0  0   1.52e-03
  3  4   4.02e-03
  0  0   4.02e-03
  0  0   4.02e-03
  0  0   4.02e-03
  0  0   4.02e-03
  0  0   4.02e-03
  0  0   4.02e-03
  0  0   4.02e-03
  0  0   4.02e-03
  0  0   4.02e-03
  0  0   4.02e-03
  0  0   4.02e-03
  0  0   4.02e-03
  0  0   4.02e-03
  0  0   4.02e-03
  0  0   4.02e-03
  0  0   4.02e-03
  0  0   4.03e-03
  0  0   4.03e-03
  0  0   4.04e-03
  0  0   4.06e-03
  0  0   4.09e-03
  0  0   4.17e-03
  3  5   8.92e-03
  0  0   8.92e-03
  0  0   8.92e-03
  0  0   8.92e-03
  0  0   8.92e-03
  0  0   8.92e-03
  0  0   8.92e-03
  0  0   8.91e-03
  0  0   8.91e-03
  0  0   8.91e-03
  0  0   8.91e-03
  0  0   8.91e-03
  0  0   8.90e-03
  0  0   8.89e-03
  0  0   8.88e-03
  0  0   8.85e-03
  0  0   8.82e-03
  0  0   8.76e-03
  0  0   8.68e-03
  0  0   8.55e-03
  0  0   8.35e-03
  0  0   8.08e-03
  0  0   7.72e-03
  3  6   6.92e-02
  0  0   6.92e-02
  0  0   6.92e-02
  0  0   6.92e-02
  0  0   6.92e-02
  0  0   6.92e-02
  0  0   6.92e-02
  0  0   6.92e-02
  0  0   6.92e-02
  0  0   6.92e-02
  0  0   6.92e-02
  0  0   6.92e-02
  0  0   6.92e-02
  0  0   6.92e-02
  0  0   6.92e-02
  0  0   6.92e-02
  0  0   6.92e-02
  0  0   6.91e-02
  0  0   6.91e-02
  0  0   6.90e-02
  0  0   6.90e-02
  0  0   6.89e-02
  0  0   6.88e-02
  3  7   3.98e-02
  0  0   3.98e-02
  0  0   3.98e-02
  0  0   3.98e-02
  0  0   3.98e-02
  0  0   3.98e-02
  0  0   3.98e-02
  0  0   3.98e-02
  0  0   3.98e-02
  0  0   3.98e-02
  0  0   3.98e-02
  0  0   3.98e-02
  0  0   3.98e-02
  0  0   3.98e-02
  0  0   3.98e-02
  0  0   3.97e-02
  0  0   3.97e-02
  0  0   3.97e-02
  0  0   3.96e-02
  0  0   3.95e-02
  0  0   3.93e-02
  0  0   3.91e-02
  0  0   3.90e-02
  3  8   1.85e-01
  0  0   1.85e-01
  0  0   1.85e-01
  0  0   1.85e-01
  0  0   1.85e-01
  0  0   1.85e-01
  0  0   1.85e-01
  0  0   1.85e-01
  0  0   1.85e-01
  0  0   1.85e-01
  0  0   1.85e-01
  0  0   1.85e-01
  0  0   1.85e-01
  0  0   1.85e-01
  0  0   1.85e-01
  0  0   1.86e-01
  0  0   1.86e-01
  0  0   1.88e-01
  0  0   1.89e-01
  0  0   1.92e-01
  0  0   1.96e-01
  0  0   2.03e-01
  0  0   2.13e-01
  3  9   1.33e-03
  0  0   1.33e-03
  0  0   1.33e-03
  0  0   1.33e-03
  0  0   1.33e-03
  0  0   1.33e-03
  0  0   1.33e-03
  0  0   1.33e-03
  0  0   1.33e-03
  0  0   1.33e-03
  0  0   1.33e-03
  0  0   1.33e-03
  0  0   1.33e-03
  0  0   1.33e-03
  0  0   1.33e-03
  0  0   1.32e-03
  0  0   1.32e-03
  0  0   1.31e-03
  0  0   1.30e-03
  0  0   1.29e-03
  0  0   1.27e-03
  0  0   1.24e-03
  0  0   1.21e-03
  3 10   2.92e-03
  0  0   2.92e-03
  0  0   2.92e-03
  0  0   2.92e-03
  0  0   2.92e-03
  0  0   2.92e-03
  0  0   2.92e-03
  0  0   2.92e-03
  0  0   2.92e-03
  0  0   2.92e-03
  0  0   2.91e-03
  0  0   2.91e-03
  0  0   2.91e-03
  0  0   2.91e-03
  0  0   2.90e-03
  0  0   2.89e-03
  0  0   2.87e-03
  0  0   2.85e-03
  0  0   2.81e-03
  0  0   2.75e-03
  0  0   2.66e-03
  0  0   2.54e-03
  0  0   2.38e-03
  3 11   1.53e-02
  0  0   1.53e-02
  0  0   1.53e-02
  0  0   1.53e-02
  0  0   1.53e-02
  0  0   1.53e-02
  0  0   1.53e-02
  0  0   1.53e-02
  0  0   1.53e-02
  0  0   1.53e-02
  0  0   1.53e-02
  0  0   1.53e-02
  0  0   1.53e-02
  0  0   1.53e-02
  0  0   1.53e-02
  0  0   1.52e-02
  0  0   1.52e-02
  0  0   1.52e-02
  0  0   1.52e-02
  0  0   1.51e-02
  0  0   1.50e-02
  0  0   1.48e-02
  0  0   1.47e-02
  3 12   1.02e-02
  0  0   1.02e-02
  0  0   1.02e-02
  0  0   1.02e-02
  0  0   1.02e-02
  0  0   1.02e-02
  0  0   1.02e-02
  0  0   1.02e-02
  0  0   1.02e-02
  0  0   1.02e-02
  0  0   1.02e-02
  0  0   1.02e-02
  0  0   1.02e-02
  0  0   1.01e-02
  0  0   1.01e-02
  0  0   1.01e-02
  0  0   1.01e-02
  0  0   1.00e-02
  0  0   9.92e-03
  0  0   9.78e-03
  0  0   9.58e-03
  0  0   9.31e-03
  0  0   8.97e-03
  3 13   3.69e-02
  0  0   3.69e-02
  0  0   3.69e-02
  0  0   3.69e-02
  0  0   3.69e-02
  0  0   3.69e-02
  0  0   3.69e-02
  0  0   3.69e-02
  0  0   3.69e-02
  0  0   3.69e-02
  0  0   3.70e-02
  0  0   3.70e-02
  0  0   3.70e-02
  0  0   3.70e-02
  0  0   3.70e-02
  0  0   3.71e-02
  0  0   3.71e-02
  0  0   3.72e-02
  0  0   3.74e-02
  0  0   3.77e-02
  0  0   3.81e-02
  0  0   3.88e-02
  0  0   4.00e-02
  3 14   3.61e-03
  0  0   3.61e-03
  0  0   3.61e-03
  0  0   3.61e-03
  0  0   3.61e-03
  0  0   3.61e-03
  0  0   3.61e-03
  0  0   3.61e-03
  0  0   3.61e-03
  0  0   3.61e-03
  0  0   3.61e-03
  0  0   3.61e-03
  0  0   3.61e-03
  0  0   3.60e-03
  0  0   3.59e-03
  0  0   3.58e-03
  0  0   3.56e-03
  0  0   3.52e-03
  0  0   3.47e-03
  0  0   3.39e-03
  0  0   3.27e-03
  0  0   3.11e-03
  0  0   2.90e-03
  3 15   6.31e-03
  0  0   6.31e-03
  0  0   6.31e-03
  0  0   6.31e-03
  0  0   6.31e-03
  0  0   6.31e-03
  0  0   6.31e-03
  0  0   6.31e-03
  0  0   6.31e-03
  0  0   6.31e-03
  0  0   6.32e-03
  0  0   6.32e-03
  0  0   6.32e-03
  0  0   6.32e-03
  0  0   6.32e-03
  0  0   6.33e-03
  0  0   6.33e-03
  0  0   6.34e-03
  0  0   6.36e-03
  0  0   6.39e-03
  0  0   6.43e-03
  0  0   6.50e-03
  0  0   6.61e-03
 0 0 0
  1  2   1.237e+09
  1  3   1.747e+09
  1  4   0.000e+00
  1  5   1.870e+12
  1  6   1.841e+12
  1  7   0.000e+00
  1  8   0.000e+00
  1  9   0.000e+00
  1 10   8.338e+11
  1 11   8.238e+11
  1 12   0.000e+00
  1 13   0.000e+00
  1 14   0.000e+00
  1 15   0.000e+00
  2  3   0.000e+00
  2  4   2.352e+11
  2  5   0.000e+00
  2  6   0.000e+00
  2  7   4.523e+12
  2  8   0.000e+00
  2  9   9.427e+10
  2 10   0.000e+00
  2 11   0.000e+00
  2 12   1.517e+12
  2 13   0.000e+00
  2 14   0.000e+00
  2 15   0.000e+00
  3  4   4.852e+11
  3  5   0.000e+00
  3  6   0.000e+00
  3  7   8.979e+11
  3  8   5.403e+12
  3  9   1.939e+11
  3 10   0.000e+00
  3 11   0.000e+00
  3 12   2.990e+11
  3 13   1.809e+12
  3 14   0.000e+00
  3 15   0.000e+00
  4  5   0.000e+00
  4  6   0.000e+00
  4  7   0.000e+00
  4  8   0.000e+00
  4  9   0.000e+00
  4 10   0.000e+00
  4 11   0.000e+00
  4 12   0.000e+00
  4 13   0.000e+00
  4 14   0.000e+00
  4 15   0.000e+00
  5  6   0.000e+00
  5  7   0.000e+00
  5  8   0.000e+00
  5  9   0.000e+00
  5 10   0.000e+00
  5 11   0.000e+00
  5 12   0.000e+00
  5 13   0.000e+00
  5 14   0.000e+00
  5 15   0.000e+00
  6  7   0.000e+00
  6  8   0.000e+00
  6  9   0.000e+00
  6 10   0.000e+00
  6 11   0.000e+00
  6 12   0.000e+00
  6 13   0.000e+00
  6 14   0.000e+00
  6 15   0.000e+00
  7  8   0.000e+00
  7  9   0.000e+00
  7 10   0.000e+00
  7 11   0.000e+00
  7 12   0.000e+00
  7 13   0.000e+00
  7 14   1.081e+09
  7 15   0.000e+00
  8  9   0.000e+00
  8 10   0.000e+00
  8 11   0.000e+00
  8 12   0.000e+00
  8 13   0.000e+00
  8 14   7.623e+09
  8 15   1.156e+12
  9 10   0.000e+00
  9 11   0.000e+00
  9 12   0.000e+00
  9 13   0.000e+00
  9 14   0.000e+00
  9 15   0.000e+00
 10 11   0.000e+00
 10 12   0.000e+00
 10 13   0.000e+00
 10 14   0.000e+00
 10 15   0.000e+00
 11 12   0.000e+00
 11 13   0.000e+00
 11 14   0.000e+00
 11 15   0.000e+00
 12 13   0.000e+00
 12 14   0.000e+00
 12 15   0.000e+00
 13 14   0.000e+00
 13 15   0.000e+00
 14 15   0.000e+00
  1  2        0.0
  2  2   273500.0
  3  4   306020.0
  4  2  4702551.0
  5  2  4778700.0
  6  4  4793600.0
  7  4  4814800.0
  8  6  4818000.0
  9  2  6314076.5
 10  2  6347200.0
 11  4  6347200.0
 12  4  6361000.0
 13  6  6367700.0
 14  6  6361400.0
 15  8  6362200.0
