 20
** Atomic data from version 6 of the CHIANTI database **
%experimental energy levels: Shirai,T., Sugar,J., Musgrove,A., Wiese,W.L., 2000, J.Phys.Chem.Ref.Data, Monograph 8
%theoretical energy levels: interpolated from the isoelectronic sequence, using ions from C to Ni
%produced as part of the Arcetri/Cambridge/NRL 'CHIANTI' atomic data base collaboration
%
% E.Landi - Nov 2004
%filename: k_18.wgfa
%experimental energy levels: Shirai,T., Sugar,J., Musgrove,A., Wiese,W.L., 2000, J.Phys.Chem.Ref.Data, Monograph 8
%theoretical energy levels: interpolated from the isoelectronic sequence, using ions from C to Ni
%A and gf values: interpolated from the isoelectronic sequence, using ions from C to Ni
%produced as part of the Arcetri/Cambridge/NRL 'CHIANTI' atomic data base collaboration
%
% E.Landi - Nov 2004

%filename: k_18.splups
%oscillator strengths: interpolated from the isoelectronic sequence, using ions from C to Ni
%effective collision strengths: interpolated from the isoelectronic sequence, using ions from C to Ni
%produced as part of the Arcetri/Cambridge/NRL 'CHIANTI' atomic data base collaboration
%
% E.Landi - Nov 2004
17 23
  1  1s2 1S0
  2  1s.2s 3S1
  3  1s.2s 1S0
  4  1s.2p 3P0
  5  1s.2p 3P1
  6  1s.2p 3P2
  7  1s.2p 1P1
  8  1s.3s 3S1
  9  1s.3s 1S0
 10  1s.3p 3P0
 11  1s.3p 3P1
 12  1s.3p 3P2
 13  1s.3p 1P1
 14  1s.3d 3D1
 15  1s.3d 3D2
 16  1s.3d 3D3
 17  1s.3d 1D2
     100.0
     158.5
     251.2
     398.1
     631.0
    1000.0
    1584.9
    2511.9
    3981.1
    6309.6
   10000.0
   15848.9
   25118.9
   39810.7
   63095.8
  100000.0
  158489.2
  251188.7
  398107.1
  630957.6
 1000000.0
 1584892.5
 2511887.0
0
  1  2   9.21e-04
  0  0   9.21e-04
  0  0   9.21e-04
  0  0   9.21e-04
  0  0   9.21e-04
  0  0   9.21e-04
  0  0   9.21e-04
  0  0   9.21e-04
  0  0   9.21e-04
  0  0   9.21e-04
  0  0   9.21e-04
  0  0   9.21e-04
  0  0   9.21e-04
  0  0   9.21e-04
  0  0   9.20e-04
  0  0   9.20e-04
  0  0   9.19e-04
  0  0   9.17e-04
  0  0   9.15e-04
  0  0   9.11e-04
  0  0   9.05e-04
  0  0   8.95e-04
  0  0   8.76e-04
  1  3   1.43e-03
  0  0   1.43e-03
  0  0   1.43e-03
  0  0   1.43e-03
  0  0   1.43e-03
  0  0   1.43e-03
  0  0   1.43e-03
  0  0   1.43e-03
  0  0   1.43e-03
  0  0   1.43e-03
  0  0   1.43e-03
  0  0   1.43e-03
  0  0   1.43e-03
  0  0   1.43e-03
  0  0   1.43e-03
  0  0   1.44e-03
  0  0   1.44e-03
  0  0   1.44e-03
  0  0   1.44e-03
  0  0   1.45e-03
  0  0   1.45e-03
  0  0   1.46e-03
  0  0   1.47e-03
  1  4   5.01e-04
  0  0   5.01e-04
  0  0   5.01e-04
  0  0   5.01e-04
  0  0   5.01e-04
  0  0   5.01e-04
  0  0   5.01e-04
  0  0   5.01e-04
  0  0   5.01e-04
  0  0   5.00e-04
  0  0   5.00e-04
  0  0   5.00e-04
  0  0   5.00e-04
  0  0   5.00e-04
  0  0   4.99e-04
  0  0   4.99e-04
  0  0   4.97e-04
  0  0   4.96e-04
  0  0   4.93e-04
  0  0   4.88e-04
  0  0   4.82e-04
  0  0   4.71e-04
  0  0   4.56e-04
  1  5   1.50e-03
  0  0   1.50e-03
  0  0   1.50e-03
  0  0   1.50e-03
  0  0   1.50e-03
  0  0   1.50e-03
  0  0   1.50e-03
  0  0   1.50e-03
  0  0   1.50e-03
  0  0   1.50e-03
  0  0   1.50e-03
  0  0   1.50e-03
  0  0   1.50e-03
  0  0   1.50e-03
  0  0   1.50e-03
  0  0   1.50e-03
  0  0   1.50e-03
  0  0   1.49e-03
  0  0   1.49e-03
  0  0   1.49e-03
  0  0   1.48e-03
  0  0   1.46e-03
  0  0   1.43e-03
  1  6   2.45e-03
  0  0   2.45e-03
  0  0   2.45e-03
  0  0   2.45e-03
  0  0   2.45e-03
  0  0   2.45e-03
  0  0   2.45e-03
  0  0   2.45e-03
  0  0   2.45e-03
  0  0   2.45e-03
  0  0   2.45e-03
  0  0   2.45e-03
  0  0   2.45e-03
  0  0   2.45e-03
  0  0   2.45e-03
  0  0   2.44e-03
  0  0   2.44e-03
  0  0   2.43e-03
  0  0   2.42e-03
  0  0   2.40e-03
  0  0   2.38e-03
  0  0   2.33e-03
  0  0   2.27e-03
  1  7   4.21e-03
  0  0   4.21e-03
  0  0   4.21e-03
  0  0   4.21e-03
  0  0   4.21e-03
  0  0   4.21e-03
  0  0   4.21e-03
  0  0   4.21e-03
  0  0   4.21e-03
  0  0   4.21e-03
  0  0   4.22e-03
  0  0   4.22e-03
  0  0   4.22e-03
  0  0   4.22e-03
  0  0   4.23e-03
  0  0   4.24e-03
  0  0   4.25e-03
  0  0   4.27e-03
  0  0   4.31e-03
  0  0   4.36e-03
  0  0   4.45e-03
  0  0   4.57e-03
  0  0   4.76e-03
  1  8   1.79e-04
  0  0   1.79e-04
  0  0   1.79e-04
  0  0   1.79e-04
  0  0   1.79e-04
  0  0   1.79e-04
  0  0   1.79e-04
  0  0   1.79e-04
  0  0   1.79e-04
  0  0   1.79e-04
  0  0   1.79e-04
  0  0   1.79e-04
  0  0   1.79e-04
  0  0   1.79e-04
  0  0   1.79e-04
  0  0   1.79e-04
  0  0   1.79e-04
  0  0   1.79e-04
  0  0   1.78e-04
  0  0   1.77e-04
  0  0   1.76e-04
  0  0   1.74e-04
  0  0   1.71e-04
  1  9   2.63e-04
  0  0   2.63e-04
  0  0   2.63e-04
  0  0   2.63e-04
  0  0   2.63e-04
  0  0   2.63e-04
  0  0   2.63e-04
  0  0   2.63e-04
  0  0   2.63e-04
  0  0   2.63e-04
  0  0   2.63e-04
  0  0   2.63e-04
  0  0   2.63e-04
  0  0   2.64e-04
  0  0   2.64e-04
  0  0   2.64e-04
  0  0   2.64e-04
  0  0   2.64e-04
  0  0   2.65e-04
  0  0   2.65e-04
  0  0   2.66e-04
  0  0   2.68e-04
  0  0   2.71e-04
  1 10   1.09e-04
  0  0   1.09e-04
  0  0   1.09e-04
  0  0   1.09e-04
  0  0   1.09e-04
  0  0   1.09e-04
  0  0   1.09e-04
  0  0   1.09e-04
  0  0   1.09e-04
  0  0   1.09e-04
  0  0   1.09e-04
  0  0   1.09e-04
  0  0   1.09e-04
  0  0   1.09e-04
  0  0   1.09e-04
  0  0   1.09e-04
  0  0   1.09e-04
  0  0   1.08e-04
  0  0   1.08e-04
  0  0   1.07e-04
  0  0   1.06e-04
  0  0   1.05e-04
  0  0   1.02e-04
  1 11   3.40e-04
  0  0   3.40e-04
  0  0   3.40e-04
  0  0   3.40e-04
  0  0   3.40e-04
  0  0   3.40e-04
  0  0   3.40e-04
  0  0   3.40e-04
  0  0   3.40e-04
  0  0   3.40e-04
  0  0   3.40e-04
  0  0   3.40e-04
  0  0   3.40e-04
  0  0   3.40e-04
  0  0   3.39e-04
  0  0   3.39e-04
  0  0   3.39e-04
  0  0   3.38e-04
  0  0   3.37e-04
  0  0   3.35e-04
  0  0   3.32e-04
  0  0   3.28e-04
  0  0   3.21e-04
  1 12   7.65e-04
  0  0   7.65e-04
  0  0   7.65e-04
  0  0   7.65e-04
  0  0   7.65e-04
  0  0   7.65e-04
  0  0   7.65e-04
  0  0   7.65e-04
  0  0   7.65e-04
  0  0   7.65e-04
  0  0   7.65e-04
  0  0   7.64e-04
  0  0   7.64e-04
  0  0   7.64e-04
  0  0   7.63e-04
  0  0   7.63e-04
  0  0   7.61e-04
  0  0   7.60e-04
  0  0   7.57e-04
  0  0   7.52e-04
  0  0   7.45e-04
  0  0   7.34e-04
  0  0   7.16e-04
  1 13   7.24e-04
  0  0   7.24e-04
  0  0   7.24e-04
  0  0   7.24e-04
  0  0   7.24e-04
  0  0   7.24e-04
  0  0   7.24e-04
  0  0   7.24e-04
  0  0   7.24e-04
  0  0   7.24e-04
  0  0   7.24e-04
  0  0   7.25e-04
  0  0   7.25e-04
  0  0   7.25e-04
  0  0   7.26e-04
  0  0   7.27e-04
  0  0   7.29e-04
  0  0   7.32e-04
  0  0   7.37e-04
  0  0   7.44e-04
  0  0   7.56e-04
  0  0   7.73e-04
  0  0   8.02e-04
  1 14   4.51e-05
  0  0   4.51e-05
  0  0   4.51e-05
  0  0   4.51e-05
  0  0   4.51e-05
  0  0   4.51e-05
  0  0   4.51e-05
  0  0   4.51e-05
  0  0   4.51e-05
  0  0   4.51e-05
  0  0   4.51e-05
  0  0   4.51e-05
  0  0   4.51e-05
  0  0   4.51e-05
  0  0   4.50e-05
  0  0   4.50e-05
  0  0   4.49e-05
  0  0   4.47e-05
  0  0   4.45e-05
  0  0   4.42e-05
  0  0   4.36e-05
  0  0   4.28e-05
  0  0   4.15e-05
  1 15   6.49e-05
  0  0   6.49e-05
  0  0   6.49e-05
  0  0   6.49e-05
  0  0   6.49e-05
  0  0   6.49e-05
  0  0   6.49e-05
  0  0   6.49e-05
  0  0   6.49e-05
  0  0   6.49e-05
  0  0   6.49e-05
  0  0   6.49e-05
  0  0   6.49e-05
  0  0   6.49e-05
  0  0   6.49e-05
  0  0   6.48e-05
  0  0   6.48e-05
  0  0   6.47e-05
  0  0   6.45e-05
  0  0   6.43e-05
  0  0   6.40e-05
  0  0   6.34e-05
  0  0   6.25e-05
  1 16   1.06e-04
  0  0   1.06e-04
  0  0   1.06e-04
  0  0   1.06e-04
  0  0   1.06e-04
  0  0   1.06e-04
  0  0   1.06e-04
  0  0   1.06e-04
  0  0   1.06e-04
  0  0   1.06e-04
  0  0   1.06e-04
  0  0   1.06e-04
  0  0   1.06e-04
  0  0   1.05e-04
  0  0   1.05e-04
  0  0   1.05e-04
  0  0   1.05e-04
  0  0   1.05e-04
  0  0   1.04e-04
  0  0   1.03e-04
  0  0   1.02e-04
  0  0   1.00e-04
  0  0   9.70e-05
  1 17   4.32e-05
  0  0   4.32e-05
  0  0   4.32e-05
  0  0   4.32e-05
  0  0   4.32e-05
  0  0   4.32e-05
  0  0   4.32e-05
  0  0   4.32e-05
  0  0   4.32e-05
  0  0   4.33e-05
  0  0   4.33e-05
  0  0   4.33e-05
  0  0   4.33e-05
  0  0   4.33e-05
  0  0   4.33e-05
  0  0   4.34e-05
  0  0   4.35e-05
  0  0   4.37e-05
  0  0   4.39e-05
  0  0   4.43e-05
  0  0   4.49e-05
  0  0   4.58e-05
  0  0   4.73e-05
 0 0 0
  1  2   8.295e+06
 -1 -3   5.905e+08
  1  4   0.000e+00
  1  5   3.024e+12
  1  6   4.924e+08
  1  7   1.347e+14
  1  8   0.000e+00
  1  9   0.000e+00
  1 10   0.000e+00
  1 11   8.021e+11
  1 12   0.000e+00
  1 13   3.543e+13
  1 14   0.000e+00
  1 15   0.000e+00
  1 16   0.000e+00
  1 17   0.000e+00
  2  3   0.000e+00
  2  4   2.346e+08
  2  5   2.556e+08
  2  6   4.228e+08
  2  7   0.000e+00
  2  8   0.000e+00
  2  9   0.000e+00
  2 10   2.240e+12
  2 11   2.192e+12
  2 12   2.255e+12
  2 13   5.220e+10
  2 14   0.000e+00
  2 15   0.000e+00
  2 16   0.000e+00
  2 17   0.000e+00
  3  4   0.000e+00
  3  5   0.000e+00
  3  6   0.000e+00
  3  7   8.610e+07
  3  8   0.000e+00
  3  9   0.000e+00
  3 10   0.000e+00
  3 11   4.595e+10
  3 12   0.000e+00
  3 13   2.023e+12
  3 14   0.000e+00
  3 15   0.000e+00
  3 16   0.000e+00
  3 17   0.000e+00
  4  5   0.000e+00
  4  6   0.000e+00
  4  7   0.000e+00
  4  8   8.330e+09
  4  9   0.000e+00
  4 10   0.000e+00
  4 11   0.000e+00
  4 12   0.000e+00
  4 13   0.000e+00
  4 14   4.412e+11
  4 15   0.000e+00
  4 16   0.000e+00
  4 17   0.000e+00
  5  6   0.000e+00
  5  7   0.000e+00
  5  8   7.141e+10
  5  9   0.000e+00
  5 10   0.000e+00
  5 11   0.000e+00
  5 12   0.000e+00
  5 13   0.000e+00
  5 14   9.892e+11
  5 15   1.782e+12
  5 16   0.000e+00
  5 17   0.000e+00
  6  7   0.000e+00
  6  8   2.058e+11
  6  9   0.000e+00
  6 10   0.000e+00
  6 11   0.000e+00
  6 12   0.000e+00
  6 13   0.000e+00
  6 14   4.885e+12
  6 15   9.757e+11
  6 16   3.923e+12
  6 17   0.000e+00
  7  8   0.000e+00
  7  9   6.482e+11
  7 10   0.000e+00
  7 11   0.000e+00
  7 12   0.000e+00
  7 13   0.000e+00
  7 14   0.000e+00
  7 15   0.000e+00
  7 16   0.000e+00
  7 17   6.732e+12
  8  9   0.000e+00
  8 10   0.000e+00
  8 11   0.000e+00
  8 12   0.000e+00
  8 13   0.000e+00
  8 14   0.000e+00
  8 15   0.000e+00
  8 16   0.000e+00
  8 17   0.000e+00
  9 10   0.000e+00
  9 11   0.000e+00
  9 12   0.000e+00
  9 13   0.000e+00
  9 14   0.000e+00
  9 15   0.000e+00
  9 16   0.000e+00
  9 17   0.000e+00
 10 11   0.000e+00
 10 12   0.000e+00
 10 13   0.000e+00
 10 14   5.400e+09
 10 15   0.000e+00
 10 16   0.000e+00
 10 17   0.000e+00
 11 12   0.000e+00
 11 13   0.000e+00
 11 14   4.046e+09
 11 15   7.148e+09
 11 16   0.000e+00
 11 17   0.000e+00
 12 13   0.000e+00
 12 14   2.489e+08
 12 15   2.415e+09
 12 16   3.585e+10
 12 17   0.000e+00
 13 14   0.000e+00
 13 15   0.000e+00
 13 16   0.000e+00
 13 17   0.000e+00
 14 15   0.000e+00
 14 16   0.000e+00
 14 17   0.000e+00
 15 16   0.000e+00
 15 17   0.000e+00
 16 17   0.000e+00
  1  1        0.0
  2  3 28004980.0
  3  1 28180480.0
  4  1 28165880.0
  5  3 28172670.0
  6  5 28200800.0
  7  3 28312910.0
  8  3 33151930.0
  9  1 33198090.0
 10  1 33196320.0
 11  3 33198160.0
 12  5 33206560.0
 13  3 33237140.0
 14  3 33239492.0
 15  5 33239568.0
 16  7 33243416.0
 17  5 33247890.0
