52
** Atomic data from version 10 of the CHIANTI database **

Theoretical energies:
Fernandez-Menchero, Del Zanna and Badnell, A&A, 2014, 566, A104
doi = {10.1051/0004-6361/201423864}

Observed energy levels  are from the previous CHIANTI version and NIST.
observed energy levels (104, 106): Hoory, S., et al., 1970, J.Opt.Soc.Am., 60, 1449
observed energy levels (107, 108): Average of Kelly 1987 and NIST values

Note: only the bound levels up to n=5 have been retained.

Produced as part of the 'CHIANTI' atomic data base collaboration by
Giulio Del Zanna, May 2020


-1

gf-values, A-values and theoretical energies:
Fernandez-Menchero, Del Zanna and Badnell, A&A, 2014, 566, A104
doi = {10.1051/0004-6361/201423864}
Only transition probabilities with a branching ratio
greater than 10^(-5) have been retained.


gf-values, A-values for the n=2,3 (lowest 20 levels):
MBPT calculations by  Wang, K. et al., 2015, ApJS,  218, 16
doi = {10.1088/0067-0049/218/2/16}

Observed energies are from the previous CHIANTI version and NIST.
observed energy levels (104, 106): Hoory, S., et al., 1970, J.Opt.Soc.Am., 60, 1449
observed energy levels (107, 108): Average of Kelly 1987 and NIST values


Note: only the bound levels up to n=5 have been retained.

Produced as part of the 'CHIANTI' atomic data base collaboration by
Giulio Del Zanna, May 2020



-1

oscillator strengths and effective collision strengths:
Fernandez-Menchero, Del Zanna and Badnell, A&A, 2014, 566, A104
doi = {10.1051/0004-6361/201423864}

Note: only the bound levels up to n=5 have been retained.

Produced as part of the 'CHIANTI' atomic data base collaboration by
Giulio Del Zanna, May 2020

10 23
  1  2s2 1S0
  2  2s 2p 3P0
  3  2s 2p 3P1
  4  2s 2p 3P2
  5  2s 2p 1P1
  6  2p2 3P0
  7  2p2 3P1
  8  2p2 3P2
  9  2p2 1D2
 10  2p2 1S0
     100.0
     158.5
     251.2
     398.1
     631.0
    1000.0
    1584.9
    2511.9
    3981.1
    6309.6
   10000.0
   15848.9
   25118.9
   39810.7
   63095.7
  100000.0
  158489.3
  251188.6
  398107.2
  630957.3
 1000000.0
 1584893.2
 2511886.4
0
  1  2   9.53e-03
  0  0   9.52e-03
  0  0   9.51e-03
  0  0   9.49e-03
  0  0   9.47e-03
  0  0   9.43e-03
  0  0   9.38e-03
  0  0   9.31e-03
  0  0   9.24e-03
  0  0   9.21e-03
  0  0   9.35e-03
  0  0   9.93e-03
  0  0   1.14e-02
  0  0   1.39e-02
  0  0   1.53e-02
  0  0   1.47e-02
  0  0   1.41e-02
  0  0   1.36e-02
  0  0   1.32e-02
  0  0   1.30e-02
  0  0   1.24e-02
  0  0   1.10e-02
  0  0   9.15e-03
  1  3   3.26e-02
  0  0   3.26e-02
  0  0   3.25e-02
  0  0   3.25e-02
  0  0   3.24e-02
  0  0   3.23e-02
  0  0   3.22e-02
  0  0   3.20e-02
  0  0   3.18e-02
  0  0   3.17e-02
  0  0   3.21e-02
  0  0   3.38e-02
  0  0   3.77e-02
  0  0   4.38e-02
  0  0   4.68e-02
  0  0   4.52e-02
  0  0   4.30e-02
  0  0   4.12e-02
  0  0   4.01e-02
  0  0   3.94e-02
  0  0   3.73e-02
  0  0   3.31e-02
  0  0   2.77e-02
  1  4   6.33e-02
  0  0   6.33e-02
  0  0   6.32e-02
  0  0   6.32e-02
  0  0   6.31e-02
  0  0   6.29e-02
  0  0   6.27e-02
  0  0   6.24e-02
  0  0   6.20e-02
  0  0   6.17e-02
  0  0   6.20e-02
  0  0   6.38e-02
  0  0   6.89e-02
  0  0   7.73e-02
  0  0   8.09e-02
  0  0   7.68e-02
  0  0   7.26e-02
  0  0   6.91e-02
  0  0   6.69e-02
  0  0   6.54e-02
  0  0   6.20e-02
  0  0   5.49e-02
  0  0   4.57e-02
  1  5   1.28e+00
  0  0   1.28e+00
  0  0   1.28e+00
  0  0   1.28e+00
  0  0   1.28e+00
  0  0   1.28e+00
  0  0   1.28e+00
  0  0   1.28e+00
  0  0   1.28e+00
  0  0   1.28e+00
  0  0   1.28e+00
  0  0   1.28e+00
  0  0   1.29e+00
  0  0   1.30e+00
  0  0   1.31e+00
  0  0   1.31e+00
  0  0   1.33e+00
  0  0   1.36e+00
  0  0   1.40e+00
  0  0   1.46e+00
  0  0   1.54e+00
  0  0   1.64e+00
  0  0   1.77e+00
  1  6   3.08e-04
  0  0   3.08e-04
  0  0   3.08e-04
  0  0   3.07e-04
  0  0   3.07e-04
  0  0   3.07e-04
  0  0   3.06e-04
  0  0   3.05e-04
  0  0   3.04e-04
  0  0   3.04e-04
  0  0   3.05e-04
  0  0   3.11e-04
  0  0   3.26e-04
  0  0   3.51e-04
  0  0   3.63e-04
  0  0   3.57e-04
  0  0   3.68e-04
  0  0   4.04e-04
  0  0   4.66e-04
  0  0   5.31e-04
  0  0   5.54e-04
  0  0   5.10e-04
  0  0   4.27e-04
  1  7   1.04e-03
  0  0   1.04e-03
  0  0   1.04e-03
  0  0   1.04e-03
  0  0   1.04e-03
  0  0   1.04e-03
  0  0   1.04e-03
  0  0   1.04e-03
  0  0   1.03e-03
  0  0   1.03e-03
  0  0   1.03e-03
  0  0   1.04e-03
  0  0   1.06e-03
  0  0   1.10e-03
  0  0   1.11e-03
  0  0   1.08e-03
  0  0   1.11e-03
  0  0   1.21e-03
  0  0   1.39e-03
  0  0   1.58e-03
  0  0   1.64e-03
  0  0   1.51e-03
  0  0   1.26e-03
  1  8   1.93e-03
  0  0   1.93e-03
  0  0   1.93e-03
  0  0   1.93e-03
  0  0   1.93e-03
  0  0   1.93e-03
  0  0   1.93e-03
  0  0   1.92e-03
  0  0   1.92e-03
  0  0   1.92e-03
  0  0   1.91e-03
  0  0   1.91e-03
  0  0   1.91e-03
  0  0   1.90e-03
  0  0   1.88e-03
  0  0   1.85e-03
  0  0   1.87e-03
  0  0   2.02e-03
  0  0   2.35e-03
  0  0   2.67e-03
  0  0   2.76e-03
  0  0   2.55e-03
  0  0   2.13e-03
  1  9   1.97e-02
  0  0   1.97e-02
  0  0   1.97e-02
  0  0   1.97e-02
  0  0   1.97e-02
  0  0   1.97e-02
  0  0   1.97e-02
  0  0   1.97e-02
  0  0   1.97e-02
  0  0   1.97e-02
  0  0   1.97e-02
  0  0   1.97e-02
  0  0   1.97e-02
  0  0   1.97e-02
  0  0   1.96e-02
  0  0   1.96e-02
  0  0   1.99e-02
  0  0   2.04e-02
  0  0   2.11e-02
  0  0   2.15e-02
  0  0   2.15e-02
  0  0   2.08e-02
  0  0   1.98e-02
  1 10   6.15e-03
  0  0   6.15e-03
  0  0   6.15e-03
  0  0   6.15e-03
  0  0   6.15e-03
  0  0   6.16e-03
  0  0   6.16e-03
  0  0   6.16e-03
  0  0   6.17e-03
  0  0   6.19e-03
  0  0   6.21e-03
  0  0   6.27e-03
  0  0   6.36e-03
  0  0   6.51e-03
  0  0   6.69e-03
  0  0   6.88e-03
  0  0   7.12e-03
  0  0   7.61e-03
  0  0   8.37e-03
  0  0   9.07e-03
  0  0   9.30e-03
  0  0   8.93e-03
  0  0   8.20e-03
  2  3   1.52e-01
  0  0   1.52e-01
  0  0   1.52e-01
  0  0   1.52e-01
  0  0   1.51e-01
  0  0   1.50e-01
  0  0   1.49e-01
  0  0   1.47e-01
  0  0   1.46e-01
  0  0   1.45e-01
  0  0   1.47e-01
  0  0   1.60e-01
  0  0   1.93e-01
  0  0   2.47e-01
  0  0   2.75e-01
  0  0   2.60e-01
  0  0   2.49e-01
  0  0   2.28e-01
  0  0   1.94e-01
  0  0   1.66e-01
  0  0   1.43e-01
  0  0   1.18e-01
  0  0   9.42e-02
  2  4   1.93e-01
  0  0   1.92e-01
  0  0   1.92e-01
  0  0   1.91e-01
  0  0   1.90e-01
  0  0   1.89e-01
  0  0   1.87e-01
  0  0   1.85e-01
  0  0   1.82e-01
  0  0   1.80e-01
  0  0   1.83e-01
  0  0   2.00e-01
  0  0   2.44e-01
  0  0   3.19e-01
  0  0   3.54e-01
  0  0   3.26e-01
  0  0   3.07e-01
  0  0   2.75e-01
  0  0   2.22e-01
  0  0   1.80e-01
  0  0   1.51e-01
  0  0   1.22e-01
  0  0   9.96e-02
  2  5   4.25e-02
  0  0   4.25e-02
  0  0   4.25e-02
  0  0   4.24e-02
  0  0   4.23e-02
  0  0   4.22e-02
  0  0   4.21e-02
  0  0   4.19e-02
  0  0   4.16e-02
  0  0   4.12e-02
  0  0   4.10e-02
  0  0   4.14e-02
  0  0   4.29e-02
  0  0   4.54e-02
  0  0   4.51e-02
  0  0   4.09e-02
  0  0   3.79e-02
  0  0   3.64e-02
  0  0   3.63e-02
  0  0   3.61e-02
  0  0   3.40e-02
  0  0   2.96e-02
  0  0   2.42e-02
  2  6   5.01e-03
  0  0   5.01e-03
  0  0   5.00e-03
  0  0   5.00e-03
  0  0   5.00e-03
  0  0   4.99e-03
  0  0   4.98e-03
  0  0   4.96e-03
  0  0   4.95e-03
  0  0   4.94e-03
  0  0   4.95e-03
  0  0   5.04e-03
  0  0   5.28e-03
  0  0   5.69e-03
  0  0   5.86e-03
  0  0   5.74e-03
  0  0   5.81e-03
  0  0   6.00e-03
  0  0   6.20e-03
  0  0   6.30e-03
  0  0   6.09e-03
  0  0   5.49e-03
  0  0   4.65e-03
  2  7   5.65e-01
  0  0   5.64e-01
  0  0   5.64e-01
  0  0   5.64e-01
  0  0   5.64e-01
  0  0   5.64e-01
  0  0   5.63e-01
  0  0   5.63e-01
  0  0   5.63e-01
  0  0   5.63e-01
  0  0   5.66e-01
  0  0   5.74e-01
  0  0   5.92e-01
  0  0   6.19e-01
  0  0   6.37e-01
  0  0   6.45e-01
  0  0   6.60e-01
  0  0   6.78e-01
  0  0   7.00e-01
  0  0   7.31e-01
  0  0   7.72e-01
  0  0   8.23e-01
  0  0   8.87e-01
  2  8   1.01e-02
  0  0   1.01e-02
  0  0   1.01e-02
  0  0   1.01e-02
  0  0   1.01e-02
  0  0   1.01e-02
  0  0   1.01e-02
  0  0   1.01e-02
  0  0   1.01e-02
  0  0   1.01e-02
  0  0   1.00e-02
  0  0   9.95e-03
  0  0   9.78e-03
  0  0   9.51e-03
  0  0   9.26e-03
  0  0   9.12e-03
  0  0   9.19e-03
  0  0   9.86e-03
  0  0   1.11e-02
  0  0   1.22e-02
  0  0   1.23e-02
  0  0   1.13e-02
  0  0   9.53e-03
  2  9   1.32e-02
  0  0   1.32e-02
  0  0   1.32e-02
  0  0   1.32e-02
  0  0   1.32e-02
  0  0   1.32e-02
  0  0   1.32e-02
  0  0   1.32e-02
  0  0   1.31e-02
  0  0   1.31e-02
  0  0   1.31e-02
  0  0   1.31e-02
  0  0   1.31e-02
  0  0   1.31e-02
  0  0   1.30e-02
  0  0   1.29e-02
  0  0   1.37e-02
  0  0   1.58e-02
  0  0   1.87e-02
  0  0   2.06e-02
  0  0   2.04e-02
  0  0   1.83e-02
  0  0   1.52e-02
  2 10   1.51e-03
  0  0   1.51e-03
  0  0   1.51e-03
  0  0   1.51e-03
  0  0   1.51e-03
  0  0   1.51e-03
  0  0   1.51e-03
  0  0   1.51e-03
  0  0   1.52e-03
  0  0   1.53e-03
  0  0   1.53e-03
  0  0   1.54e-03
  0  0   1.54e-03
  0  0   1.54e-03
  0  0   1.57e-03
  0  0   1.70e-03
  0  0   2.01e-03
  0  0   2.53e-03
  0  0   3.13e-03
  0  0   3.48e-03
  0  0   3.41e-03
  0  0   3.00e-03
  0  0   2.41e-03
  3  4   6.66e-01
  0  0   6.66e-01
  0  0   6.64e-01
  0  0   6.63e-01
  0  0   6.60e-01
  0  0   6.56e-01
  0  0   6.50e-01
  0  0   6.42e-01
  0  0   6.32e-01
  0  0   6.26e-01
  0  0   6.35e-01
  0  0   6.86e-01
  0  0   8.23e-01
  0  0   1.05e+00
  0  0   1.15e+00
  0  0   1.07e+00
  0  0   1.00e+00
  0  0   9.03e-01
  0  0   7.43e-01
  0  0   6.15e-01
  0  0   5.19e-01
  0  0   4.24e-01
  0  0   3.42e-01
  3  5   1.28e-01
  0  0   1.28e-01
  0  0   1.28e-01
  0  0   1.28e-01
  0  0   1.28e-01
  0  0   1.27e-01
  0  0   1.27e-01
  0  0   1.26e-01
  0  0   1.25e-01
  0  0   1.24e-01
  0  0   1.24e-01
  0  0   1.25e-01
  0  0   1.29e-01
  0  0   1.37e-01
  0  0   1.36e-01
  0  0   1.24e-01
  0  0   1.14e-01
  0  0   1.10e-01
  0  0   1.10e-01
  0  0   1.09e-01
  0  0   1.02e-01
  0  0   8.92e-02
  0  0   7.27e-02
  3  6   4.90e-01
  0  0   4.90e-01
  0  0   4.89e-01
  0  0   4.89e-01
  0  0   4.89e-01
  0  0   4.88e-01
  0  0   4.88e-01
  0  0   4.87e-01
  0  0   4.87e-01
  0  0   4.88e-01
  0  0   4.93e-01
  0  0   5.08e-01
  0  0   5.40e-01
  0  0   5.88e-01
  0  0   6.20e-01
  0  0   6.32e-01
  0  0   6.52e-01
  0  0   6.74e-01
  0  0   6.97e-01
  0  0   7.29e-01
  0  0   7.70e-01
  0  0   8.22e-01
  0  0   8.88e-01
  3  7   4.49e-01
  0  0   4.48e-01
  0  0   4.48e-01
  0  0   4.48e-01
  0  0   4.48e-01
  0  0   4.48e-01
  0  0   4.48e-01
  0  0   4.47e-01
  0  0   4.47e-01
  0  0   4.47e-01
  0  0   4.49e-01
  0  0   4.56e-01
  0  0   4.69e-01
  0  0   4.89e-01
  0  0   5.02e-01
  0  0   5.08e-01
  0  0   5.19e-01
  0  0   5.34e-01
  0  0   5.52e-01
  0  0   5.76e-01
  0  0   6.05e-01
  0  0   6.42e-01
  0  0   6.87e-01
  3  8   8.21e-01
  0  0   8.21e-01
  0  0   8.21e-01
  0  0   8.21e-01
  0  0   8.21e-01
  0  0   8.21e-01
  0  0   8.21e-01
  0  0   8.21e-01
  0  0   8.21e-01
  0  0   8.21e-01
  0  0   8.22e-01
  0  0   8.23e-01
  0  0   8.25e-01
  0  0   8.30e-01
  0  0   8.35e-01
  0  0   8.43e-01
  0  0   8.55e-01
  0  0   8.75e-01
  0  0   9.04e-01
  0  0   9.43e-01
  0  0   9.93e-01
  0  0   1.06e+00
  0  0   1.13e+00
  3  9   4.12e-02
  0  0   4.12e-02
  0  0   4.12e-02
  0  0   4.12e-02
  0  0   4.12e-02
  0  0   4.12e-02
  0  0   4.11e-02
  0  0   4.11e-02
  0  0   4.11e-02
  0  0   4.11e-02
  0  0   4.10e-02
  0  0   4.10e-02
  0  0   4.09e-02
  0  0   4.08e-02
  0  0   4.05e-02
  0  0   4.06e-02
  0  0   4.28e-02
  0  0   4.90e-02
  0  0   5.75e-02
  0  0   6.31e-02
  0  0   6.27e-02
  0  0   5.64e-02
  0  0   4.69e-02
  3 10   4.82e-03
  0  0   4.82e-03
  0  0   4.82e-03
  0  0   4.82e-03
  0  0   4.82e-03
  0  0   4.82e-03
  0  0   4.83e-03
  0  0   4.84e-03
  0  0   4.85e-03
  0  0   4.86e-03
  0  0   4.88e-03
  0  0   4.89e-03
  0  0   4.89e-03
  0  0   4.89e-03
  0  0   4.95e-03
  0  0   5.30e-03
  0  0   6.26e-03
  0  0   7.86e-03
  0  0   9.64e-03
  0  0   1.07e-02
  0  0   1.04e-02
  0  0   9.17e-03
  0  0   7.39e-03
  4  5   2.16e-01
  0  0   2.15e-01
  0  0   2.15e-01
  0  0   2.15e-01
  0  0   2.15e-01
  0  0   2.14e-01
  0  0   2.13e-01
  0  0   2.12e-01
  0  0   2.11e-01
  0  0   2.09e-01
  0  0   2.08e-01
  0  0   2.10e-01
  0  0   2.17e-01
  0  0   2.30e-01
  0  0   2.28e-01
  0  0   2.07e-01
  0  0   1.92e-01
  0  0   1.83e-01
  0  0   1.82e-01
  0  0   1.81e-01
  0  0   1.71e-01
  0  0   1.48e-01
  0  0   1.21e-01
  4  6   7.85e-03
  0  0   7.85e-03
  0  0   7.84e-03
  0  0   7.84e-03
  0  0   7.83e-03
  0  0   7.82e-03
  0  0   7.80e-03
  0  0   7.78e-03
  0  0   7.75e-03
  0  0   7.72e-03
  0  0   7.71e-03
  0  0   7.79e-03
  0  0   8.05e-03
  0  0   8.48e-03
  0  0   8.56e-03
  0  0   8.25e-03
  0  0   8.36e-03
  0  0   9.02e-03
  0  0   1.02e-02
  0  0   1.12e-02
  0  0   1.14e-02
  0  0   1.05e-02
  0  0   8.82e-03
  4  7   7.26e-01
  0  0   7.26e-01
  0  0   7.26e-01
  0  0   7.26e-01
  0  0   7.26e-01
  0  0   7.25e-01
  0  0   7.25e-01
  0  0   7.24e-01
  0  0   7.24e-01
  0  0   7.25e-01
  0  0   7.28e-01
  0  0   7.38e-01
  0  0   7.61e-01
  0  0   7.95e-01
  0  0   8.17e-01
  0  0   8.26e-01
  0  0   8.45e-01
  0  0   8.69e-01
  0  0   8.99e-01
  0  0   9.39e-01
  0  0   9.91e-01
  0  0   1.06e+00
  0  0   1.14e+00
  4  8   2.44e+00
  0  0   2.44e+00
  0  0   2.44e+00
  0  0   2.44e+00
  0  0   2.44e+00
  0  0   2.44e+00
  0  0   2.44e+00
  0  0   2.44e+00
  0  0   2.44e+00
  0  0   2.44e+00
  0  0   2.45e+00
  0  0   2.45e+00
  0  0   2.46e+00
  0  0   2.47e+00
  0  0   2.49e+00
  0  0   2.51e+00
  0  0   2.55e+00
  0  0   2.60e+00
  0  0   2.69e+00
  0  0   2.80e+00
  0  0   2.94e+00
  0  0   3.13e+00
  0  0   3.36e+00
  4  9   7.80e-02
  0  0   7.80e-02
  0  0   7.80e-02
  0  0   7.80e-02
  0  0   7.80e-02
  0  0   7.79e-02
  0  0   7.79e-02
  0  0   7.79e-02
  0  0   7.78e-02
  0  0   7.77e-02
  0  0   7.76e-02
  0  0   7.75e-02
  0  0   7.74e-02
  0  0   7.71e-02
  0  0   7.66e-02
  0  0   7.68e-02
  0  0   8.05e-02
  0  0   9.07e-02
  0  0   1.05e-01
  0  0   1.14e-01
  0  0   1.13e-01
  0  0   1.03e-01
  0  0   8.69e-02
  4 10   8.48e-03
  0  0   8.48e-03
  0  0   8.48e-03
  0  0   8.49e-03
  0  0   8.49e-03
  0  0   8.50e-03
  0  0   8.50e-03
  0  0   8.52e-03
  0  0   8.54e-03
  0  0   8.56e-03
  0  0   8.60e-03
  0  0   8.63e-03
  0  0   8.65e-03
  0  0   8.66e-03
  0  0   8.78e-03
  0  0   9.37e-03
  0  0   1.10e-02
  0  0   1.36e-02
  0  0   1.66e-02
  0  0   1.83e-02
  0  0   1.79e-02
  0  0   1.57e-02
  0  0   1.27e-02
  5  6   2.90e-02
  0  0   2.90e-02
  0  0   2.89e-02
  0  0   2.89e-02
  0  0   2.89e-02
  0  0   2.88e-02
  0  0   2.87e-02
  0  0   2.85e-02
  0  0   2.82e-02
  0  0   2.79e-02
  0  0   2.74e-02
  0  0   2.70e-02
  0  0   2.67e-02
  0  0   2.61e-02
  0  0   2.35e-02
  0  0   1.98e-02
  0  0   1.73e-02
  0  0   1.58e-02
  0  0   1.49e-02
  0  0   1.44e-02
  0  0   1.35e-02
  0  0   1.19e-02
  0  0   9.85e-03
  5  7   9.90e-02
  0  0   9.90e-02
  0  0   9.89e-02
  0  0   9.89e-02
  0  0   9.88e-02
  0  0   9.86e-02
  0  0   9.83e-02
  0  0   9.78e-02
  0  0   9.71e-02
  0  0   9.61e-02
  0  0   9.44e-02
  0  0   9.19e-02
  0  0   8.82e-02
  0  0   8.22e-02
  0  0   7.24e-02
  0  0   6.09e-02
  0  0   5.26e-02
  0  0   4.74e-02
  0  0   4.47e-02
  0  0   4.29e-02
  0  0   3.99e-02
  0  0   3.49e-02
  0  0   2.86e-02
  5  8   2.01e-01
  0  0   2.01e-01
  0  0   2.01e-01
  0  0   2.01e-01
  0  0   2.01e-01
  0  0   2.01e-01
  0  0   2.01e-01
  0  0   2.01e-01
  0  0   2.00e-01
  0  0   1.98e-01
  0  0   1.94e-01
  0  0   1.87e-01
  0  0   1.72e-01
  0  0   1.50e-01
  0  0   1.27e-01
  0  0   1.09e-01
  0  0   9.37e-02
  0  0   8.45e-02
  0  0   8.07e-02
  0  0   7.83e-02
  0  0   7.36e-02
  0  0   6.57e-02
  0  0   5.58e-02
  5  9   3.51e+00
  0  0   3.51e+00
  0  0   3.51e+00
  0  0   3.51e+00
  0  0   3.51e+00
  0  0   3.51e+00
  0  0   3.51e+00
  0  0   3.51e+00
  0  0   3.51e+00
  0  0   3.51e+00
  0  0   3.51e+00
  0  0   3.52e+00
  0  0   3.54e+00
  0  0   3.56e+00
  0  0   3.59e+00
  0  0   3.62e+00
  0  0   3.67e+00
  0  0   3.76e+00
  0  0   3.89e+00
  0  0   4.08e+00
  0  0   4.33e+00
  0  0   4.62e+00
  0  0   4.99e+00
  5 10   1.12e+00
  0  0   1.12e+00
  0  0   1.12e+00
  0  0   1.12e+00
  0  0   1.12e+00
  0  0   1.12e+00
  0  0   1.12e+00
  0  0   1.12e+00
  0  0   1.12e+00
  0  0   1.12e+00
  0  0   1.12e+00
  0  0   1.12e+00
  0  0   1.13e+00
  0  0   1.14e+00
  0  0   1.15e+00
  0  0   1.16e+00
  0  0   1.18e+00
  0  0   1.21e+00
  0  0   1.24e+00
  0  0   1.29e+00
  0  0   1.37e+00
  0  0   1.46e+00
  0  0   1.58e+00
  6  7   1.20e-01
  0  0   1.20e-01
  0  0   1.20e-01
  0  0   1.20e-01
  0  0   1.20e-01
  0  0   1.20e-01
  0  0   1.19e-01
  0  0   1.19e-01
  0  0   1.19e-01
  0  0   1.18e-01
  0  0   1.17e-01
  0  0   1.17e-01
  0  0   1.17e-01
  0  0   1.18e-01
  0  0   1.15e-01
  0  0   1.08e-01
  0  0   1.06e-01
  0  0   1.08e-01
  0  0   1.14e-01
  0  0   1.19e-01
  0  0   1.18e-01
  0  0   1.08e-01
  0  0   9.08e-02
  6  8   7.49e-02
  0  0   7.49e-02
  0  0   7.49e-02
  0  0   7.49e-02
  0  0   7.49e-02
  0  0   7.49e-02
  0  0   7.49e-02
  0  0   7.49e-02
  0  0   7.48e-02
  0  0   7.47e-02
  0  0   7.43e-02
  0  0   7.35e-02
  0  0   7.18e-02
  0  0   6.91e-02
  0  0   6.65e-02
  0  0   6.47e-02
  0  0   6.39e-02
  0  0   6.64e-02
  0  0   7.30e-02
  0  0   7.96e-02
  0  0   8.20e-02
  0  0   7.90e-02
  0  0   7.27e-02
  6  9   5.62e-02
  0  0   5.62e-02
  0  0   5.62e-02
  0  0   5.62e-02
  0  0   5.62e-02
  0  0   5.62e-02
  0  0   5.61e-02
  0  0   5.61e-02
  0  0   5.61e-02
  0  0   5.60e-02
  0  0   5.59e-02
  0  0   5.57e-02
  0  0   5.55e-02
  0  0   5.51e-02
  0  0   5.45e-02
  0  0   5.36e-02
  0  0   5.30e-02
  0  0   5.42e-02
  0  0   5.73e-02
  0  0   5.90e-02
  0  0   5.69e-02
  0  0   5.09e-02
  0  0   4.24e-02
  6 10   6.98e-03
  0  0   6.98e-03
  0  0   6.98e-03
  0  0   6.98e-03
  0  0   6.98e-03
  0  0   6.98e-03
  0  0   6.98e-03
  0  0   6.97e-03
  0  0   6.97e-03
  0  0   6.96e-03
  0  0   6.96e-03
  0  0   6.94e-03
  0  0   6.92e-03
  0  0   6.87e-03
  0  0   6.80e-03
  0  0   6.84e-03
  0  0   7.43e-03
  0  0   8.88e-03
  0  0   1.08e-02
  0  0   1.18e-02
  0  0   1.12e-02
  0  0   9.65e-03
  0  0   7.68e-03
  7  8   3.42e-01
  0  0   3.42e-01
  0  0   3.42e-01
  0  0   3.42e-01
  0  0   3.42e-01
  0  0   3.42e-01
  0  0   3.42e-01
  0  0   3.42e-01
  0  0   3.41e-01
  0  0   3.40e-01
  0  0   3.38e-01
  0  0   3.33e-01
  0  0   3.25e-01
  0  0   3.11e-01
  0  0   2.96e-01
  0  0   2.84e-01
  0  0   2.76e-01
  0  0   2.83e-01
  0  0   3.06e-01
  0  0   3.28e-01
  0  0   3.31e-01
  0  0   3.11e-01
  0  0   2.77e-01
  7  9   1.72e-01
  0  0   1.72e-01
  0  0   1.72e-01
  0  0   1.72e-01
  0  0   1.72e-01
  0  0   1.72e-01
  0  0   1.72e-01
  0  0   1.72e-01
  0  0   1.72e-01
  0  0   1.72e-01
  0  0   1.72e-01
  0  0   1.71e-01
  0  0   1.70e-01
  0  0   1.69e-01
  0  0   1.67e-01
  0  0   1.65e-01
  0  0   1.63e-01
  0  0   1.67e-01
  0  0   1.76e-01
  0  0   1.80e-01
  0  0   1.73e-01
  0  0   1.55e-01
  0  0   1.29e-01
  7 10   2.13e-02
  0  0   2.13e-02
  0  0   2.13e-02
  0  0   2.13e-02
  0  0   2.13e-02
  0  0   2.13e-02
  0  0   2.13e-02
  0  0   2.13e-02
  0  0   2.13e-02
  0  0   2.13e-02
  0  0   2.12e-02
  0  0   2.12e-02
  0  0   2.11e-02
  0  0   2.10e-02
  0  0   2.08e-02
  0  0   2.09e-02
  0  0   2.27e-02
  0  0   2.70e-02
  0  0   3.28e-02
  0  0   3.56e-02
  0  0   3.39e-02
  0  0   2.92e-02
  0  0   2.32e-02
  8  9   3.00e-01
  0  0   3.00e-01
  0  0   3.00e-01
  0  0   3.00e-01
  0  0   2.99e-01
  0  0   2.99e-01
  0  0   2.99e-01
  0  0   2.99e-01
  0  0   2.99e-01
  0  0   2.98e-01
  0  0   2.98e-01
  0  0   2.97e-01
  0  0   2.96e-01
  0  0   2.95e-01
  0  0   2.92e-01
  0  0   2.86e-01
  0  0   2.83e-01
  0  0   2.88e-01
  0  0   3.02e-01
  0  0   3.10e-01
  0  0   2.98e-01
  0  0   2.66e-01
  0  0   2.22e-01
  8 10   3.68e-02
  0  0   3.68e-02
  0  0   3.68e-02
  0  0   3.68e-02
  0  0   3.67e-02
  0  0   3.67e-02
  0  0   3.67e-02
  0  0   3.67e-02
  0  0   3.67e-02
  0  0   3.66e-02
  0  0   3.66e-02
  0  0   3.65e-02
  0  0   3.64e-02
  0  0   3.62e-02
  0  0   3.58e-02
  0  0   3.59e-02
  0  0   3.88e-02
  0  0   4.59e-02
  0  0   5.55e-02
  0  0   5.99e-02
  0  0   5.70e-02
  0  0   4.92e-02
  0  0   3.91e-02
  9 10   1.01e-01
  0  0   1.01e-01
  0  0   1.01e-01
  0  0   1.01e-01
  0  0   1.01e-01
  0  0   1.01e-01
  0  0   1.01e-01
  0  0   1.01e-01
  0  0   1.01e-01
  0  0   1.01e-01
  0  0   1.01e-01
  0  0   1.01e-01
  0  0   1.01e-01
  0  0   1.02e-01
  0  0   1.03e-01
  0  0   1.04e-01
  0  0   1.08e-01
  0  0   1.14e-01
  0  0   1.23e-01
  0  0   1.30e-01
  0  0   1.35e-01
  0  0   1.36e-01
  0  0   1.37e-01
 0 0 0
  1  2   0.000e+00
  1  3   9.701e+04
  1  4   1.247e-01
  1  5   5.123e+09
  1  6   0.000e+00
  1  7   0.000e+00
  1  8   0.000e+00
  1  9   0.000e+00
  1 10   0.000e+00
  2  3   0.000e+00
  2  4   0.000e+00
  2  5   0.000e+00
  2  6   0.000e+00
  2  7   1.369e+09
  2  8   0.000e+00
  2  9   0.000e+00
  2 10   0.000e+00
  3  4   2.032e-01
  3  5   0.000e+00
  3  6   3.970e+09
  3  7   1.011e+09
  3  8   1.042e+09
  3  9   8.017e+05
  3 10   9.279e+05
  4  5   0.000e+00
  4  6   0.000e+00
  4  7   1.627e+09
  4  8   3.012e+09
  4  9   1.172e+07
  4 10   0.000e+00
  5  6   1.524e+05
  5  7   0.000e+00
  5  8   5.514e+05
  5  9   7.834e+08
  5 10   7.502e+09
  6  7   0.000e+00
  6  8   0.000e+00
  6  9   0.000e+00
  6 10   0.000e+00
  7  8   0.000e+00
  7  9   0.000e+00
  7 10   0.000e+00
  8  9   0.000e+00
  8 10   0.000e+00
  9 10   0.000e+00
  1  1        0.0
  2  1   140504.0
  3  3   141631.0
  4  5   144091.0
  5  3   271687.0
  6  1   365856.0
  7  3   367159.0
  8  5   369330.0
  9  5   405100.0
 10  1   499633.0
