 25
** Atomic data from version 6 of the CHIANTI database **
%observed energy levels: Martin, W.C., Sugar, J., Musgrove, A., Dalton, G.R., 1995, 
    NIST Database for Atomic Spectroscopy, Version 1.0, NIST Standard Reference Database 61.
%comment: theoretical energy levels are the same as the observed ones
%comment:     15829955      Limit 
%produced as part of the Arcetri/Cambridge/NRL 'CHIANTI' atomic data base collaboration
%
% K.P.Dere 2000
%filename: mg_12.wgfa
%observed energy levels: Martin,W.C., Sugar,J., Musgrove,A., Dalton,G.R., 1995, 
   NIST Database for Atomic Spectroscopy, Version 1.0, NIST Standard Reference Database 61.
% A values: Parpia,F.A., Johnson,W.R., 1982, Phys.Rev.A, 26, 1142.
%oscillator strengths: Wiese,W.L., Smith,M.W., Glennon,B.M., 1966, Atomic Transition Probabilities, NSRDS-NBS-4.
%note: Wiese's oscillator strengths are hydrogenic
%produced as part of the Arcetri/Cambridge/NRL 'CHIANTI' atomic data base collaboration
%  
% Ken Dere - 1998

%filename: mg_12.splups
%oscillator strengths: Wiese,W.L., Smith,M.W., Glennon,B.M., 1966, Atomic Transition Probabilities, NSRDS-NBS-4 (hydrogenic)
%effective collision strengths: interpolation of Aggarwal,K.M., Kingston,A.E., 1991, J. Phys. B, 24, 4583
%comment: corrected the effective collision strengths for transition 2-5 from V 4.2 - E.Landi, July 16, 2004
%produced as part of the Arcetri/Cambridge/NRL 'CHIANTI' atomic data base collaboration
%
%  K.P.Dere and E. Landi - Jan 2005
 9 23
  1  1s 2S1/2
  2  2s 2S1/2
  3  2p 2P1/2
  4  2p 2P3/2
  5  3s 2S1/2
  6  3p 2P1/2
  7  3p 2P3/2
  8  3d 2D3/2
  9  3d 2D5/2
     100.0
     158.5
     251.2
     398.1
     631.0
    1000.0
    1584.9
    2511.9
    3981.1
    6309.6
   10000.0
   15848.9
   25118.9
   39810.7
   63095.8
  100000.0
  158489.2
  251188.7
  398107.1
  630957.6
 1000000.0
 1584892.5
 2511887.0
0
  1  2   5.02e-03
  0  0   5.02e-03
  0  0   5.02e-03
  0  0   5.02e-03
  0  0   5.02e-03
  0  0   5.02e-03
  0  0   5.02e-03
  0  0   5.02e-03
  0  0   5.02e-03
  0  0   5.02e-03
  0  0   5.02e-03
  0  0   5.02e-03
  0  0   5.02e-03
  0  0   5.02e-03
  0  0   5.02e-03
  0  0   5.03e-03
  0  0   5.03e-03
  0  0   5.04e-03
  0  0   5.04e-03
  0  0   5.06e-03
  0  0   5.07e-03
  0  0   5.09e-03
  0  0   5.11e-03
  1  3   7.21e-03
  0  0   7.21e-03
  0  0   7.21e-03
  0  0   7.21e-03
  0  0   7.21e-03
  0  0   7.21e-03
  0  0   7.21e-03
  0  0   7.21e-03
  0  0   7.21e-03
  0  0   7.21e-03
  0  0   7.21e-03
  0  0   7.21e-03
  0  0   7.21e-03
  0  0   7.21e-03
  0  0   7.20e-03
  0  0   7.20e-03
  0  0   7.20e-03
  0  0   7.19e-03
  0  0   7.19e-03
  0  0   7.19e-03
  0  0   7.21e-03
  0  0   7.28e-03
  0  0   7.50e-03
  1  4   1.45e-02
  0  0   1.45e-02
  0  0   1.45e-02
  0  0   1.45e-02
  0  0   1.45e-02
  0  0   1.45e-02
  0  0   1.45e-02
  0  0   1.45e-02
  0  0   1.45e-02
  0  0   1.45e-02
  0  0   1.45e-02
  0  0   1.45e-02
  0  0   1.45e-02
  0  0   1.45e-02
  0  0   1.45e-02
  0  0   1.44e-02
  0  0   1.44e-02
  0  0   1.44e-02
  0  0   1.44e-02
  0  0   1.44e-02
  0  0   1.44e-02
  0  0   1.46e-02
  0  0   1.50e-02
  1  5   1.26e-03
  0  0   1.26e-03
  0  0   1.26e-03
  0  0   1.26e-03
  0  0   1.26e-03
  0  0   1.26e-03
  0  0   1.26e-03
  0  0   1.26e-03
  0  0   1.26e-03
  0  0   1.26e-03
  0  0   1.26e-03
  0  0   1.26e-03
  0  0   1.26e-03
  0  0   1.26e-03
  0  0   1.25e-03
  0  0   1.25e-03
  0  0   1.25e-03
  0  0   1.24e-03
  0  0   1.23e-03
  0  0   1.21e-03
  0  0   1.18e-03
  0  0   1.15e-03
  0  0   1.11e-03
  1  6   1.62e-03
  0  0   1.62e-03
  0  0   1.62e-03
  0  0   1.62e-03
  0  0   1.62e-03
  0  0   1.62e-03
  0  0   1.62e-03
  0  0   1.62e-03
  0  0   1.62e-03
  0  0   1.62e-03
  0  0   1.62e-03
  0  0   1.62e-03
  0  0   1.62e-03
  0  0   1.62e-03
  0  0   1.62e-03
  0  0   1.61e-03
  0  0   1.61e-03
  0  0   1.60e-03
  0  0   1.59e-03
  0  0   1.58e-03
  0  0   1.56e-03
  0  0   1.55e-03
  0  0   1.55e-03
  1  7   3.24e-03
  0  0   3.24e-03
  0  0   3.24e-03
  0  0   3.24e-03
  0  0   3.24e-03
  0  0   3.24e-03
  0  0   3.24e-03
  0  0   3.24e-03
  0  0   3.24e-03
  0  0   3.24e-03
  0  0   3.24e-03
  0  0   3.24e-03
  0  0   3.24e-03
  0  0   3.24e-03
  0  0   3.23e-03
  0  0   3.23e-03
  0  0   3.22e-03
  0  0   3.21e-03
  0  0   3.19e-03
  0  0   3.17e-03
  0  0   3.13e-03
  0  0   3.10e-03
  0  0   3.10e-03
  1  8   5.83e-04
  0  0   5.83e-04
  0  0   5.83e-04
  0  0   5.83e-04
  0  0   5.83e-04
  0  0   5.82e-04
  0  0   5.82e-04
  0  0   5.82e-04
  0  0   5.82e-04
  0  0   5.82e-04
  0  0   5.82e-04
  0  0   5.81e-04
  0  0   5.80e-04
  0  0   5.78e-04
  0  0   5.76e-04
  0  0   5.72e-04
  0  0   5.66e-04
  0  0   5.56e-04
  0  0   5.41e-04
  0  0   5.19e-04
  0  0   4.88e-04
  0  0   4.46e-04
  0  0   3.99e-04
  1  9   8.76e-04
  0  0   8.76e-04
  0  0   8.76e-04
  0  0   8.76e-04
  0  0   8.76e-04
  0  0   8.76e-04
  0  0   8.76e-04
  0  0   8.76e-04
  0  0   8.76e-04
  0  0   8.75e-04
  0  0   8.75e-04
  0  0   8.74e-04
  0  0   8.72e-04
  0  0   8.70e-04
  0  0   8.66e-04
  0  0   8.60e-04
  0  0   8.50e-04
  0  0   8.36e-04
  0  0   8.14e-04
  0  0   7.80e-04
  0  0   7.32e-04
  0  0   6.69e-04
  0  0   5.97e-04
  2  5   4.87e-02
  0  0   4.87e-02
  0  0   4.87e-02
  0  0   4.87e-02
  0  0   4.87e-02
  0  0   4.87e-02
  0  0   4.87e-02
  0  0   4.87e-02
  0  0   4.88e-02
  0  0   4.88e-02
  0  0   4.88e-02
  0  0   4.89e-02
  0  0   4.90e-02
  0  0   4.92e-02
  0  0   4.95e-02
  0  0   4.99e-02
  0  0   5.05e-02
  0  0   5.14e-02
  0  0   5.24e-02
  0  0   5.35e-02
  0  0   5.46e-02
  0  0   5.54e-02
  0  0   5.60e-02
  2  6   2.14e-02
  0  0   2.14e-02
  0  0   2.14e-02
  0  0   2.14e-02
  0  0   2.14e-02
  0  0   2.14e-02
  0  0   2.14e-02
  0  0   2.14e-02
  0  0   2.14e-02
  0  0   2.14e-02
  0  0   2.15e-02
  0  0   2.15e-02
  0  0   2.16e-02
  0  0   2.17e-02
  0  0   2.19e-02
  0  0   2.23e-02
  0  0   2.27e-02
  0  0   2.34e-02
  0  0   2.43e-02
  0  0   2.53e-02
  0  0   2.66e-02
  0  0   2.84e-02
  0  0   3.16e-02
  2  7   4.29e-02
  0  0   4.29e-02
  0  0   4.29e-02
  0  0   4.29e-02
  0  0   4.29e-02
  0  0   4.29e-02
  0  0   4.29e-02
  0  0   4.29e-02
  0  0   4.30e-02
  0  0   4.30e-02
  0  0   4.31e-02
  0  0   4.32e-02
  0  0   4.33e-02
  0  0   4.36e-02
  0  0   4.40e-02
  0  0   4.46e-02
  0  0   4.55e-02
  0  0   4.68e-02
  0  0   4.86e-02
  0  0   5.07e-02
  0  0   5.32e-02
  0  0   5.70e-02
  0  0   6.33e-02
  2  8   4.26e-02
  0  0   4.26e-02
  0  0   4.26e-02
  0  0   4.26e-02
  0  0   4.26e-02
  0  0   4.26e-02
  0  0   4.27e-02
  0  0   4.27e-02
  0  0   4.27e-02
  0  0   4.28e-02
  0  0   4.28e-02
  0  0   4.30e-02
  0  0   4.32e-02
  0  0   4.35e-02
  0  0   4.40e-02
  0  0   4.48e-02
  0  0   4.59e-02
  0  0   4.74e-02
  0  0   4.91e-02
  0  0   5.06e-02
  0  0   5.14e-02
  0  0   5.22e-02
  0  0   5.40e-02
  2  9   6.44e-02
  0  0   6.44e-02
  0  0   6.44e-02
  0  0   6.44e-02
  0  0   6.44e-02
  0  0   6.44e-02
  0  0   6.44e-02
  0  0   6.45e-02
  0  0   6.45e-02
  0  0   6.46e-02
  0  0   6.47e-02
  0  0   6.49e-02
  0  0   6.52e-02
  0  0   6.57e-02
  0  0   6.64e-02
  0  0   6.74e-02
  0  0   6.90e-02
  0  0   7.11e-02
  0  0   7.36e-02
  0  0   7.58e-02
  0  0   7.71e-02
  0  0   7.84e-02
  0  0   8.12e-02
 0 0 0
  1  2   1.558e+05
 -1 -2   2.445e+07
  1  3   1.303e+13
  1  4   1.306e+13
  1  5   0.000e+00
  1  6   3.479e+12
  1  7   3.485e+12
  1  8   0.000e+00
  1  9   0.000e+00
  2  3   0.000e+00
  2  4   0.000e+00
  2  5   0.000e+00
  2  6   4.678e+11
  2  7   4.695e+11
  2  8   0.000e+00
  2  9   0.000e+00
  3  4   0.000e+00
  3  5   4.392e+10
  3  6   0.000e+00
  3  7   0.000e+00
  3  8   1.126e+12
  3  9   0.000e+00
  4  5   8.723e+10
  4  6   0.000e+00
  4  7   0.000e+00
  4  8   2.237e+11
  4  9   1.343e+12
  5  6   0.000e+00
  5  7   0.000e+00
  5  8   0.000e+00
  5  9   0.000e+00
  6  7   0.000e+00
  6  8   0.000e+00
  6  9   0.000e+00
  7  8   0.000e+00
  7  9   0.000e+00
  8  9   0.000e+00
  1  2        0.0
  2  2 11870297.1
  3  2 11869988.3
  4  4 11877615.1
  5  2 14070911.0
  6  2 14070818.0
  7  4 14073078.0
  8  4 14073074.0
  9  6 14073825.0
