 22
** Atomic data from version 7 of the CHIANTI database **
%Observed energy levels: Smitt et al. 1976, Phys. Scr., 13, 293
%Observed energy levels (3d): Shirai, T., Sugar, J., Musgrove, A., & Wiese, W.L. 2000, J.Phys.Chem.Ref.Data, Monograph 8
%Theoretical energy levels: Landi & Young 2009, ApJ, in press
%produced as part of the Arcetri/Cambridge/NRL 'CHIANTI' atomic data base collaboration
%
% Enrico Landi - Dec 2008
%filename: mn_10.wgfa
%Observed energy levels: Smitt et al. 1976, Phys. Scr., 13, 293
%Observed energy levels (3d): Shirai, T., Sugar, J., Musgrove, A., & Wiese, W.L. 2000, J.Phys.Chem.Ref.Data, Monograph 8
%Theoretical energy levels: Landi & Young 2009, ApJ, in press
%A and gf values: Landi & Young 2009, ApJ, in press
%produced as part of the Arcetri/Cambridge/NRL 'CHIANTI' atomic data base collaboration
%
% Enrico Landi - Dec 2008

%filename: mn_10.splups
%gf values: Landi & Young 2009, ApJ, in press
%Collision strengths: Landi & Young 2009, ApJ, in press
%produced as part of the Arcetri/Cambridge/NRL 'CHIANTI' atomic data base collaboration
%
% Enrico Landi - Dec 2008
 5 23
  1  3s2.3p4 3P2
  2  3s2.3p4 3P1
  3  3s2.3p4 3P0
  4  3s2.3p4 1D2
  5  3s2.3p4 1S0
     100.0
     158.5
     251.2
     398.1
     631.0
    1000.0
    1584.9
    2511.9
    3981.1
    6309.6
   10000.0
   15848.9
   25118.9
   39810.7
   63095.8
  100000.0
  158489.2
  251188.7
  398107.1
  630957.6
 1000000.0
 1584892.5
 2511887.0
0
  1  2   3.87e-01
  0  0   3.87e-01
  0  0   3.87e-01
  0  0   3.87e-01
  0  0   3.87e-01
  0  0   3.87e-01
  0  0   3.87e-01
  0  0   3.86e-01
  0  0   3.86e-01
  0  0   3.86e-01
  0  0   3.86e-01
  0  0   3.85e-01
  0  0   3.85e-01
  0  0   3.84e-01
  0  0   3.82e-01
  0  0   3.79e-01
  0  0   3.75e-01
  0  0   3.68e-01
  0  0   3.59e-01
  0  0   3.48e-01
  0  0   3.34e-01
  0  0   3.20e-01
  0  0   3.07e-01
  1  3   1.50e-01
  0  0   1.50e-01
  0  0   1.50e-01
  0  0   1.50e-01
  0  0   1.50e-01
  0  0   1.50e-01
  0  0   1.50e-01
  0  0   1.50e-01
  0  0   1.50e-01
  0  0   1.50e-01
  0  0   1.50e-01
  0  0   1.50e-01
  0  0   1.50e-01
  0  0   1.49e-01
  0  0   1.49e-01
  0  0   1.48e-01
  0  0   1.47e-01
  0  0   1.45e-01
  0  0   1.43e-01
  0  0   1.40e-01
  0  0   1.37e-01
  0  0   1.35e-01
  0  0   1.31e-01
  1  4   1.85e-01
  0  0   1.85e-01
  0  0   1.85e-01
  0  0   1.85e-01
  0  0   1.85e-01
  0  0   1.85e-01
  0  0   1.85e-01
  0  0   1.85e-01
  0  0   1.84e-01
  0  0   1.84e-01
  0  0   1.84e-01
  0  0   1.84e-01
  0  0   1.83e-01
  0  0   1.82e-01
  0  0   1.80e-01
  0  0   1.77e-01
  0  0   1.74e-01
  0  0   1.68e-01
  0  0   1.60e-01
  0  0   1.50e-01
  0  0   1.38e-01
  0  0   1.25e-01
  0  0   1.11e-01
  1  5   1.37e-02
  0  0   1.37e-02
  0  0   1.37e-02
  0  0   1.37e-02
  0  0   1.37e-02
  0  0   1.37e-02
  0  0   1.36e-02
  0  0   1.36e-02
  0  0   1.36e-02
  0  0   1.36e-02
  0  0   1.36e-02
  0  0   1.35e-02
  0  0   1.35e-02
  0  0   1.34e-02
  0  0   1.32e-02
  0  0   1.29e-02
  0  0   1.25e-02
  0  0   1.19e-02
  0  0   1.11e-02
  0  0   1.00e-02
  0  0   8.83e-03
  0  0   7.57e-03
  0  0   6.34e-03
  2  3   6.42e-02
  0  0   6.42e-02
  0  0   6.42e-02
  0  0   6.42e-02
  0  0   6.41e-02
  0  0   6.41e-02
  0  0   6.41e-02
  0  0   6.41e-02
  0  0   6.40e-02
  0  0   6.40e-02
  0  0   6.38e-02
  0  0   6.36e-02
  0  0   6.33e-02
  0  0   6.28e-02
  0  0   6.21e-02
  0  0   6.09e-02
  0  0   5.92e-02
  0  0   5.66e-02
  0  0   5.30e-02
  0  0   4.83e-02
  0  0   4.27e-02
  0  0   3.64e-02
  0  0   3.01e-02
  2  4   1.03e-01
  0  0   1.03e-01
  0  0   1.03e-01
  0  0   1.03e-01
  0  0   1.03e-01
  0  0   1.03e-01
  0  0   1.03e-01
  0  0   1.03e-01
  0  0   1.03e-01
  0  0   1.03e-01
  0  0   1.03e-01
  0  0   1.03e-01
  0  0   1.02e-01
  0  0   1.01e-01
  0  0   1.00e-01
  0  0   9.87e-02
  0  0   9.61e-02
  0  0   9.23e-02
  0  0   8.69e-02
  0  0   7.97e-02
  0  0   7.10e-02
  0  0   6.17e-02
  0  0   5.21e-02
  2  5   1.37e-02
  0  0   1.37e-02
  0  0   1.37e-02
  0  0   1.37e-02
  0  0   1.37e-02
  0  0   1.37e-02
  0  0   1.36e-02
  0  0   1.36e-02
  0  0   1.36e-02
  0  0   1.36e-02
  0  0   1.36e-02
  0  0   1.35e-02
  0  0   1.35e-02
  0  0   1.33e-02
  0  0   1.32e-02
  0  0   1.29e-02
  0  0   1.25e-02
  0  0   1.18e-02
  0  0   1.10e-02
  0  0   9.79e-03
  0  0   8.43e-03
  0  0   7.03e-03
  0  0   5.65e-03
  3  4   3.99e-02
  0  0   3.99e-02
  0  0   3.99e-02
  0  0   3.99e-02
  0  0   3.98e-02
  0  0   3.98e-02
  0  0   3.98e-02
  0  0   3.98e-02
  0  0   3.98e-02
  0  0   3.98e-02
  0  0   3.97e-02
  0  0   3.96e-02
  0  0   3.95e-02
  0  0   3.92e-02
  0  0   3.89e-02
  0  0   3.83e-02
  0  0   3.75e-02
  0  0   3.62e-02
  0  0   3.44e-02
  0  0   3.20e-02
  0  0   2.90e-02
  0  0   2.59e-02
  0  0   2.27e-02
  3  5   3.65e-03
  0  0   3.65e-03
  0  0   3.65e-03
  0  0   3.65e-03
  0  0   3.65e-03
  0  0   3.65e-03
  0  0   3.65e-03
  0  0   3.64e-03
  0  0   3.64e-03
  0  0   3.63e-03
  0  0   3.62e-03
  0  0   3.61e-03
  0  0   3.59e-03
  0  0   3.55e-03
  0  0   3.50e-03
  0  0   3.42e-03
  0  0   3.30e-03
  0  0   3.12e-03
  0  0   2.88e-03
  0  0   2.57e-03
  0  0   2.21e-03
  0  0   1.84e-03
  0  0   1.47e-03
  4  5   4.61e-01
  0  0   4.61e-01
  0  0   4.61e-01
  0  0   4.61e-01
  0  0   4.61e-01
  0  0   4.61e-01
  0  0   4.61e-01
  0  0   4.61e-01
  0  0   4.61e-01
  0  0   4.61e-01
  0  0   4.61e-01
  0  0   4.61e-01
  0  0   4.61e-01
  0  0   4.61e-01
  0  0   4.60e-01
  0  0   4.59e-01
  0  0   4.58e-01
  0  0   4.56e-01
  0  0   4.53e-01
  0  0   4.49e-01
  0  0   4.44e-01
  0  0   4.39e-01
  0  0   4.34e-01
 0 0 0
  1  2   2.175e+01
  1  3   5.102e-03
  1  4   5.921e+01
  1  5   5.377e-01
  2  3   2.232e-01
  2  4   8.002e+00
  2  5   5.577e+02
  3  4   3.407e-03
  3  5   0.000e+00
  4  5   3.145e+00
  1  5        0.0
  2  3    10022.2
  3  1    11794.6
  4  5    33818.6
  5  1    73539.6
