 21
** Atomic data from version 6 of the CHIANTI database **
%Observed energy levels: Edlen, 1984, Phys.Scripta, 30, 135 
%Theoretical energy levels (1-15): Zhang, Sampson, ADNDT, 1999, 72, 153
% produced as part of the Arcetri/Cambridge/NRL 'CHIANTI' atomic data base collaboration
% 
% G. Del Zanna, May 2001.
%filename: mn_19.wgfa 
% Experimental energy levels (1 - 15): Edlen, 1984, Phys.Scripta, 30, 135
% gf values for transitions between the (1 - 15) levels: Zhang, Sampson, 1999, ADNDT, 72, 153
% A values for transitions indicated with "M": Merkelis et al., 1999, Physica Scripta 59,122
% A values for transitions indicated with "ZS": Zhang, Sampson, 1999, ADNDT, 72, 153
%produced as part of the Arcetri/Cambridge/NRL atomic data base collaboration
%
% G. Del Zanna, May 2001.

%filename: mn_19.splups
%oscillator strengths: Zhang, Sampson, 1999, ADNDT, 72, 153
%collision strengths: Zhang, Sampson, 1999, ADNDT, 72, 153
%produced as part of the Arcetri/Cambridge/NRL 'CHIANTI' atomic data base collaboration
%
% G. Del Zanna, May 2001.
13 23
  1  2s2.2p3 4S3/2
  2  2s2.2p3 2D3/2
  3  2s2.2p3 2D5/2
  4  2s2.2p3 2P1/2
  5  2s2.2p3 2P3/2
  6  2s.2p4 4P5/2
  7  2s.2p4 4P3/2
  8  2s.2p4 4P1/2
  9  2s.2p4 2D3/2
 10  2s.2p4 2D5/2
 11  2s.2p4 2S1/2
 12  2s.2p4 2P3/2
 13  2s.2p4 2P1/2
     100.0
     158.5
     251.2
     398.1
     631.0
    1000.0
    1584.9
    2511.9
    3981.1
    6309.6
   10000.0
   15848.9
   25118.9
   39810.7
   63095.8
  100000.0
  158489.2
  251188.7
  398107.1
  630957.6
 1000000.0
 1584892.5
 2511887.0
0
  1  2   4.48e-02
  0  0   4.48e-02
  0  0   4.48e-02
  0  0   4.48e-02
  0  0   4.48e-02
  0  0   4.48e-02
  0  0   4.48e-02
  0  0   4.48e-02
  0  0   4.48e-02
  0  0   4.48e-02
  0  0   4.47e-02
  0  0   4.47e-02
  0  0   4.47e-02
  0  0   4.47e-02
  0  0   4.46e-02
  0  0   4.45e-02
  0  0   4.43e-02
  0  0   4.40e-02
  0  0   4.35e-02
  0  0   4.28e-02
  0  0   4.17e-02
  0  0   4.01e-02
  0  0   3.76e-02
  1  3   5.24e-02
  0  0   5.24e-02
  0  0   5.24e-02
  0  0   5.24e-02
  0  0   5.24e-02
  0  0   5.24e-02
  0  0   5.24e-02
  0  0   5.24e-02
  0  0   5.24e-02
  0  0   5.24e-02
  0  0   5.24e-02
  0  0   5.24e-02
  0  0   5.24e-02
  0  0   5.23e-02
  0  0   5.22e-02
  0  0   5.21e-02
  0  0   5.19e-02
  0  0   5.16e-02
  0  0   5.11e-02
  0  0   5.03e-02
  0  0   4.91e-02
  0  0   4.73e-02
  0  0   4.47e-02
  1  4   1.27e-02
  0  0   1.27e-02
  0  0   1.27e-02
  0  0   1.27e-02
  0  0   1.27e-02
  0  0   1.27e-02
  0  0   1.27e-02
  0  0   1.27e-02
  0  0   1.27e-02
  0  0   1.27e-02
  0  0   1.27e-02
  0  0   1.27e-02
  0  0   1.27e-02
  0  0   1.27e-02
  0  0   1.26e-02
  0  0   1.26e-02
  0  0   1.25e-02
  0  0   1.24e-02
  0  0   1.23e-02
  0  0   1.20e-02
  0  0   1.17e-02
  0  0   1.11e-02
  0  0   1.03e-02
  1  5   1.60e-02
  0  0   1.60e-02
  0  0   1.60e-02
  0  0   1.60e-02
  0  0   1.60e-02
  0  0   1.60e-02
  0  0   1.60e-02
  0  0   1.60e-02
  0  0   1.60e-02
  0  0   1.60e-02
  0  0   1.60e-02
  0  0   1.60e-02
  0  0   1.60e-02
  0  0   1.59e-02
  0  0   1.59e-02
  0  0   1.58e-02
  0  0   1.58e-02
  0  0   1.56e-02
  0  0   1.54e-02
  0  0   1.51e-02
  0  0   1.46e-02
  0  0   1.39e-02
  0  0   1.29e-02
  1  6   4.07e-01
  0  0   4.07e-01
  0  0   4.07e-01
  0  0   4.07e-01
  0  0   4.07e-01
  0  0   4.07e-01
  0  0   4.07e-01
  0  0   4.08e-01
  0  0   4.08e-01
  0  0   4.08e-01
  0  0   4.08e-01
  0  0   4.09e-01
  0  0   4.10e-01
  0  0   4.11e-01
  0  0   4.13e-01
  0  0   4.16e-01
  0  0   4.21e-01
  0  0   4.28e-01
  0  0   4.39e-01
  0  0   4.54e-01
  0  0   4.74e-01
  0  0   4.99e-01
  0  0   5.27e-01
  1  7   2.86e-01
  0  0   2.86e-01
  0  0   2.86e-01
  0  0   2.86e-01
  0  0   2.86e-01
  0  0   2.86e-01
  0  0   2.86e-01
  0  0   2.86e-01
  0  0   2.87e-01
  0  0   2.87e-01
  0  0   2.87e-01
  0  0   2.87e-01
  0  0   2.88e-01
  0  0   2.88e-01
  0  0   2.89e-01
  0  0   2.91e-01
  0  0   2.94e-01
  0  0   2.98e-01
  0  0   3.04e-01
  0  0   3.12e-01
  0  0   3.23e-01
  0  0   3.36e-01
  0  0   3.51e-01
  1  8   1.50e-01
  0  0   1.50e-01
  0  0   1.50e-01
  0  0   1.50e-01
  0  0   1.50e-01
  0  0   1.50e-01
  0  0   1.50e-01
  0  0   1.50e-01
  0  0   1.50e-01
  0  0   1.50e-01
  0  0   1.50e-01
  0  0   1.50e-01
  0  0   1.51e-01
  0  0   1.51e-01
  0  0   1.51e-01
  0  0   1.52e-01
  0  0   1.54e-01
  0  0   1.56e-01
  0  0   1.58e-01
  0  0   1.62e-01
  0  0   1.67e-01
  0  0   1.74e-01
  0  0   1.81e-01
  1  9   9.80e-03
  0  0   9.80e-03
  0  0   9.80e-03
  0  0   9.80e-03
  0  0   9.80e-03
  0  0   9.80e-03
  0  0   9.80e-03
  0  0   9.80e-03
  0  0   9.80e-03
  0  0   9.80e-03
  0  0   9.80e-03
  0  0   9.80e-03
  0  0   9.80e-03
  0  0   9.81e-03
  0  0   9.81e-03
  0  0   9.82e-03
  0  0   9.83e-03
  0  0   9.86e-03
  0  0   9.89e-03
  0  0   9.94e-03
  0  0   1.00e-02
  0  0   1.01e-02
  0  0   1.03e-02
  1 10   2.11e-04
  0  0   2.11e-04
  0  0   2.11e-04
  0  0   2.11e-04
  0  0   2.11e-04
  0  0   2.11e-04
  0  0   2.11e-04
  0  0   2.11e-04
  0  0   2.11e-04
  0  0   2.11e-04
  0  0   2.11e-04
  0  0   2.11e-04
  0  0   2.11e-04
  0  0   2.11e-04
  0  0   2.11e-04
  0  0   2.10e-04
  0  0   2.10e-04
  0  0   2.10e-04
  0  0   2.09e-04
  0  0   2.08e-04
  0  0   2.07e-04
  0  0   2.05e-04
  0  0   2.03e-04
  1 11   5.02e-03
  0  0   5.02e-03
  0  0   5.02e-03
  0  0   5.02e-03
  0  0   5.02e-03
  0  0   5.02e-03
  0  0   5.02e-03
  0  0   5.02e-03
  0  0   5.02e-03
  0  0   5.02e-03
  0  0   5.02e-03
  0  0   5.02e-03
  0  0   5.02e-03
  0  0   5.02e-03
  0  0   5.02e-03
  0  0   5.02e-03
  0  0   5.03e-03
  0  0   5.03e-03
  0  0   5.03e-03
  0  0   5.04e-03
  0  0   5.06e-03
  0  0   5.08e-03
  0  0   5.11e-03
  1 12   2.30e-02
  0  0   2.30e-02
  0  0   2.30e-02
  0  0   2.30e-02
  0  0   2.30e-02
  0  0   2.30e-02
  0  0   2.30e-02
  0  0   2.30e-02
  0  0   2.30e-02
  0  0   2.30e-02
  0  0   2.30e-02
  0  0   2.30e-02
  0  0   2.30e-02
  0  0   2.30e-02
  0  0   2.30e-02
  0  0   2.30e-02
  0  0   2.30e-02
  0  0   2.30e-02
  0  0   2.30e-02
  0  0   2.30e-02
  0  0   2.31e-02
  0  0   2.31e-02
  0  0   2.32e-02
  1 13   2.27e-03
  0  0   2.27e-03
  0  0   2.27e-03
  0  0   2.27e-03
  0  0   2.27e-03
  0  0   2.27e-03
  0  0   2.27e-03
  0  0   2.27e-03
  0  0   2.27e-03
  0  0   2.27e-03
  0  0   2.27e-03
  0  0   2.26e-03
  0  0   2.26e-03
  0  0   2.26e-03
  0  0   2.26e-03
  0  0   2.25e-03
  0  0   2.25e-03
  0  0   2.24e-03
  0  0   2.22e-03
  0  0   2.19e-03
  0  0   2.15e-03
  0  0   2.09e-03
  0  0   2.00e-03
  2  3   6.65e-02
  0  0   6.65e-02
  0  0   6.65e-02
  0  0   6.65e-02
  0  0   6.65e-02
  0  0   6.65e-02
  0  0   6.65e-02
  0  0   6.65e-02
  0  0   6.65e-02
  0  0   6.64e-02
  0  0   6.64e-02
  0  0   6.64e-02
  0  0   6.64e-02
  0  0   6.63e-02
  0  0   6.62e-02
  0  0   6.60e-02
  0  0   6.58e-02
  0  0   6.54e-02
  0  0   6.48e-02
  0  0   6.38e-02
  0  0   6.23e-02
  0  0   6.01e-02
  0  0   5.70e-02
  2  4   2.38e-02
  0  0   2.38e-02
  0  0   2.38e-02
  0  0   2.38e-02
  0  0   2.38e-02
  0  0   2.38e-02
  0  0   2.38e-02
  0  0   2.38e-02
  0  0   2.38e-02
  0  0   2.38e-02
  0  0   2.38e-02
  0  0   2.38e-02
  0  0   2.38e-02
  0  0   2.38e-02
  0  0   2.38e-02
  0  0   2.38e-02
  0  0   2.38e-02
  0  0   2.38e-02
  0  0   2.38e-02
  0  0   2.37e-02
  0  0   2.37e-02
  0  0   2.35e-02
  0  0   2.34e-02
  2  5   2.92e-02
  0  0   2.92e-02
  0  0   2.92e-02
  0  0   2.92e-02
  0  0   2.92e-02
  0  0   2.92e-02
  0  0   2.92e-02
  0  0   2.92e-02
  0  0   2.92e-02
  0  0   2.92e-02
  0  0   2.92e-02
  0  0   2.91e-02
  0  0   2.91e-02
  0  0   2.91e-02
  0  0   2.91e-02
  0  0   2.90e-02
  0  0   2.89e-02
  0  0   2.87e-02
  0  0   2.85e-02
  0  0   2.81e-02
  0  0   2.76e-02
  0  0   2.67e-02
  0  0   2.54e-02
  2  6   3.47e-02
  0  0   3.47e-02
  0  0   3.47e-02
  0  0   3.47e-02
  0  0   3.47e-02
  0  0   3.47e-02
  0  0   3.47e-02
  0  0   3.47e-02
  0  0   3.47e-02
  0  0   3.47e-02
  0  0   3.47e-02
  0  0   3.47e-02
  0  0   3.48e-02
  0  0   3.48e-02
  0  0   3.48e-02
  0  0   3.49e-02
  0  0   3.50e-02
  0  0   3.52e-02
  0  0   3.55e-02
  0  0   3.59e-02
  0  0   3.66e-02
  0  0   3.75e-02
  0  0   3.87e-02
  2  7   9.51e-03
  0  0   9.51e-03
  0  0   9.51e-03
  0  0   9.51e-03
  0  0   9.51e-03
  0  0   9.51e-03
  0  0   9.51e-03
  0  0   9.51e-03
  0  0   9.51e-03
  0  0   9.51e-03
  0  0   9.51e-03
  0  0   9.51e-03
  0  0   9.50e-03
  0  0   9.50e-03
  0  0   9.49e-03
  0  0   9.48e-03
  0  0   9.47e-03
  0  0   9.44e-03
  0  0   9.40e-03
  0  0   9.33e-03
  0  0   9.23e-03
  0  0   9.09e-03
  0  0   8.87e-03
  2  8   5.55e-03
  0  0   5.55e-03
  0  0   5.55e-03
  0  0   5.55e-03
  0  0   5.55e-03
  0  0   5.55e-03
  0  0   5.55e-03
  0  0   5.55e-03
  0  0   5.55e-03
  0  0   5.55e-03
  0  0   5.55e-03
  0  0   5.55e-03
  0  0   5.55e-03
  0  0   5.55e-03
  0  0   5.55e-03
  0  0   5.56e-03
  0  0   5.56e-03
  0  0   5.57e-03
  0  0   5.59e-03
  0  0   5.61e-03
  0  0   5.63e-03
  0  0   5.68e-03
  0  0   5.73e-03
  2  9   4.70e-01
  0  0   4.70e-01
  0  0   4.70e-01
  0  0   4.70e-01
  0  0   4.70e-01
  0  0   4.70e-01
  0  0   4.70e-01
  0  0   4.70e-01
  0  0   4.70e-01
  0  0   4.70e-01
  0  0   4.70e-01
  0  0   4.71e-01
  0  0   4.72e-01
  0  0   4.72e-01
  0  0   4.74e-01
  0  0   4.76e-01
  0  0   4.80e-01
  0  0   4.85e-01
  0  0   4.93e-01
  0  0   5.04e-01
  0  0   5.19e-01
  0  0   5.37e-01
  0  0   5.58e-01
  2 10   8.40e-03
  0  0   8.40e-03
  0  0   8.40e-03
  0  0   8.40e-03
  0  0   8.40e-03
  0  0   8.40e-03
  0  0   8.40e-03
  0  0   8.39e-03
  0  0   8.39e-03
  0  0   8.39e-03
  0  0   8.39e-03
  0  0   8.39e-03
  0  0   8.38e-03
  0  0   8.37e-03
  0  0   8.36e-03
  0  0   8.34e-03
  0  0   8.31e-03
  0  0   8.26e-03
  0  0   8.19e-03
  0  0   8.07e-03
  0  0   7.89e-03
  0  0   7.62e-03
  0  0   7.23e-03
  2 11   1.47e-01
  0  0   1.47e-01
  0  0   1.47e-01
  0  0   1.47e-01
  0  0   1.47e-01
  0  0   1.47e-01
  0  0   1.47e-01
  0  0   1.47e-01
  0  0   1.47e-01
  0  0   1.47e-01
  0  0   1.47e-01
  0  0   1.47e-01
  0  0   1.48e-01
  0  0   1.48e-01
  0  0   1.48e-01
  0  0   1.49e-01
  0  0   1.50e-01
  0  0   1.51e-01
  0  0   1.53e-01
  0  0   1.56e-01
  0  0   1.59e-01
  0  0   1.64e-01
  0  0   1.69e-01
  2 12   1.03e-01
  0  0   1.03e-01
  0  0   1.03e-01
  0  0   1.03e-01
  0  0   1.03e-01
  0  0   1.03e-01
  0  0   1.03e-01
  0  0   1.03e-01
  0  0   1.03e-01
  0  0   1.03e-01
  0  0   1.03e-01
  0  0   1.03e-01
  0  0   1.03e-01
  0  0   1.03e-01
  0  0   1.03e-01
  0  0   1.04e-01
  0  0   1.04e-01
  0  0   1.05e-01
  0  0   1.07e-01
  0  0   1.09e-01
  0  0   1.12e-01
  0  0   1.15e-01
  0  0   1.19e-01
  2 13   7.92e-02
  0  0   7.92e-02
  0  0   7.92e-02
  0  0   7.92e-02
  0  0   7.92e-02
  0  0   7.92e-02
  0  0   7.92e-02
  0  0   7.92e-02
  0  0   7.92e-02
  0  0   7.92e-02
  0  0   7.93e-02
  0  0   7.93e-02
  0  0   7.94e-02
  0  0   7.95e-02
  0  0   7.97e-02
  0  0   8.00e-02
  0  0   8.04e-02
  0  0   8.11e-02
  0  0   8.21e-02
  0  0   8.35e-02
  0  0   8.54e-02
  0  0   8.79e-02
  0  0   9.09e-02
  3  4   2.56e-02
  0  0   2.56e-02
  0  0   2.56e-02
  0  0   2.56e-02
  0  0   2.56e-02
  0  0   2.56e-02
  0  0   2.56e-02
  0  0   2.56e-02
  0  0   2.56e-02
  0  0   2.56e-02
  0  0   2.56e-02
  0  0   2.56e-02
  0  0   2.56e-02
  0  0   2.56e-02
  0  0   2.55e-02
  0  0   2.55e-02
  0  0   2.55e-02
  0  0   2.54e-02
  0  0   2.54e-02
  0  0   2.52e-02
  0  0   2.50e-02
  0  0   2.47e-02
  0  0   2.43e-02
  3  5   6.32e-02
  0  0   6.32e-02
  0  0   6.32e-02
  0  0   6.32e-02
  0  0   6.32e-02
  0  0   6.32e-02
  0  0   6.32e-02
  0  0   6.32e-02
  0  0   6.32e-02
  0  0   6.32e-02
  0  0   6.32e-02
  0  0   6.32e-02
  0  0   6.32e-02
  0  0   6.32e-02
  0  0   6.32e-02
  0  0   6.31e-02
  0  0   6.31e-02
  0  0   6.30e-02
  0  0   6.28e-02
  0  0   6.25e-02
  0  0   6.21e-02
  0  0   6.15e-02
  0  0   6.06e-02
  3  6   2.84e-02
  0  0   2.84e-02
  0  0   2.84e-02
  0  0   2.84e-02
  0  0   2.84e-02
  0  0   2.84e-02
  0  0   2.84e-02
  0  0   2.84e-02
  0  0   2.84e-02
  0  0   2.84e-02
  0  0   2.84e-02
  0  0   2.84e-02
  0  0   2.84e-02
  0  0   2.84e-02
  0  0   2.84e-02
  0  0   2.84e-02
  0  0   2.85e-02
  0  0   2.85e-02
  0  0   2.86e-02
  0  0   2.87e-02
  0  0   2.88e-02
  0  0   2.90e-02
  0  0   2.92e-02
  3  7   5.85e-03
  0  0   5.85e-03
  0  0   5.85e-03
  0  0   5.85e-03
  0  0   5.85e-03
  0  0   5.85e-03
  0  0   5.85e-03
  0  0   5.85e-03
  0  0   5.85e-03
  0  0   5.85e-03
  0  0   5.85e-03
  0  0   5.84e-03
  0  0   5.84e-03
  0  0   5.84e-03
  0  0   5.83e-03
  0  0   5.82e-03
  0  0   5.80e-03
  0  0   5.78e-03
  0  0   5.74e-03
  0  0   5.68e-03
  0  0   5.59e-03
  0  0   5.47e-03
  0  0   5.30e-03
  3  8   5.46e-04
  0  0   5.46e-04
  0  0   5.46e-04
  0  0   5.46e-04
  0  0   5.46e-04
  0  0   5.46e-04
  0  0   5.46e-04
  0  0   5.46e-04
  0  0   5.46e-04
  0  0   5.46e-04
  0  0   5.46e-04
  0  0   5.46e-04
  0  0   5.46e-04
  0  0   5.45e-04
  0  0   5.44e-04
  0  0   5.43e-04
  0  0   5.41e-04
  0  0   5.38e-04
  0  0   5.34e-04
  0  0   5.26e-04
  0  0   5.15e-04
  0  0   4.98e-04
  0  0   4.72e-04
  3  9   1.25e-02
  0  0   1.25e-02
  0  0   1.25e-02
  0  0   1.25e-02
  0  0   1.25e-02
  0  0   1.25e-02
  0  0   1.25e-02
  0  0   1.25e-02
  0  0   1.25e-02
  0  0   1.25e-02
  0  0   1.25e-02
  0  0   1.25e-02
  0  0   1.25e-02
  0  0   1.25e-02
  0  0   1.25e-02
  0  0   1.25e-02
  0  0   1.26e-02
  0  0   1.26e-02
  0  0   1.26e-02
  0  0   1.27e-02
  0  0   1.27e-02
  0  0   1.25e-02
  0  0   1.23e-02
  3 10   6.09e-01
  0  0   6.09e-01
  0  0   6.09e-01
  0  0   6.09e-01
  0  0   6.09e-01
  0  0   6.09e-01
  0  0   6.09e-01
  0  0   6.09e-01
  0  0   6.09e-01
  0  0   6.10e-01
  0  0   6.10e-01
  0  0   6.10e-01
  0  0   6.11e-01
  0  0   6.13e-01
  0  0   6.15e-01
  0  0   6.18e-01
  0  0   6.23e-01
  0  0   6.30e-01
  0  0   6.40e-01
  0  0   6.55e-01
  0  0   6.74e-01
  0  0   6.98e-01
  0  0   7.26e-01
  3 11   3.36e-04
  0  0   3.36e-04
  0  0   3.36e-04
  0  0   3.36e-04
  0  0   3.36e-04
  0  0   3.36e-04
  0  0   3.36e-04
  0  0   3.36e-04
  0  0   3.36e-04
  0  0   3.35e-04
  0  0   3.35e-04
  0  0   3.35e-04
  0  0   3.35e-04
  0  0   3.35e-04
  0  0   3.34e-04
  0  0   3.34e-04
  0  0   3.33e-04
  0  0   3.31e-04
  0  0   3.28e-04
  0  0   3.24e-04
  0  0   3.17e-04
  0  0   3.07e-04
  0  0   2.92e-04
  3 12   6.75e-01
  0  0   6.75e-01
  0  0   6.75e-01
  0  0   6.75e-01
  0  0   6.75e-01
  0  0   6.75e-01
  0  0   6.75e-01
  0  0   6.75e-01
  0  0   6.76e-01
  0  0   6.76e-01
  0  0   6.76e-01
  0  0   6.77e-01
  0  0   6.77e-01
  0  0   6.78e-01
  0  0   6.80e-01
  0  0   6.83e-01
  0  0   6.87e-01
  0  0   6.93e-01
  0  0   7.02e-01
  0  0   7.14e-01
  0  0   7.31e-01
  0  0   7.52e-01
  0  0   7.79e-01
  3 13   7.53e-04
  0  0   7.53e-04
  0  0   7.53e-04
  0  0   7.53e-04
  0  0   7.53e-04
  0  0   7.53e-04
  0  0   7.53e-04
  0  0   7.53e-04
  0  0   7.53e-04
  0  0   7.53e-04
  0  0   7.53e-04
  0  0   7.52e-04
  0  0   7.52e-04
  0  0   7.51e-04
  0  0   7.50e-04
  0  0   7.48e-04
  0  0   7.46e-04
  0  0   7.42e-04
  0  0   7.35e-04
  0  0   7.25e-04
  0  0   7.09e-04
  0  0   6.85e-04
  0  0   6.49e-04
  4  5   2.46e-02
  0  0   2.46e-02
  0  0   2.46e-02
  0  0   2.46e-02
  0  0   2.46e-02
  0  0   2.46e-02
  0  0   2.46e-02
  0  0   2.46e-02
  0  0   2.46e-02
  0  0   2.46e-02
  0  0   2.46e-02
  0  0   2.46e-02
  0  0   2.46e-02
  0  0   2.46e-02
  0  0   2.46e-02
  0  0   2.45e-02
  0  0   2.44e-02
  0  0   2.43e-02
  0  0   2.41e-02
  0  0   2.38e-02
  0  0   2.34e-02
  0  0   2.27e-02
  0  0   2.16e-02
  4  6   1.25e-03
  0  0   1.25e-03
  0  0   1.25e-03
  0  0   1.25e-03
  0  0   1.25e-03
  0  0   1.25e-03
  0  0   1.25e-03
  0  0   1.25e-03
  0  0   1.25e-03
  0  0   1.25e-03
  0  0   1.25e-03
  0  0   1.25e-03
  0  0   1.25e-03
  0  0   1.25e-03
  0  0   1.25e-03
  0  0   1.25e-03
  0  0   1.24e-03
  0  0   1.24e-03
  0  0   1.23e-03
  0  0   1.21e-03
  0  0   1.19e-03
  0  0   1.15e-03
  0  0   1.09e-03
  4  7   3.50e-03
  0  0   3.50e-03
  0  0   3.50e-03
  0  0   3.50e-03
  0  0   3.50e-03
  0  0   3.50e-03
  0  0   3.50e-03
  0  0   3.50e-03
  0  0   3.50e-03
  0  0   3.50e-03
  0  0   3.50e-03
  0  0   3.50e-03
  0  0   3.49e-03
  0  0   3.49e-03
  0  0   3.49e-03
  0  0   3.48e-03
  0  0   3.47e-03
  0  0   3.45e-03
  0  0   3.43e-03
  0  0   3.39e-03
  0  0   3.33e-03
  0  0   3.24e-03
  0  0   3.10e-03
  4  8   7.62e-03
  0  0   7.62e-03
  0  0   7.62e-03
  0  0   7.62e-03
  0  0   7.62e-03
  0  0   7.62e-03
  0  0   7.62e-03
  0  0   7.62e-03
  0  0   7.62e-03
  0  0   7.62e-03
  0  0   7.62e-03
  0  0   7.62e-03
  0  0   7.62e-03
  0  0   7.63e-03
  0  0   7.63e-03
  0  0   7.63e-03
  0  0   7.64e-03
  0  0   7.65e-03
  0  0   7.67e-03
  0  0   7.70e-03
  0  0   7.73e-03
  0  0   7.79e-03
  0  0   7.86e-03
  4  9   5.64e-02
  0  0   5.64e-02
  0  0   5.64e-02
  0  0   5.64e-02
  0  0   5.64e-02
  0  0   5.64e-02
  0  0   5.64e-02
  0  0   5.64e-02
  0  0   5.64e-02
  0  0   5.64e-02
  0  0   5.65e-02
  0  0   5.65e-02
  0  0   5.66e-02
  0  0   5.68e-02
  0  0   5.70e-02
  0  0   5.74e-02
  0  0   5.79e-02
  0  0   5.88e-02
  0  0   6.00e-02
  0  0   6.16e-02
  0  0   6.38e-02
  0  0   6.64e-02
  0  0   6.94e-02
  4 10   4.89e-03
  0  0   4.89e-03
  0  0   4.89e-03
  0  0   4.89e-03
  0  0   4.89e-03
  0  0   4.89e-03
  0  0   4.89e-03
  0  0   4.89e-03
  0  0   4.89e-03
  0  0   4.89e-03
  0  0   4.89e-03
  0  0   4.89e-03
  0  0   4.89e-03
  0  0   4.88e-03
  0  0   4.88e-03
  0  0   4.87e-03
  0  0   4.85e-03
  0  0   4.83e-03
  0  0   4.79e-03
  0  0   4.72e-03
  0  0   4.63e-03
  0  0   4.48e-03
  0  0   4.26e-03
  4 11   1.88e-01
  0  0   1.88e-01
  0  0   1.88e-01
  0  0   1.88e-01
  0  0   1.88e-01
  0  0   1.88e-01
  0  0   1.88e-01
  0  0   1.88e-01
  0  0   1.88e-01
  0  0   1.88e-01
  0  0   1.88e-01
  0  0   1.88e-01
  0  0   1.88e-01
  0  0   1.89e-01
  0  0   1.89e-01
  0  0   1.90e-01
  0  0   1.91e-01
  0  0   1.93e-01
  0  0   1.96e-01
  0  0   2.00e-01
  0  0   2.06e-01
  0  0   2.12e-01
  0  0   2.20e-01
  4 12   7.38e-02
  0  0   7.38e-02
  0  0   7.38e-02
  0  0   7.38e-02
  0  0   7.38e-02
  0  0   7.38e-02
  0  0   7.38e-02
  0  0   7.38e-02
  0  0   7.38e-02
  0  0   7.38e-02
  0  0   7.39e-02
  0  0   7.39e-02
  0  0   7.40e-02
  0  0   7.41e-02
  0  0   7.43e-02
  0  0   7.46e-02
  0  0   7.50e-02
  0  0   7.57e-02
  0  0   7.67e-02
  0  0   7.81e-02
  0  0   7.99e-02
  0  0   8.22e-02
  0  0   8.52e-02
  4 13   1.76e-02
  0  0   1.76e-02
  0  0   1.76e-02
  0  0   1.76e-02
  0  0   1.76e-02
  0  0   1.76e-02
  0  0   1.76e-02
  0  0   1.76e-02
  0  0   1.76e-02
  0  0   1.76e-02
  0  0   1.76e-02
  0  0   1.77e-02
  0  0   1.77e-02
  0  0   1.77e-02
  0  0   1.77e-02
  0  0   1.78e-02
  0  0   1.79e-02
  0  0   1.81e-02
  0  0   1.83e-02
  0  0   1.87e-02
  0  0   1.91e-02
  0  0   1.97e-02
  0  0   2.04e-02
  5  6   8.19e-03
  0  0   8.19e-03
  0  0   8.19e-03
  0  0   8.19e-03
  0  0   8.19e-03
  0  0   8.19e-03
  0  0   8.19e-03
  0  0   8.19e-03
  0  0   8.19e-03
  0  0   8.19e-03
  0  0   8.19e-03
  0  0   8.19e-03
  0  0   8.19e-03
  0  0   8.20e-03
  0  0   8.20e-03
  0  0   8.21e-03
  0  0   8.23e-03
  0  0   8.26e-03
  0  0   8.30e-03
  0  0   8.36e-03
  0  0   8.44e-03
  0  0   8.56e-03
  0  0   8.71e-03
  5  7   1.81e-02
  0  0   1.81e-02
  0  0   1.81e-02
  0  0   1.81e-02
  0  0   1.81e-02
  0  0   1.81e-02
  0  0   1.81e-02
  0  0   1.81e-02
  0  0   1.81e-02
  0  0   1.81e-02
  0  0   1.81e-02
  0  0   1.81e-02
  0  0   1.81e-02
  0  0   1.81e-02
  0  0   1.82e-02
  0  0   1.82e-02
  0  0   1.82e-02
  0  0   1.83e-02
  0  0   1.84e-02
  0  0   1.86e-02
  0  0   1.88e-02
  0  0   1.92e-02
  0  0   1.96e-02
  5  8   3.76e-03
  0  0   3.76e-03
  0  0   3.76e-03
  0  0   3.76e-03
  0  0   3.76e-03
  0  0   3.76e-03
  0  0   3.76e-03
  0  0   3.76e-03
  0  0   3.76e-03
  0  0   3.76e-03
  0  0   3.76e-03
  0  0   3.76e-03
  0  0   3.76e-03
  0  0   3.76e-03
  0  0   3.75e-03
  0  0   3.74e-03
  0  0   3.73e-03
  0  0   3.72e-03
  0  0   3.69e-03
  0  0   3.65e-03
  0  0   3.58e-03
  0  0   3.48e-03
  0  0   3.32e-03
  5  9   2.02e-02
  0  0   2.02e-02
  0  0   2.02e-02
  0  0   2.02e-02
  0  0   2.02e-02
  0  0   2.02e-02
  0  0   2.02e-02
  0  0   2.02e-02
  0  0   2.02e-02
  0  0   2.02e-02
  0  0   2.02e-02
  0  0   2.03e-02
  0  0   2.03e-02
  0  0   2.03e-02
  0  0   2.04e-02
  0  0   2.05e-02
  0  0   2.07e-02
  0  0   2.10e-02
  0  0   2.14e-02
  0  0   2.19e-02
  0  0   2.26e-02
  0  0   2.34e-02
  0  0   2.43e-02
  5 10   1.89e-01
  0  0   1.89e-01
  0  0   1.89e-01
  0  0   1.89e-01
  0  0   1.89e-01
  0  0   1.89e-01
  0  0   1.89e-01
  0  0   1.89e-01
  0  0   1.89e-01
  0  0   1.89e-01
  0  0   1.90e-01
  0  0   1.90e-01
  0  0   1.90e-01
  0  0   1.91e-01
  0  0   1.92e-01
  0  0   1.93e-01
  0  0   1.96e-01
  0  0   1.99e-01
  0  0   2.04e-01
  0  0   2.11e-01
  0  0   2.20e-01
  0  0   2.31e-01
  0  0   2.44e-01
  5 11   3.17e-02
  0  0   3.17e-02
  0  0   3.17e-02
  0  0   3.17e-02
  0  0   3.17e-02
  0  0   3.17e-02
  0  0   3.17e-02
  0  0   3.17e-02
  0  0   3.17e-02
  0  0   3.17e-02
  0  0   3.17e-02
  0  0   3.17e-02
  0  0   3.18e-02
  0  0   3.18e-02
  0  0   3.19e-02
  0  0   3.21e-02
  0  0   3.23e-02
  0  0   3.26e-02
  0  0   3.31e-02
  0  0   3.38e-02
  0  0   3.46e-02
  0  0   3.57e-02
  0  0   3.68e-02
  5 12   1.03e-01
  0  0   1.03e-01
  0  0   1.03e-01
  0  0   1.03e-01
  0  0   1.03e-01
  0  0   1.03e-01
  0  0   1.03e-01
  0  0   1.03e-01
  0  0   1.03e-01
  0  0   1.03e-01
  0  0   1.03e-01
  0  0   1.04e-01
  0  0   1.04e-01
  0  0   1.04e-01
  0  0   1.04e-01
  0  0   1.05e-01
  0  0   1.05e-01
  0  0   1.06e-01
  0  0   1.08e-01
  0  0   1.10e-01
  0  0   1.13e-01
  0  0   1.16e-01
  0  0   1.21e-01
  5 13   3.67e-01
  0  0   3.67e-01
  0  0   3.67e-01
  0  0   3.67e-01
  0  0   3.67e-01
  0  0   3.67e-01
  0  0   3.67e-01
  0  0   3.68e-01
  0  0   3.68e-01
  0  0   3.68e-01
  0  0   3.68e-01
  0  0   3.68e-01
  0  0   3.68e-01
  0  0   3.69e-01
  0  0   3.70e-01
  0  0   3.71e-01
  0  0   3.73e-01
  0  0   3.77e-01
  0  0   3.81e-01
  0  0   3.88e-01
  0  0   3.97e-01
  0  0   4.08e-01
  0  0   4.22e-01
  6  7   7.04e-02
  0  0   7.04e-02
  0  0   7.04e-02
  0  0   7.04e-02
  0  0   7.04e-02
  0  0   7.04e-02
  0  0   7.04e-02
  0  0   7.03e-02
  0  0   7.03e-02
  0  0   7.03e-02
  0  0   7.03e-02
  0  0   7.03e-02
  0  0   7.02e-02
  0  0   7.02e-02
  0  0   7.01e-02
  0  0   6.99e-02
  0  0   6.97e-02
  0  0   6.93e-02
  0  0   6.86e-02
  0  0   6.76e-02
  0  0   6.62e-02
  0  0   6.40e-02
  0  0   6.09e-02
  6  8   2.03e-02
  0  0   2.03e-02
  0  0   2.03e-02
  0  0   2.03e-02
  0  0   2.03e-02
  0  0   2.03e-02
  0  0   2.03e-02
  0  0   2.03e-02
  0  0   2.03e-02
  0  0   2.03e-02
  0  0   2.03e-02
  0  0   2.03e-02
  0  0   2.03e-02
  0  0   2.03e-02
  0  0   2.03e-02
  0  0   2.03e-02
  0  0   2.03e-02
  0  0   2.02e-02
  0  0   2.02e-02
  0  0   2.01e-02
  0  0   2.00e-02
  0  0   1.97e-02
  0  0   1.94e-02
  6  9   2.23e-02
  0  0   2.23e-02
  0  0   2.23e-02
  0  0   2.23e-02
  0  0   2.23e-02
  0  0   2.23e-02
  0  0   2.23e-02
  0  0   2.23e-02
  0  0   2.23e-02
  0  0   2.23e-02
  0  0   2.23e-02
  0  0   2.23e-02
  0  0   2.23e-02
  0  0   2.22e-02
  0  0   2.22e-02
  0  0   2.21e-02
  0  0   2.21e-02
  0  0   2.19e-02
  0  0   2.17e-02
  0  0   2.13e-02
  0  0   2.08e-02
  0  0   1.99e-02
  0  0   1.87e-02
  6 10   5.66e-02
  0  0   5.66e-02
  0  0   5.66e-02
  0  0   5.66e-02
  0  0   5.66e-02
  0  0   5.66e-02
  0  0   5.66e-02
  0  0   5.65e-02
  0  0   5.65e-02
  0  0   5.65e-02
  0  0   5.65e-02
  0  0   5.65e-02
  0  0   5.64e-02
  0  0   5.64e-02
  0  0   5.63e-02
  0  0   5.61e-02
  0  0   5.59e-02
  0  0   5.55e-02
  0  0   5.48e-02
  0  0   5.39e-02
  0  0   5.24e-02
  0  0   5.02e-02
  0  0   4.70e-02
  6 11   1.12e-02
  0  0   1.12e-02
  0  0   1.12e-02
  0  0   1.12e-02
  0  0   1.12e-02
  0  0   1.12e-02
  0  0   1.12e-02
  0  0   1.12e-02
  0  0   1.12e-02
  0  0   1.12e-02
  0  0   1.12e-02
  0  0   1.12e-02
  0  0   1.12e-02
  0  0   1.12e-02
  0  0   1.11e-02
  0  0   1.11e-02
  0  0   1.10e-02
  0  0   1.09e-02
  0  0   1.08e-02
  0  0   1.05e-02
  0  0   1.01e-02
  0  0   9.58e-03
  0  0   8.84e-03
  6 12   6.67e-03
  0  0   6.67e-03
  0  0   6.67e-03
  0  0   6.67e-03
  0  0   6.67e-03
  0  0   6.67e-03
  0  0   6.67e-03
  0  0   6.66e-03
  0  0   6.66e-03
  0  0   6.66e-03
  0  0   6.66e-03
  0  0   6.66e-03
  0  0   6.65e-03
  0  0   6.64e-03
  0  0   6.63e-03
  0  0   6.61e-03
  0  0   6.58e-03
  0  0   6.53e-03
  0  0   6.45e-03
  0  0   6.33e-03
  0  0   6.14e-03
  0  0   5.87e-03
  0  0   5.47e-03
  6 13   1.67e-03
  0  0   1.67e-03
  0  0   1.67e-03
  0  0   1.67e-03
  0  0   1.67e-03
  0  0   1.67e-03
  0  0   1.67e-03
  0  0   1.67e-03
  0  0   1.67e-03
  0  0   1.67e-03
  0  0   1.67e-03
  0  0   1.67e-03
  0  0   1.67e-03
  0  0   1.66e-03
  0  0   1.66e-03
  0  0   1.66e-03
  0  0   1.65e-03
  0  0   1.64e-03
  0  0   1.62e-03
  0  0   1.59e-03
  0  0   1.55e-03
  0  0   1.48e-03
  0  0   1.39e-03
  7  8   3.82e-02
  0  0   3.82e-02
  0  0   3.82e-02
  0  0   3.82e-02
  0  0   3.82e-02
  0  0   3.82e-02
  0  0   3.82e-02
  0  0   3.82e-02
  0  0   3.81e-02
  0  0   3.81e-02
  0  0   3.81e-02
  0  0   3.81e-02
  0  0   3.81e-02
  0  0   3.81e-02
  0  0   3.80e-02
  0  0   3.79e-02
  0  0   3.77e-02
  0  0   3.75e-02
  0  0   3.71e-02
  0  0   3.65e-02
  0  0   3.56e-02
  0  0   3.42e-02
  0  0   3.22e-02
  7  9   2.80e-02
  0  0   2.80e-02
  0  0   2.80e-02
  0  0   2.80e-02
  0  0   2.80e-02
  0  0   2.80e-02
  0  0   2.80e-02
  0  0   2.80e-02
  0  0   2.80e-02
  0  0   2.80e-02
  0  0   2.80e-02
  0  0   2.80e-02
  0  0   2.80e-02
  0  0   2.80e-02
  0  0   2.79e-02
  0  0   2.78e-02
  0  0   2.77e-02
  0  0   2.75e-02
  0  0   2.71e-02
  0  0   2.66e-02
  0  0   2.58e-02
  0  0   2.47e-02
  0  0   2.30e-02
  7 10   2.60e-02
  0  0   2.60e-02
  0  0   2.60e-02
  0  0   2.60e-02
  0  0   2.60e-02
  0  0   2.60e-02
  0  0   2.60e-02
  0  0   2.60e-02
  0  0   2.60e-02
  0  0   2.60e-02
  0  0   2.60e-02
  0  0   2.60e-02
  0  0   2.59e-02
  0  0   2.59e-02
  0  0   2.59e-02
  0  0   2.58e-02
  0  0   2.57e-02
  0  0   2.55e-02
  0  0   2.52e-02
  0  0   2.48e-02
  0  0   2.42e-02
  0  0   2.32e-02
  0  0   2.18e-02
  7 11   7.38e-03
  0  0   7.38e-03
  0  0   7.38e-03
  0  0   7.38e-03
  0  0   7.38e-03
  0  0   7.38e-03
  0  0   7.38e-03
  0  0   7.38e-03
  0  0   7.38e-03
  0  0   7.38e-03
  0  0   7.37e-03
  0  0   7.37e-03
  0  0   7.36e-03
  0  0   7.36e-03
  0  0   7.34e-03
  0  0   7.32e-03
  0  0   7.28e-03
  0  0   7.23e-03
  0  0   7.14e-03
  0  0   7.00e-03
  0  0   6.79e-03
  0  0   6.48e-03
  0  0   6.02e-03
  7 12   7.20e-03
  0  0   7.20e-03
  0  0   7.20e-03
  0  0   7.20e-03
  0  0   7.20e-03
  0  0   7.20e-03
  0  0   7.20e-03
  0  0   7.20e-03
  0  0   7.20e-03
  0  0   7.20e-03
  0  0   7.19e-03
  0  0   7.19e-03
  0  0   7.19e-03
  0  0   7.18e-03
  0  0   7.16e-03
  0  0   7.14e-03
  0  0   7.11e-03
  0  0   7.06e-03
  0  0   6.98e-03
  0  0   6.86e-03
  0  0   6.68e-03
  0  0   6.40e-03
  0  0   6.00e-03
  7 13   4.01e-03
  0  0   4.01e-03
  0  0   4.01e-03
  0  0   4.01e-03
  0  0   4.01e-03
  0  0   4.01e-03
  0  0   4.01e-03
  0  0   4.01e-03
  0  0   4.01e-03
  0  0   4.01e-03
  0  0   4.01e-03
  0  0   4.01e-03
  0  0   4.00e-03
  0  0   4.00e-03
  0  0   3.99e-03
  0  0   3.98e-03
  0  0   3.96e-03
  0  0   3.93e-03
  0  0   3.89e-03
  0  0   3.82e-03
  0  0   3.72e-03
  0  0   3.56e-03
  0  0   3.33e-03
  8  9   1.44e-02
  0  0   1.44e-02
  0  0   1.44e-02
  0  0   1.44e-02
  0  0   1.44e-02
  0  0   1.44e-02
  0  0   1.44e-02
  0  0   1.44e-02
  0  0   1.44e-02
  0  0   1.44e-02
  0  0   1.44e-02
  0  0   1.44e-02
  0  0   1.44e-02
  0  0   1.44e-02
  0  0   1.43e-02
  0  0   1.43e-02
  0  0   1.42e-02
  0  0   1.41e-02
  0  0   1.40e-02
  0  0   1.37e-02
  0  0   1.34e-02
  0  0   1.28e-02
  0  0   1.20e-02
  8 10   1.20e-02
  0  0   1.20e-02
  0  0   1.20e-02
  0  0   1.20e-02
  0  0   1.20e-02
  0  0   1.20e-02
  0  0   1.20e-02
  0  0   1.20e-02
  0  0   1.20e-02
  0  0   1.20e-02
  0  0   1.20e-02
  0  0   1.19e-02
  0  0   1.19e-02
  0  0   1.19e-02
  0  0   1.19e-02
  0  0   1.19e-02
  0  0   1.18e-02
  0  0   1.17e-02
  0  0   1.16e-02
  0  0   1.14e-02
  0  0   1.11e-02
  0  0   1.06e-02
  0  0   9.96e-03
  8 11   3.31e-03
  0  0   3.31e-03
  0  0   3.31e-03
  0  0   3.31e-03
  0  0   3.31e-03
  0  0   3.31e-03
  0  0   3.31e-03
  0  0   3.31e-03
  0  0   3.31e-03
  0  0   3.31e-03
  0  0   3.31e-03
  0  0   3.31e-03
  0  0   3.31e-03
  0  0   3.30e-03
  0  0   3.30e-03
  0  0   3.29e-03
  0  0   3.27e-03
  0  0   3.24e-03
  0  0   3.21e-03
  0  0   3.14e-03
  0  0   3.05e-03
  0  0   2.91e-03
  0  0   2.71e-03
  8 12   4.85e-03
  0  0   4.85e-03
  0  0   4.85e-03
  0  0   4.85e-03
  0  0   4.85e-03
  0  0   4.85e-03
  0  0   4.85e-03
  0  0   4.85e-03
  0  0   4.85e-03
  0  0   4.85e-03
  0  0   4.85e-03
  0  0   4.85e-03
  0  0   4.84e-03
  0  0   4.84e-03
  0  0   4.83e-03
  0  0   4.82e-03
  0  0   4.80e-03
  0  0   4.77e-03
  0  0   4.72e-03
  0  0   4.64e-03
  0  0   4.52e-03
  0  0   4.35e-03
  0  0   4.08e-03
  8 13   1.86e-03
  0  0   1.86e-03
  0  0   1.86e-03
  0  0   1.86e-03
  0  0   1.86e-03
  0  0   1.86e-03
  0  0   1.86e-03
  0  0   1.86e-03
  0  0   1.86e-03
  0  0   1.86e-03
  0  0   1.86e-03
  0  0   1.85e-03
  0  0   1.85e-03
  0  0   1.85e-03
  0  0   1.85e-03
  0  0   1.84e-03
  0  0   1.83e-03
  0  0   1.82e-03
  0  0   1.79e-03
  0  0   1.76e-03
  0  0   1.70e-03
  0  0   1.62e-03
  0  0   1.50e-03
  9 10   3.19e-02
  0  0   3.19e-02
  0  0   3.19e-02
  0  0   3.19e-02
  0  0   3.19e-02
  0  0   3.19e-02
  0  0   3.19e-02
  0  0   3.19e-02
  0  0   3.19e-02
  0  0   3.19e-02
  0  0   3.19e-02
  0  0   3.19e-02
  0  0   3.19e-02
  0  0   3.19e-02
  0  0   3.19e-02
  0  0   3.18e-02
  0  0   3.17e-02
  0  0   3.16e-02
  0  0   3.14e-02
  0  0   3.11e-02
  0  0   3.06e-02
  0  0   2.99e-02
  0  0   2.89e-02
  9 11   1.85e-02
  0  0   1.85e-02
  0  0   1.85e-02
  0  0   1.85e-02
  0  0   1.85e-02
  0  0   1.85e-02
  0  0   1.85e-02
  0  0   1.85e-02
  0  0   1.85e-02
  0  0   1.85e-02
  0  0   1.85e-02
  0  0   1.85e-02
  0  0   1.85e-02
  0  0   1.85e-02
  0  0   1.85e-02
  0  0   1.85e-02
  0  0   1.85e-02
  0  0   1.85e-02
  0  0   1.85e-02
  0  0   1.86e-02
  0  0   1.86e-02
  0  0   1.87e-02
  0  0   1.89e-02
  9 12   2.62e-02
  0  0   2.62e-02
  0  0   2.62e-02
  0  0   2.62e-02
  0  0   2.62e-02
  0  0   2.62e-02
  0  0   2.62e-02
  0  0   2.62e-02
  0  0   2.62e-02
  0  0   2.62e-02
  0  0   2.62e-02
  0  0   2.62e-02
  0  0   2.62e-02
  0  0   2.62e-02
  0  0   2.61e-02
  0  0   2.61e-02
  0  0   2.60e-02
  0  0   2.58e-02
  0  0   2.56e-02
  0  0   2.52e-02
  0  0   2.47e-02
  0  0   2.38e-02
  0  0   2.25e-02
  9 13   7.95e-03
  0  0   7.95e-03
  0  0   7.95e-03
  0  0   7.95e-03
  0  0   7.95e-03
  0  0   7.95e-03
  0  0   7.95e-03
  0  0   7.95e-03
  0  0   7.95e-03
  0  0   7.95e-03
  0  0   7.94e-03
  0  0   7.94e-03
  0  0   7.94e-03
  0  0   7.93e-03
  0  0   7.92e-03
  0  0   7.90e-03
  0  0   7.87e-03
  0  0   7.83e-03
  0  0   7.76e-03
  0  0   7.66e-03
  0  0   7.50e-03
  0  0   7.26e-03
  0  0   6.92e-03
 10 11   2.58e-02
  0  0   2.58e-02
  0  0   2.58e-02
  0  0   2.58e-02
  0  0   2.58e-02
  0  0   2.58e-02
  0  0   2.58e-02
  0  0   2.58e-02
  0  0   2.58e-02
  0  0   2.58e-02
  0  0   2.58e-02
  0  0   2.58e-02
  0  0   2.58e-02
  0  0   2.58e-02
  0  0   2.59e-02
  0  0   2.59e-02
  0  0   2.59e-02
  0  0   2.59e-02
  0  0   2.59e-02
  0  0   2.60e-02
  0  0   2.60e-02
  0  0   2.62e-02
  0  0   2.63e-02
 10 12   3.01e-02
  0  0   3.01e-02
  0  0   3.01e-02
  0  0   3.01e-02
  0  0   3.01e-02
  0  0   3.01e-02
  0  0   3.01e-02
  0  0   3.01e-02
  0  0   3.01e-02
  0  0   3.01e-02
  0  0   3.01e-02
  0  0   3.01e-02
  0  0   3.00e-02
  0  0   3.00e-02
  0  0   2.99e-02
  0  0   2.98e-02
  0  0   2.97e-02
  0  0   2.94e-02
  0  0   2.90e-02
  0  0   2.84e-02
  0  0   2.75e-02
  0  0   2.62e-02
  0  0   2.44e-02
 10 13   2.19e-02
  0  0   2.19e-02
  0  0   2.19e-02
  0  0   2.19e-02
  0  0   2.19e-02
  0  0   2.19e-02
  0  0   2.19e-02
  0  0   2.19e-02
  0  0   2.19e-02
  0  0   2.19e-02
  0  0   2.19e-02
  0  0   2.19e-02
  0  0   2.19e-02
  0  0   2.18e-02
  0  0   2.18e-02
  0  0   2.18e-02
  0  0   2.17e-02
  0  0   2.16e-02
  0  0   2.15e-02
  0  0   2.12e-02
  0  0   2.08e-02
  0  0   2.03e-02
  0  0   1.94e-02
 11 12   1.20e-02
  0  0   1.20e-02
  0  0   1.20e-02
  0  0   1.20e-02
  0  0   1.20e-02
  0  0   1.20e-02
  0  0   1.20e-02
  0  0   1.20e-02
  0  0   1.20e-02
  0  0   1.20e-02
  0  0   1.20e-02
  0  0   1.20e-02
  0  0   1.20e-02
  0  0   1.19e-02
  0  0   1.19e-02
  0  0   1.19e-02
  0  0   1.18e-02
  0  0   1.17e-02
  0  0   1.16e-02
  0  0   1.14e-02
  0  0   1.10e-02
  0  0   1.06e-02
  0  0   9.86e-03
 11 13   8.13e-03
  0  0   8.13e-03
  0  0   8.13e-03
  0  0   8.13e-03
  0  0   8.13e-03
  0  0   8.13e-03
  0  0   8.13e-03
  0  0   8.13e-03
  0  0   8.12e-03
  0  0   8.12e-03
  0  0   8.12e-03
  0  0   8.12e-03
  0  0   8.11e-03
  0  0   8.10e-03
  0  0   8.08e-03
  0  0   8.06e-03
  0  0   8.02e-03
  0  0   7.96e-03
  0  0   7.87e-03
  0  0   7.72e-03
  0  0   7.49e-03
  0  0   7.15e-03
  0  0   6.67e-03
 12 13   3.10e-02
  0  0   3.10e-02
  0  0   3.10e-02
  0  0   3.10e-02
  0  0   3.10e-02
  0  0   3.10e-02
  0  0   3.10e-02
  0  0   3.10e-02
  0  0   3.10e-02
  0  0   3.10e-02
  0  0   3.10e-02
  0  0   3.10e-02
  0  0   3.10e-02
  0  0   3.09e-02
  0  0   3.09e-02
  0  0   3.09e-02
  0  0   3.08e-02
  0  0   3.07e-02
  0  0   3.06e-02
  0  0   3.04e-02
  0  0   3.00e-02
  0  0   2.95e-02
  0  0   2.86e-02
 0 0 0
  1  2   9.201e+03
  1  3   6.111e+02
  1  4   1.890e+04
  1  5   2.130e+04
  1  6   1.239e+10
  1  7   1.653e+10
  1  8   1.847e+10
  1  9   1.017e+09
  1 10   7.963e+06
  1 11   1.371e+09
  1 12   3.400e+09
  1 13   1.528e+08
  2  3   2.300e+02
  2  4   4.214e+03
  2  5   2.410e+04
  2  6   3.834e+08
  2  7   6.758e+07
  2  8   1.992e+08
  2  9   3.863e+10
  2 10   3.327e+06
  2 11   3.937e+10
  2 12   1.643e+10
  2 13   3.196e+10
  3  4   6.390e-01
  3  5   7.259e+03
  3  6   1.735e+08
  3  7   2.795e+07
  3  8   0.000e+00
  3  9   2.007e+08
  3 10   3.052e+10
  3 11   0.000e+00
  3 12   9.713e+10
  3 13   0.000e+00
  4  5   7.500e+02
  4  6   0.000e+00
  4  7   2.136e+06
  4  8   1.458e+08
  4  9   3.063e+09
  4 10   0.000e+00
  4 11   3.511e+10
  4 12   8.162e+09
  4 13   5.122e+09
  5  6   2.516e+07
  5  7   1.391e+08
  5  8   2.629e+06
  5  9   6.865e+08
  5 10   5.802e+09
  5 11   4.447e+09
  5 12   9.574e+09
  5 13   8.994e+10
  6  7   0.000e+00
  6  8   0.000e+00
  6  9   0.000e+00
  6 10   0.000e+00
  6 11   0.000e+00
  6 12   0.000e+00
  6 13   0.000e+00
  7  8   0.000e+00
  7  9   0.000e+00
  7 10   0.000e+00
  7 11   0.000e+00
  7 12   0.000e+00
  7 13   0.000e+00
  8  9   0.000e+00
  8 10   0.000e+00
  8 11   0.000e+00
  8 12   0.000e+00
  8 13   0.000e+00
  9 10   0.000e+00
  9 11   0.000e+00
  9 12   0.000e+00
  9 13   0.000e+00
 10 11   0.000e+00
 10 12   0.000e+00
 10 13   0.000e+00
 11 12   0.000e+00
 11 13   0.000e+00
 12 13   0.000e+00
  1  4        0.0
  2  4   131816.0
  3  6   162671.0
  4  2   242389.0
  5  4   291996.0
  6  6   709063.0
  7  4   765825.0
  8  2   785666.0
  9  4   981189.0
 10  6   992868.0
 11  2  1126961.0
 12  4  1171060.0
 13  2  1252245.0
