 19
** Atomic data from version 6 of the CHIANTI database **
%observed energy levels: Edlen, B., 1983, Phys. Scr., 28, 51
%theoretical energy levels: Landi, E., 2005, A&A, 434, 365
%produced as part of the Arcetri/Cambridge/NRL atomic 'CHIANTI' data base collaboration
%
% E. Landi - 2003
%filename: mn_18.wgfa
%observed energy levels: Edlen, B., 1983, Phys. Scr., 28, 51
%A values and oscillator strengths: Landi, E. 2005, A&A, 434, 365
%produced as part of the Arcetri/Cambridge/NRL 'CHIANTI' atomic data base collaboration
%
% E. Landi - Apr 2003

%filename: mn_18.splups
%Oscillator strengths: Zhang, H.L., Sampson, D.H., 2002, ADNDT, 82, 357
%Collision strengths: Zhang, H.L., Sampson, D.H., 2002, ADNDT, 82, 357
%produced as part of the Arcetri/Cambridge/NRL 'CHIANTI' atomic data base collaboration
%
% Enrico Landi - Mar 2003
 9 23
  1  2s2.2p4 3P2
  2  2s2.2p4 3P0
  3  2s2.2p4 3P1
  4  2s2.2p4 1D2
  5  2s2.2p4 1S0
  6  2s.2p5 3P2
  7  2s.2p5 3P1
  8  2s.2p5 3P0
  9  2s.2p5 1P1
     100.0
     158.5
     251.2
     398.1
     631.0
    1000.0
    1584.9
    2511.9
    3981.1
    6309.6
   10000.0
   15848.9
   25118.9
   39810.7
   63095.8
  100000.0
  158489.2
  251188.7
  398107.1
  630957.6
 1000000.0
 1584892.5
 2511887.0
0
  1  2   1.65e-02
  0  0   1.65e-02
  0  0   1.65e-02
  0  0   1.65e-02
  0  0   1.65e-02
  0  0   1.65e-02
  0  0   1.65e-02
  0  0   1.65e-02
  0  0   1.65e-02
  0  0   1.65e-02
  0  0   1.65e-02
  0  0   1.64e-02
  0  0   1.64e-02
  0  0   1.64e-02
  0  0   1.64e-02
  0  0   1.64e-02
  0  0   1.64e-02
  0  0   1.63e-02
  0  0   1.62e-02
  0  0   1.60e-02
  0  0   1.58e-02
  0  0   1.55e-02
  0  0   1.50e-02
  1  3   5.51e-02
  0  0   5.51e-02
  0  0   5.51e-02
  0  0   5.51e-02
  0  0   5.51e-02
  0  0   5.51e-02
  0  0   5.51e-02
  0  0   5.51e-02
  0  0   5.51e-02
  0  0   5.51e-02
  0  0   5.50e-02
  0  0   5.50e-02
  0  0   5.50e-02
  0  0   5.50e-02
  0  0   5.49e-02
  0  0   5.48e-02
  0  0   5.46e-02
  0  0   5.43e-02
  0  0   5.38e-02
  0  0   5.31e-02
  0  0   5.20e-02
  0  0   5.04e-02
  0  0   4.82e-02
  1  4   6.64e-02
  0  0   6.64e-02
  0  0   6.64e-02
  0  0   6.64e-02
  0  0   6.64e-02
  0  0   6.64e-02
  0  0   6.64e-02
  0  0   6.64e-02
  0  0   6.64e-02
  0  0   6.64e-02
  0  0   6.64e-02
  0  0   6.64e-02
  0  0   6.63e-02
  0  0   6.62e-02
  0  0   6.61e-02
  0  0   6.59e-02
  0  0   6.56e-02
  0  0   6.52e-02
  0  0   6.45e-02
  0  0   6.34e-02
  0  0   6.18e-02
  0  0   5.93e-02
  0  0   5.59e-02
  1  5   5.06e-03
  0  0   5.06e-03
  0  0   5.06e-03
  0  0   5.06e-03
  0  0   5.06e-03
  0  0   5.06e-03
  0  0   5.06e-03
  0  0   5.06e-03
  0  0   5.06e-03
  0  0   5.06e-03
  0  0   5.06e-03
  0  0   5.06e-03
  0  0   5.05e-03
  0  0   5.05e-03
  0  0   5.04e-03
  0  0   5.02e-03
  0  0   4.99e-03
  0  0   4.95e-03
  0  0   4.88e-03
  0  0   4.78e-03
  0  0   4.62e-03
  0  0   4.39e-03
  0  0   4.07e-03
  1  6   5.24e-01
  0  0   5.24e-01
  0  0   5.24e-01
  0  0   5.24e-01
  0  0   5.24e-01
  0  0   5.24e-01
  0  0   5.24e-01
  0  0   5.24e-01
  0  0   5.24e-01
  0  0   5.24e-01
  0  0   5.24e-01
  0  0   5.25e-01
  0  0   5.25e-01
  0  0   5.26e-01
  0  0   5.28e-01
  0  0   5.30e-01
  0  0   5.34e-01
  0  0   5.40e-01
  0  0   5.48e-01
  0  0   5.60e-01
  0  0   5.76e-01
  0  0   5.96e-01
  0  0   6.22e-01
  1  7   2.01e-01
  0  0   2.01e-01
  0  0   2.01e-01
  0  0   2.01e-01
  0  0   2.01e-01
  0  0   2.01e-01
  0  0   2.01e-01
  0  0   2.01e-01
  0  0   2.01e-01
  0  0   2.01e-01
  0  0   2.01e-01
  0  0   2.01e-01
  0  0   2.02e-01
  0  0   2.02e-01
  0  0   2.03e-01
  0  0   2.03e-01
  0  0   2.05e-01
  0  0   2.07e-01
  0  0   2.10e-01
  0  0   2.14e-01
  0  0   2.19e-01
  0  0   2.26e-01
  0  0   2.36e-01
  1  8   4.48e-04
  0  0   4.48e-04
  0  0   4.48e-04
  0  0   4.48e-04
  0  0   4.48e-04
  0  0   4.48e-04
  0  0   4.48e-04
  0  0   4.48e-04
  0  0   4.48e-04
  0  0   4.48e-04
  0  0   4.48e-04
  0  0   4.48e-04
  0  0   4.47e-04
  0  0   4.47e-04
  0  0   4.46e-04
  0  0   4.45e-04
  0  0   4.44e-04
  0  0   4.41e-04
  0  0   4.37e-04
  0  0   4.31e-04
  0  0   4.22e-04
  0  0   4.07e-04
  0  0   3.86e-04
  1  9   3.99e-02
  0  0   3.99e-02
  0  0   3.99e-02
  0  0   3.99e-02
  0  0   3.99e-02
  0  0   3.99e-02
  0  0   3.99e-02
  0  0   3.99e-02
  0  0   3.99e-02
  0  0   3.99e-02
  0  0   3.99e-02
  0  0   4.00e-02
  0  0   4.00e-02
  0  0   4.00e-02
  0  0   4.00e-02
  0  0   4.00e-02
  0  0   4.01e-02
  0  0   4.01e-02
  0  0   4.03e-02
  0  0   4.04e-02
  0  0   4.07e-02
  0  0   4.12e-02
  0  0   4.18e-02
  2  3   2.07e-02
  0  0   2.07e-02
  0  0   2.07e-02
  0  0   2.07e-02
  0  0   2.07e-02
  0  0   2.07e-02
  0  0   2.07e-02
  0  0   2.07e-02
  0  0   2.07e-02
  0  0   2.07e-02
  0  0   2.07e-02
  0  0   2.07e-02
  0  0   2.07e-02
  0  0   2.07e-02
  0  0   2.06e-02
  0  0   2.06e-02
  0  0   2.05e-02
  0  0   2.03e-02
  0  0   2.01e-02
  0  0   1.97e-02
  0  0   1.91e-02
  0  0   1.83e-02
  0  0   1.71e-02
  2  4   1.54e-02
  0  0   1.54e-02
  0  0   1.54e-02
  0  0   1.54e-02
  0  0   1.54e-02
  0  0   1.54e-02
  0  0   1.54e-02
  0  0   1.54e-02
  0  0   1.54e-02
  0  0   1.54e-02
  0  0   1.54e-02
  0  0   1.54e-02
  0  0   1.53e-02
  0  0   1.53e-02
  0  0   1.53e-02
  0  0   1.53e-02
  0  0   1.52e-02
  0  0   1.51e-02
  0  0   1.49e-02
  0  0   1.47e-02
  0  0   1.43e-02
  0  0   1.38e-02
  0  0   1.30e-02
  2  5   1.82e-03
  0  0   1.82e-03
  0  0   1.82e-03
  0  0   1.82e-03
  0  0   1.82e-03
  0  0   1.82e-03
  0  0   1.82e-03
  0  0   1.82e-03
  0  0   1.82e-03
  0  0   1.82e-03
  0  0   1.82e-03
  0  0   1.82e-03
  0  0   1.81e-03
  0  0   1.81e-03
  0  0   1.81e-03
  0  0   1.80e-03
  0  0   1.79e-03
  0  0   1.77e-03
  0  0   1.75e-03
  0  0   1.71e-03
  0  0   1.65e-03
  0  0   1.57e-03
  0  0   1.45e-03
  2  6   3.66e-03
  0  0   3.66e-03
  0  0   3.66e-03
  0  0   3.66e-03
  0  0   3.66e-03
  0  0   3.66e-03
  0  0   3.66e-03
  0  0   3.66e-03
  0  0   3.66e-03
  0  0   3.66e-03
  0  0   3.66e-03
  0  0   3.66e-03
  0  0   3.66e-03
  0  0   3.65e-03
  0  0   3.65e-03
  0  0   3.64e-03
  0  0   3.62e-03
  0  0   3.60e-03
  0  0   3.57e-03
  0  0   3.52e-03
  0  0   3.43e-03
  0  0   3.31e-03
  0  0   3.14e-03
  2  7   1.32e-01
  0  0   1.32e-01
  0  0   1.32e-01
  0  0   1.32e-01
  0  0   1.32e-01
  0  0   1.32e-01
  0  0   1.32e-01
  0  0   1.32e-01
  0  0   1.32e-01
  0  0   1.32e-01
  0  0   1.32e-01
  0  0   1.32e-01
  0  0   1.32e-01
  0  0   1.32e-01
  0  0   1.33e-01
  0  0   1.34e-01
  0  0   1.35e-01
  0  0   1.36e-01
  0  0   1.38e-01
  0  0   1.42e-01
  0  0   1.46e-01
  0  0   1.52e-01
  0  0   1.59e-01
  2  8   3.89e-04
  0  0   3.89e-04
  0  0   3.89e-04
  0  0   3.89e-04
  0  0   3.89e-04
  0  0   3.89e-04
  0  0   3.89e-04
  0  0   3.89e-04
  0  0   3.89e-04
  0  0   3.89e-04
  0  0   3.89e-04
  0  0   3.89e-04
  0  0   3.88e-04
  0  0   3.88e-04
  0  0   3.88e-04
  0  0   3.87e-04
  0  0   3.85e-04
  0  0   3.83e-04
  0  0   3.80e-04
  0  0   3.74e-04
  0  0   3.66e-04
  0  0   3.53e-04
  0  0   3.35e-04
  2  9   6.20e-03
  0  0   6.20e-03
  0  0   6.20e-03
  0  0   6.20e-03
  0  0   6.20e-03
  0  0   6.20e-03
  0  0   6.20e-03
  0  0   6.20e-03
  0  0   6.20e-03
  0  0   6.20e-03
  0  0   6.20e-03
  0  0   6.20e-03
  0  0   6.20e-03
  0  0   6.20e-03
  0  0   6.20e-03
  0  0   6.21e-03
  0  0   6.21e-03
  0  0   6.22e-03
  0  0   6.23e-03
  0  0   6.25e-03
  0  0   6.28e-03
  0  0   6.33e-03
  0  0   6.40e-03
  3  4   5.02e-02
  0  0   5.02e-02
  0  0   5.02e-02
  0  0   5.02e-02
  0  0   5.02e-02
  0  0   5.02e-02
  0  0   5.02e-02
  0  0   5.02e-02
  0  0   5.02e-02
  0  0   5.01e-02
  0  0   5.01e-02
  0  0   5.01e-02
  0  0   5.01e-02
  0  0   5.00e-02
  0  0   4.99e-02
  0  0   4.98e-02
  0  0   4.95e-02
  0  0   4.91e-02
  0  0   4.86e-02
  0  0   4.77e-02
  0  0   4.63e-02
  0  0   4.42e-02
  0  0   4.13e-02
  3  5   1.11e-02
  0  0   1.11e-02
  0  0   1.11e-02
  0  0   1.11e-02
  0  0   1.11e-02
  0  0   1.11e-02
  0  0   1.11e-02
  0  0   1.11e-02
  0  0   1.11e-02
  0  0   1.11e-02
  0  0   1.11e-02
  0  0   1.11e-02
  0  0   1.11e-02
  0  0   1.11e-02
  0  0   1.11e-02
  0  0   1.10e-02
  0  0   1.10e-02
  0  0   1.09e-02
  0  0   1.07e-02
  0  0   1.05e-02
  0  0   1.01e-02
  0  0   9.65e-03
  0  0   8.95e-03
  3  6   1.88e-01
  0  0   1.88e-01
  0  0   1.88e-01
  0  0   1.88e-01
  0  0   1.88e-01
  0  0   1.88e-01
  0  0   1.88e-01
  0  0   1.88e-01
  0  0   1.88e-01
  0  0   1.88e-01
  0  0   1.88e-01
  0  0   1.88e-01
  0  0   1.88e-01
  0  0   1.89e-01
  0  0   1.89e-01
  0  0   1.90e-01
  0  0   1.92e-01
  0  0   1.94e-01
  0  0   1.98e-01
  0  0   2.03e-01
  0  0   2.10e-01
  0  0   2.18e-01
  0  0   2.29e-01
  3  7   1.13e-01
  0  0   1.13e-01
  0  0   1.13e-01
  0  0   1.13e-01
  0  0   1.13e-01
  0  0   1.13e-01
  0  0   1.13e-01
  0  0   1.13e-01
  0  0   1.13e-01
  0  0   1.13e-01
  0  0   1.13e-01
  0  0   1.13e-01
  0  0   1.13e-01
  0  0   1.13e-01
  0  0   1.13e-01
  0  0   1.14e-01
  0  0   1.15e-01
  0  0   1.16e-01
  0  0   1.18e-01
  0  0   1.21e-01
  0  0   1.24e-01
  0  0   1.29e-01
  0  0   1.34e-01
  3  8   1.49e-01
  0  0   1.49e-01
  0  0   1.49e-01
  0  0   1.49e-01
  0  0   1.49e-01
  0  0   1.49e-01
  0  0   1.49e-01
  0  0   1.49e-01
  0  0   1.49e-01
  0  0   1.49e-01
  0  0   1.49e-01
  0  0   1.49e-01
  0  0   1.49e-01
  0  0   1.49e-01
  0  0   1.50e-01
  0  0   1.51e-01
  0  0   1.52e-01
  0  0   1.53e-01
  0  0   1.56e-01
  0  0   1.59e-01
  0  0   1.63e-01
  0  0   1.69e-01
  0  0   1.77e-01
  3  9   8.26e-03
  0  0   8.26e-03
  0  0   8.26e-03
  0  0   8.26e-03
  0  0   8.26e-03
  0  0   8.26e-03
  0  0   8.26e-03
  0  0   8.26e-03
  0  0   8.26e-03
  0  0   8.26e-03
  0  0   8.26e-03
  0  0   8.26e-03
  0  0   8.25e-03
  0  0   8.25e-03
  0  0   8.24e-03
  0  0   8.23e-03
  0  0   8.22e-03
  0  0   8.19e-03
  0  0   8.16e-03
  0  0   8.10e-03
  0  0   8.01e-03
  0  0   7.87e-03
  0  0   7.67e-03
  4  5   2.49e-02
  0  0   2.49e-02
  0  0   2.49e-02
  0  0   2.49e-02
  0  0   2.49e-02
  0  0   2.49e-02
  0  0   2.49e-02
  0  0   2.49e-02
  0  0   2.49e-02
  0  0   2.49e-02
  0  0   2.49e-02
  0  0   2.49e-02
  0  0   2.49e-02
  0  0   2.49e-02
  0  0   2.49e-02
  0  0   2.49e-02
  0  0   2.49e-02
  0  0   2.50e-02
  0  0   2.50e-02
  0  0   2.50e-02
  0  0   2.50e-02
  0  0   2.51e-02
  0  0   2.52e-02
  4  6   6.16e-02
  0  0   6.16e-02
  0  0   6.16e-02
  0  0   6.16e-02
  0  0   6.16e-02
  0  0   6.16e-02
  0  0   6.16e-02
  0  0   6.16e-02
  0  0   6.16e-02
  0  0   6.16e-02
  0  0   6.17e-02
  0  0   6.17e-02
  0  0   6.17e-02
  0  0   6.17e-02
  0  0   6.18e-02
  0  0   6.19e-02
  0  0   6.20e-02
  0  0   6.22e-02
  0  0   6.26e-02
  0  0   6.32e-02
  0  0   6.40e-02
  0  0   6.53e-02
  0  0   6.72e-02
  4  7   9.60e-03
  0  0   9.60e-03
  0  0   9.60e-03
  0  0   9.60e-03
  0  0   9.60e-03
  0  0   9.60e-03
  0  0   9.60e-03
  0  0   9.60e-03
  0  0   9.60e-03
  0  0   9.60e-03
  0  0   9.60e-03
  0  0   9.59e-03
  0  0   9.59e-03
  0  0   9.58e-03
  0  0   9.57e-03
  0  0   9.55e-03
  0  0   9.51e-03
  0  0   9.46e-03
  0  0   9.37e-03
  0  0   9.24e-03
  0  0   9.04e-03
  0  0   8.73e-03
  0  0   8.28e-03
  4  8   3.94e-03
  0  0   3.94e-03
  0  0   3.94e-03
  0  0   3.94e-03
  0  0   3.94e-03
  0  0   3.94e-03
  0  0   3.94e-03
  0  0   3.94e-03
  0  0   3.94e-03
  0  0   3.94e-03
  0  0   3.94e-03
  0  0   3.94e-03
  0  0   3.93e-03
  0  0   3.93e-03
  0  0   3.92e-03
  0  0   3.91e-03
  0  0   3.90e-03
  0  0   3.88e-03
  0  0   3.84e-03
  0  0   3.79e-03
  0  0   3.70e-03
  0  0   3.57e-03
  0  0   3.39e-03
  4  9   6.74e-01
  0  0   6.74e-01
  0  0   6.74e-01
  0  0   6.74e-01
  0  0   6.74e-01
  0  0   6.74e-01
  0  0   6.74e-01
  0  0   6.74e-01
  0  0   6.74e-01
  0  0   6.74e-01
  0  0   6.74e-01
  0  0   6.75e-01
  0  0   6.75e-01
  0  0   6.76e-01
  0  0   6.78e-01
  0  0   6.80e-01
  0  0   6.84e-01
  0  0   6.89e-01
  0  0   6.98e-01
  0  0   7.09e-01
  0  0   7.26e-01
  0  0   7.47e-01
  0  0   7.76e-01
  5  6   1.83e-03
  0  0   1.83e-03
  0  0   1.83e-03
  0  0   1.83e-03
  0  0   1.83e-03
  0  0   1.83e-03
  0  0   1.83e-03
  0  0   1.83e-03
  0  0   1.83e-03
  0  0   1.83e-03
  0  0   1.83e-03
  0  0   1.83e-03
  0  0   1.83e-03
  0  0   1.83e-03
  0  0   1.82e-03
  0  0   1.82e-03
  0  0   1.81e-03
  0  0   1.80e-03
  0  0   1.79e-03
  0  0   1.76e-03
  0  0   1.72e-03
  0  0   1.67e-03
  0  0   1.58e-03
  5  7   1.88e-02
  0  0   1.88e-02
  0  0   1.88e-02
  0  0   1.88e-02
  0  0   1.88e-02
  0  0   1.88e-02
  0  0   1.88e-02
  0  0   1.88e-02
  0  0   1.88e-02
  0  0   1.88e-02
  0  0   1.88e-02
  0  0   1.88e-02
  0  0   1.88e-02
  0  0   1.88e-02
  0  0   1.89e-02
  0  0   1.89e-02
  0  0   1.90e-02
  0  0   1.90e-02
  0  0   1.92e-02
  0  0   1.94e-02
  0  0   1.97e-02
  0  0   2.02e-02
  0  0   2.10e-02
  5  8   1.56e-03
  0  0   1.56e-03
  0  0   1.56e-03
  0  0   1.56e-03
  0  0   1.56e-03
  0  0   1.56e-03
  0  0   1.56e-03
  0  0   1.56e-03
  0  0   1.56e-03
  0  0   1.56e-03
  0  0   1.56e-03
  0  0   1.56e-03
  0  0   1.56e-03
  0  0   1.56e-03
  0  0   1.56e-03
  0  0   1.56e-03
  0  0   1.55e-03
  0  0   1.54e-03
  0  0   1.53e-03
  0  0   1.51e-03
  0  0   1.47e-03
  0  0   1.42e-03
  0  0   1.35e-03
  5  9   7.61e-02
  0  0   7.61e-02
  0  0   7.61e-02
  0  0   7.61e-02
  0  0   7.61e-02
  0  0   7.61e-02
  0  0   7.62e-02
  0  0   7.62e-02
  0  0   7.62e-02
  0  0   7.62e-02
  0  0   7.62e-02
  0  0   7.63e-02
  0  0   7.64e-02
  0  0   7.65e-02
  0  0   7.67e-02
  0  0   7.71e-02
  0  0   7.76e-02
  0  0   7.83e-02
  0  0   7.95e-02
  0  0   8.11e-02
  0  0   8.33e-02
  0  0   8.61e-02
  0  0   8.96e-02
  6  7   6.04e-02
  0  0   6.04e-02
  0  0   6.04e-02
  0  0   6.04e-02
  0  0   6.04e-02
  0  0   6.04e-02
  0  0   6.04e-02
  0  0   6.04e-02
  0  0   6.04e-02
  0  0   6.04e-02
  0  0   6.04e-02
  0  0   6.04e-02
  0  0   6.03e-02
  0  0   6.03e-02
  0  0   6.02e-02
  0  0   6.00e-02
  0  0   5.98e-02
  0  0   5.95e-02
  0  0   5.90e-02
  0  0   5.82e-02
  0  0   5.69e-02
  0  0   5.51e-02
  0  0   5.25e-02
  6  8   1.34e-02
  0  0   1.34e-02
  0  0   1.34e-02
  0  0   1.34e-02
  0  0   1.34e-02
  0  0   1.34e-02
  0  0   1.34e-02
  0  0   1.34e-02
  0  0   1.34e-02
  0  0   1.34e-02
  0  0   1.34e-02
  0  0   1.34e-02
  0  0   1.33e-02
  0  0   1.33e-02
  0  0   1.33e-02
  0  0   1.33e-02
  0  0   1.33e-02
  0  0   1.32e-02
  0  0   1.32e-02
  0  0   1.31e-02
  0  0   1.29e-02
  0  0   1.27e-02
  0  0   1.23e-02
  6  9   2.79e-02
  0  0   2.79e-02
  0  0   2.79e-02
  0  0   2.79e-02
  0  0   2.79e-02
  0  0   2.79e-02
  0  0   2.79e-02
  0  0   2.79e-02
  0  0   2.79e-02
  0  0   2.79e-02
  0  0   2.79e-02
  0  0   2.79e-02
  0  0   2.79e-02
  0  0   2.78e-02
  0  0   2.78e-02
  0  0   2.77e-02
  0  0   2.75e-02
  0  0   2.73e-02
  0  0   2.70e-02
  0  0   2.65e-02
  0  0   2.56e-02
  0  0   2.45e-02
  0  0   2.28e-02
  7  8   2.34e-02
  0  0   2.34e-02
  0  0   2.34e-02
  0  0   2.34e-02
  0  0   2.34e-02
  0  0   2.34e-02
  0  0   2.34e-02
  0  0   2.34e-02
  0  0   2.34e-02
  0  0   2.34e-02
  0  0   2.34e-02
  0  0   2.34e-02
  0  0   2.33e-02
  0  0   2.33e-02
  0  0   2.33e-02
  0  0   2.32e-02
  0  0   2.31e-02
  0  0   2.29e-02
  0  0   2.26e-02
  0  0   2.22e-02
  0  0   2.15e-02
  0  0   2.05e-02
  0  0   1.92e-02
  7  9   1.83e-02
  0  0   1.83e-02
  0  0   1.83e-02
  0  0   1.83e-02
  0  0   1.83e-02
  0  0   1.83e-02
  0  0   1.83e-02
  0  0   1.83e-02
  0  0   1.83e-02
  0  0   1.83e-02
  0  0   1.82e-02
  0  0   1.82e-02
  0  0   1.82e-02
  0  0   1.82e-02
  0  0   1.82e-02
  0  0   1.81e-02
  0  0   1.80e-02
  0  0   1.79e-02
  0  0   1.77e-02
  0  0   1.74e-02
  0  0   1.69e-02
  0  0   1.62e-02
  0  0   1.51e-02
  8  9   6.45e-03
  0  0   6.45e-03
  0  0   6.45e-03
  0  0   6.45e-03
  0  0   6.45e-03
  0  0   6.45e-03
  0  0   6.45e-03
  0  0   6.45e-03
  0  0   6.45e-03
  0  0   6.45e-03
  0  0   6.45e-03
  0  0   6.44e-03
  0  0   6.44e-03
  0  0   6.43e-03
  0  0   6.42e-03
  0  0   6.39e-03
  0  0   6.36e-03
  0  0   6.31e-03
  0  0   6.23e-03
  0  0   6.11e-03
  0  0   5.92e-03
  0  0   5.64e-03
  0  0   5.25e-03
 0 0 0
  1  2   3.134e-01
  1  3   8.306e+03
  1  4   1.030e+04
  1  5   6.110e+00
  1  6   3.205e+10
  1  7   2.488e+10
  1  8   8.213e+01
  1  9   8.890e+09
  2  3   5.835e+00
  2  4   4.196e-02
  2  5   0.000e+00
  2  6   5.294e+01
  2  7   1.334e+10
  2  8   0.000e+00
  2  9   9.989e+08
  3  4   4.976e+02
  3  5   9.180e+04
  3  6   8.834e+09
  3  7   1.051e+10
  3  8   4.913e+10
  3  9   5.956e+08
  4  5   3.629e+01
  4  6   1.559e+09
  4  7   2.387e+06
  4  8   2.748e+02
  4  9   1.274e+11
  5  6   5.517e+00
  5  7   5.079e+08
  5  8   0.000e+00
  5  9   9.224e+09
  6  7   3.213e+03
  6  8   1.097e+00
  6  9   1.781e+04
  7  8   2.645e+03
  7  9   6.131e+03
  8  9   5.379e+03
  1  5        0.0
  2  1    66505.0
  3  3    73800.0
  4  5   150851.0
  5  1   291899.0
  6  5   866813.0
  7  3   919516.0
  8  1   956409.0
  9  3  1189924.0
