26
** Atomic data from version 10 of the CHIANTI database **
%filename: na_4.elvlc
%experimental energy levels: Edlen, B., 1983, Phys. Scripta, 28, 51
%theoretical energy levels 2s2p5, 2p6 conf.: Butler, K., Zeippen, C.J., 1994, AASS, 108, 1
%theoretical energy levels 2s22p4 conf.: Galavis, M.E., Mendoza, C., Zeippen, C.J., 1997, AASS, 123, 159
% produced as part of the Arcetri/Cambridge/NRL 'CHIANTI' atomic data base collaboration
%
% E. Landi - May 2004
%filename: na_4.wgfa
%experimental energy levels: Edlen, B., 1983, Phys. Scripta, 28, 51
%A values and oscillator strengths: E. Landi, 2005, A&A, 434, 365
% produced as part of the Arcetri/Cambridge/NRL 'CHIANTI' atomic data base collaboration
%
% E. Landi - May 2004

K. Dere  -  minimum branching ratio =   1.00e-05  :  2017 December 06
%File processed with wgfa_tidy by pryoung on  6-Mar-2019
-1
%filename: na_4.splups
%oscillator strengths: interpolated using Ne III, Mg V, Si VII, S IX, Ar XI
%effective collision strengths ground conf.: Butler, K., Zeippen, C.J., 1994, AASS, 108, 1
%effective collision strengths 2s2p5, 2p6 conf.: interpolated using Ne III, Mg V, Si VII, S IX, Ar XI
%comment: effective collision strengths were provided in the temperature range 3.0 < Log T < 5.0
%produced as part of the Arcetri/Cambridge/NRL 'CHIANTI' atomic data base collaboration
%
% Enrico Landi 1997
9 23
  1  2s2.2p4 3P2
  2  2s2.2p4 3P1
  3  2s2.2p4 3P0
  4  2s2.2p4 1D2
  5  2s2.2p4 1S0
  6  2s.2p5 3P2
  7  2s.2p5 3P1
  8  2s.2p5 3P0
  9  2s.2p5 1P1
     100.0
     158.5
     251.2
     398.1
     631.0
    1000.0
    1584.9
    2511.9
    3981.1
    6309.6
   10000.0
   15848.9
   25118.9
   39810.7
   63095.7
  100000.0
  158489.3
  251188.6
  398107.2
  630957.3
 1000000.0
 1584893.2
 2511886.4
0
  1  2   6.05e-01
  0  0   6.15e-01
  0  0   6.30e-01
  0  0   6.51e-01
  0  0   6.79e-01
  0  0   7.13e-01
  0  0   7.49e-01
  0  0   7.77e-01
  0  0   7.93e-01
  0  0   7.98e-01
  0  0   8.00e-01
  0  0   8.12e-01
  0  0   8.35e-01
  0  0   8.64e-01
  0  0   8.92e-01
  0  0   9.15e-01
  0  0   9.32e-01
  0  0   9.44e-01
  0  0   9.53e-01
  0  0   9.58e-01
  0  0   9.62e-01
  0  0   9.64e-01
  0  0   9.65e-01
  1  3   1.47e-01
  0  0   1.51e-01
  0  0   1.56e-01
  0  0   1.63e-01
  0  0   1.73e-01
  0  0   1.84e-01
  0  0   1.94e-01
  0  0   2.01e-01
  0  0   2.03e-01
  0  0   2.03e-01
  0  0   2.05e-01
  0  0   2.11e-01
  0  0   2.19e-01
  0  0   2.28e-01
  0  0   2.35e-01
  0  0   2.41e-01
  0  0   2.46e-01
  0  0   2.49e-01
  0  0   2.51e-01
  0  0   2.52e-01
  0  0   2.53e-01
  0  0   2.53e-01
  0  0   2.54e-01
  1  4   6.03e-01
  0  0   6.05e-01
  0  0   6.08e-01
  0  0   6.12e-01
  0  0   6.17e-01
  0  0   6.21e-01
  0  0   6.22e-01
  0  0   6.15e-01
  0  0   6.03e-01
  0  0   5.93e-01
  0  0   6.06e-01
  0  0   6.50e-01
  0  0   7.00e-01
  0  0   7.38e-01
  0  0   7.61e-01
  0  0   7.73e-01
  0  0   7.78e-01
  0  0   7.80e-01
  0  0   7.81e-01
  0  0   7.81e-01
  0  0   7.81e-01
  0  0   7.81e-01
  0  0   7.81e-01
  1  5   1.01e-01
  0  0   1.01e-01
  0  0   1.01e-01
  0  0   1.01e-01
  0  0   1.01e-01
  0  0   1.01e-01
  0  0   1.01e-01
  0  0   1.00e-01
  0  0   9.95e-02
  0  0   9.88e-02
  0  0   9.89e-02
  0  0   9.99e-02
  0  0   1.01e-01
  0  0   1.02e-01
  0  0   1.02e-01
  0  0   1.02e-01
  0  0   1.02e-01
  0  0   1.02e-01
  0  0   1.02e-01
  0  0   1.02e-01
  0  0   1.02e-01
  0  0   1.02e-01
  0  0   1.02e-01
  2  3   2.14e-01
  0  0   2.17e-01
  0  0   2.21e-01
  0  0   2.26e-01
  0  0   2.33e-01
  0  0   2.42e-01
  0  0   2.51e-01
  0  0   2.60e-01
  0  0   2.65e-01
  0  0   2.70e-01
  0  0   2.74e-01
  0  0   2.78e-01
  0  0   2.81e-01
  0  0   2.84e-01
  0  0   2.86e-01
  0  0   2.87e-01
  0  0   2.88e-01
  0  0   2.88e-01
  0  0   2.89e-01
  0  0   2.89e-01
  0  0   2.89e-01
  0  0   2.89e-01
  0  0   2.89e-01
  2  4   3.61e-01
  0  0   3.63e-01
  0  0   3.65e-01
  0  0   3.67e-01
  0  0   3.70e-01
  0  0   3.73e-01
  0  0   3.73e-01
  0  0   3.69e-01
  0  0   3.61e-01
  0  0   3.55e-01
  0  0   3.64e-01
  0  0   3.91e-01
  0  0   4.20e-01
  0  0   4.43e-01
  0  0   4.56e-01
  0  0   4.63e-01
  0  0   4.67e-01
  0  0   4.68e-01
  0  0   4.69e-01
  0  0   4.69e-01
  0  0   4.69e-01
  0  0   4.69e-01
  0  0   4.69e-01
  2  5   6.11e-02
  0  0   6.11e-02
  0  0   6.11e-02
  0  0   6.10e-02
  0  0   6.10e-02
  0  0   6.09e-02
  0  0   6.06e-02
  0  0   6.02e-02
  0  0   5.96e-02
  0  0   5.91e-02
  0  0   5.91e-02
  0  0   5.99e-02
  0  0   6.08e-02
  0  0   6.13e-02
  0  0   6.15e-02
  0  0   6.14e-02
  0  0   6.12e-02
  0  0   6.10e-02
  0  0   6.08e-02
  0  0   6.07e-02
  0  0   6.07e-02
  0  0   6.06e-02
  0  0   6.06e-02
  3  4   1.21e-01
  0  0   1.21e-01
  0  0   1.22e-01
  0  0   1.23e-01
  0  0   1.24e-01
  0  0   1.25e-01
  0  0   1.25e-01
  0  0   1.23e-01
  0  0   1.21e-01
  0  0   1.19e-01
  0  0   1.22e-01
  0  0   1.30e-01
  0  0   1.40e-01
  0  0   1.47e-01
  0  0   1.52e-01
  0  0   1.55e-01
  0  0   1.56e-01
  0  0   1.57e-01
  0  0   1.57e-01
  0  0   1.57e-01
  0  0   1.57e-01
  0  0   1.57e-01
  0  0   1.57e-01
  3  5   2.00e-02
  0  0   2.00e-02
  0  0   2.00e-02
  0  0   2.00e-02
  0  0   2.00e-02
  0  0   2.00e-02
  0  0   2.00e-02
  0  0   2.00e-02
  0  0   2.00e-02
  0  0   2.00e-02
  0  0   2.00e-02
  0  0   2.00e-02
  0  0   2.00e-02
  0  0   2.00e-02
  0  0   2.00e-02
  0  0   2.00e-02
  0  0   2.00e-02
  0  0   2.00e-02
  0  0   2.00e-02
  0  0   2.00e-02
  0  0   2.00e-02
  0  0   2.00e-02
  0  0   2.00e-02
  4  5   2.08e-01
  0  0   2.08e-01
  0  0   2.08e-01
  0  0   2.08e-01
  0  0   2.08e-01
  0  0   2.07e-01
  0  0   2.07e-01
  0  0   2.07e-01
  0  0   2.07e-01
  0  0   2.09e-01
  0  0   2.11e-01
  0  0   2.17e-01
  0  0   2.26e-01
  0  0   2.40e-01
  0  0   2.55e-01
  0  0   2.69e-01
  0  0   2.81e-01
  0  0   2.89e-01
  0  0   2.95e-01
  0  0   2.98e-01
  0  0   3.01e-01
  0  0   3.02e-01
  0  0   3.03e-01
  1  6   3.05e+00
  0  0   3.05e+00
  0  0   3.05e+00
  0  0   3.05e+00
  0  0   3.05e+00
  0  0   3.05e+00
  0  0   3.05e+00
  0  0   3.05e+00
  0  0   3.06e+00
  0  0   3.06e+00
  0  0   3.07e+00
  0  0   3.08e+00
  0  0   3.09e+00
  0  0   3.12e+00
  0  0   3.16e+00
  0  0   3.22e+00
  0  0   3.31e+00
  0  0   3.43e+00
  0  0   3.59e+00
  0  0   3.82e+00
  0  0   4.11e+00
  0  0   4.47e+00
  0  0   4.93e+00
  1  7   1.08e+00
  0  0   1.08e+00
  0  0   1.08e+00
  0  0   1.08e+00
  0  0   1.08e+00
  0  0   1.08e+00
  0  0   1.08e+00
  0  0   1.09e+00
  0  0   1.09e+00
  0  0   1.09e+00
  0  0   1.09e+00
  0  0   1.09e+00
  0  0   1.10e+00
  0  0   1.11e+00
  0  0   1.12e+00
  0  0   1.14e+00
  0  0   1.16e+00
  0  0   1.20e+00
  0  0   1.25e+00
  0  0   1.32e+00
  0  0   1.41e+00
  0  0   1.53e+00
  0  0   1.67e+00
  1  8   1.99e-02
  0  0   1.99e-02
  0  0   1.99e-02
  0  0   1.99e-02
  0  0   1.99e-02
  0  0   1.99e-02
  0  0   1.99e-02
  0  0   1.99e-02
  0  0   1.99e-02
  0  0   1.98e-02
  0  0   1.98e-02
  0  0   1.97e-02
  0  0   1.95e-02
  0  0   1.93e-02
  0  0   1.90e-02
  0  0   1.85e-02
  0  0   1.78e-02
  0  0   1.68e-02
  0  0   1.55e-02
  0  0   1.39e-02
  0  0   1.21e-02
  0  0   9.96e-03
  0  0   7.78e-03
  1  9   1.25e-01
  0  0   1.25e-01
  0  0   1.25e-01
  0  0   1.25e-01
  0  0   1.25e-01
  0  0   1.25e-01
  0  0   1.25e-01
  0  0   1.25e-01
  0  0   1.25e-01
  0  0   1.24e-01
  0  0   1.24e-01
  0  0   1.24e-01
  0  0   1.23e-01
  0  0   1.21e-01
  0  0   1.19e-01
  0  0   1.16e-01
  0  0   1.12e-01
  0  0   1.06e-01
  0  0   9.78e-02
  0  0   8.81e-02
  0  0   7.67e-02
  0  0   6.42e-02
  0  0   5.12e-02
  2  6   9.98e-01
  0  0   9.98e-01
  0  0   9.98e-01
  0  0   9.98e-01
  0  0   9.98e-01
  0  0   9.99e-01
  0  0   9.99e-01
  0  0   9.99e-01
  0  0   1.00e+00
  0  0   1.00e+00
  0  0   1.00e+00
  0  0   1.01e+00
  0  0   1.01e+00
  0  0   1.02e+00
  0  0   1.03e+00
  0  0   1.05e+00
  0  0   1.08e+00
  0  0   1.12e+00
  0  0   1.18e+00
  0  0   1.25e+00
  0  0   1.35e+00
  0  0   1.47e+00
  0  0   1.63e+00
  2  7   6.41e-01
  0  0   6.41e-01
  0  0   6.41e-01
  0  0   6.41e-01
  0  0   6.41e-01
  0  0   6.41e-01
  0  0   6.42e-01
  0  0   6.42e-01
  0  0   6.43e-01
  0  0   6.43e-01
  0  0   6.45e-01
  0  0   6.47e-01
  0  0   6.50e-01
  0  0   6.55e-01
  0  0   6.63e-01
  0  0   6.74e-01
  0  0   6.91e-01
  0  0   7.15e-01
  0  0   7.48e-01
  0  0   7.91e-01
  0  0   8.48e-01
  0  0   9.20e-01
  0  0   1.01e+00
  2  8   7.89e-01
  0  0   7.89e-01
  0  0   7.89e-01
  0  0   7.89e-01
  0  0   7.89e-01
  0  0   7.89e-01
  0  0   7.90e-01
  0  0   7.90e-01
  0  0   7.91e-01
  0  0   7.92e-01
  0  0   7.94e-01
  0  0   7.97e-01
  0  0   8.02e-01
  0  0   8.09e-01
  0  0   8.20e-01
  0  0   8.37e-01
  0  0   8.61e-01
  0  0   8.95e-01
  0  0   9.42e-01
  0  0   1.00e+00
  0  0   1.08e+00
  0  0   1.19e+00
  0  0   1.31e+00
  2  9   7.48e-02
  0  0   7.48e-02
  0  0   7.47e-02
  0  0   7.47e-02
  0  0   7.47e-02
  0  0   7.47e-02
  0  0   7.47e-02
  0  0   7.46e-02
  0  0   7.45e-02
  0  0   7.44e-02
  0  0   7.42e-02
  0  0   7.39e-02
  0  0   7.34e-02
  0  0   7.26e-02
  0  0   7.14e-02
  0  0   6.96e-02
  0  0   6.70e-02
  0  0   6.34e-02
  0  0   5.86e-02
  0  0   5.27e-02
  0  0   4.57e-02
  0  0   3.81e-02
  0  0   3.03e-02
  3  6   2.28e-02
  0  0   2.28e-02
  0  0   2.28e-02
  0  0   2.28e-02
  0  0   2.28e-02
  0  0   2.28e-02
  0  0   2.28e-02
  0  0   2.28e-02
  0  0   2.28e-02
  0  0   2.27e-02
  0  0   2.27e-02
  0  0   2.26e-02
  0  0   2.24e-02
  0  0   2.22e-02
  0  0   2.18e-02
  0  0   2.12e-02
  0  0   2.04e-02
  0  0   1.93e-02
  0  0   1.79e-02
  0  0   1.61e-02
  0  0   1.39e-02
  0  0   1.15e-02
  0  0   8.96e-03
  3  7   7.65e-01
  0  0   7.65e-01
  0  0   7.65e-01
  0  0   7.65e-01
  0  0   7.65e-01
  0  0   7.66e-01
  0  0   7.66e-01
  0  0   7.66e-01
  0  0   7.67e-01
  0  0   7.68e-01
  0  0   7.70e-01
  0  0   7.73e-01
  0  0   7.78e-01
  0  0   7.86e-01
  0  0   7.97e-01
  0  0   8.14e-01
  0  0   8.40e-01
  0  0   8.76e-01
  0  0   9.25e-01
  0  0   9.91e-01
  0  0   1.08e+00
  0  0   1.18e+00
  0  0   1.31e+00
  3  8   1.64e-02
  0  0   1.64e-02
  0  0   1.64e-02
  0  0   1.64e-02
  0  0   1.64e-02
  0  0   1.64e-02
  0  0   1.64e-02
  0  0   1.64e-02
  0  0   1.63e-02
  0  0   1.63e-02
  0  0   1.63e-02
  0  0   1.62e-02
  0  0   1.61e-02
  0  0   1.59e-02
  0  0   1.56e-02
  0  0   1.52e-02
  0  0   1.47e-02
  0  0   1.39e-02
  0  0   1.28e-02
  0  0   1.15e-02
  0  0   9.95e-03
  0  0   8.22e-03
  0  0   6.42e-03
  3  9   2.51e-02
  0  0   2.51e-02
  0  0   2.51e-02
  0  0   2.51e-02
  0  0   2.51e-02
  0  0   2.51e-02
  0  0   2.51e-02
  0  0   2.51e-02
  0  0   2.50e-02
  0  0   2.50e-02
  0  0   2.49e-02
  0  0   2.48e-02
  0  0   2.46e-02
  0  0   2.44e-02
  0  0   2.40e-02
  0  0   2.34e-02
  0  0   2.25e-02
  0  0   2.13e-02
  0  0   1.97e-02
  0  0   1.77e-02
  0  0   1.54e-02
  0  0   1.28e-02
  0  0   1.02e-02
  4  6   2.24e-01
  0  0   2.24e-01
  0  0   2.24e-01
  0  0   2.24e-01
  0  0   2.24e-01
  0  0   2.24e-01
  0  0   2.24e-01
  0  0   2.24e-01
  0  0   2.24e-01
  0  0   2.23e-01
  0  0   2.23e-01
  0  0   2.22e-01
  0  0   2.20e-01
  0  0   2.18e-01
  0  0   2.15e-01
  0  0   2.10e-01
  0  0   2.02e-01
  0  0   1.91e-01
  0  0   1.76e-01
  0  0   1.57e-01
  0  0   1.35e-01
  0  0   1.12e-01
  0  0   8.93e-02
  4  7   1.38e-01
  0  0   1.38e-01
  0  0   1.38e-01
  0  0   1.38e-01
  0  0   1.38e-01
  0  0   1.38e-01
  0  0   1.38e-01
  0  0   1.37e-01
  0  0   1.37e-01
  0  0   1.37e-01
  0  0   1.37e-01
  0  0   1.36e-01
  0  0   1.35e-01
  0  0   1.34e-01
  0  0   1.32e-01
  0  0   1.29e-01
  0  0   1.24e-01
  0  0   1.17e-01
  0  0   1.08e-01
  0  0   9.60e-02
  0  0   8.27e-02
  0  0   6.85e-02
  0  0   5.41e-02
  4  8   4.67e-02
  0  0   4.67e-02
  0  0   4.67e-02
  0  0   4.67e-02
  0  0   4.67e-02
  0  0   4.67e-02
  0  0   4.66e-02
  0  0   4.66e-02
  0  0   4.65e-02
  0  0   4.65e-02
  0  0   4.63e-02
  0  0   4.61e-02
  0  0   4.58e-02
  0  0   4.53e-02
  0  0   4.45e-02
  0  0   4.33e-02
  0  0   4.16e-02
  0  0   3.93e-02
  0  0   3.63e-02
  0  0   3.25e-02
  0  0   2.81e-02
  0  0   2.32e-02
  0  0   1.81e-02
  4  9   3.02e+00
  0  0   3.02e+00
  0  0   3.02e+00
  0  0   3.02e+00
  0  0   3.02e+00
  0  0   3.02e+00
  0  0   3.02e+00
  0  0   3.02e+00
  0  0   3.03e+00
  0  0   3.03e+00
  0  0   3.04e+00
  0  0   3.05e+00
  0  0   3.07e+00
  0  0   3.11e+00
  0  0   3.15e+00
  0  0   3.23e+00
  0  0   3.34e+00
  0  0   3.51e+00
  0  0   3.74e+00
  0  0   4.06e+00
  0  0   4.46e+00
  0  0   4.95e+00
  0  0   5.54e+00
  5  6   6.71e-02
  0  0   6.71e-02
  0  0   6.71e-02
  0  0   6.71e-02
  0  0   6.71e-02
  0  0   6.71e-02
  0  0   6.70e-02
  0  0   6.70e-02
  0  0   6.69e-02
  0  0   6.68e-02
  0  0   6.66e-02
  0  0   6.63e-02
  0  0   6.59e-02
  0  0   6.52e-02
  0  0   6.42e-02
  0  0   6.26e-02
  0  0   6.04e-02
  0  0   5.72e-02
  0  0   5.30e-02
  0  0   4.77e-02
  0  0   4.14e-02
  0  0   3.44e-02
  0  0   2.73e-02
  5  7   4.24e-02
  0  0   4.24e-02
  0  0   4.24e-02
  0  0   4.24e-02
  0  0   4.24e-02
  0  0   4.24e-02
  0  0   4.24e-02
  0  0   4.23e-02
  0  0   4.23e-02
  0  0   4.23e-02
  0  0   4.22e-02
  0  0   4.21e-02
  0  0   4.19e-02
  0  0   4.15e-02
  0  0   4.10e-02
  0  0   4.01e-02
  0  0   3.87e-02
  0  0   3.67e-02
  0  0   3.38e-02
  0  0   3.03e-02
  0  0   2.64e-02
  0  0   2.23e-02
  0  0   1.79e-02
  5  8   1.44e-02
  0  0   1.44e-02
  0  0   1.44e-02
  0  0   1.44e-02
  0  0   1.44e-02
  0  0   1.44e-02
  0  0   1.44e-02
  0  0   1.44e-02
  0  0   1.44e-02
  0  0   1.44e-02
  0  0   1.43e-02
  0  0   1.43e-02
  0  0   1.42e-02
  0  0   1.41e-02
  0  0   1.39e-02
  0  0   1.36e-02
  0  0   1.31e-02
  0  0   1.24e-02
  0  0   1.14e-02
  0  0   1.03e-02
  0  0   8.89e-03
  0  0   7.43e-03
  0  0   5.92e-03
  5  9   2.72e-01
  0  0   2.72e-01
  0  0   2.72e-01
  0  0   2.72e-01
  0  0   2.72e-01
  0  0   2.72e-01
  0  0   2.72e-01
  0  0   2.72e-01
  0  0   2.73e-01
  0  0   2.73e-01
  0  0   2.74e-01
  0  0   2.75e-01
  0  0   2.77e-01
  0  0   2.81e-01
  0  0   2.85e-01
  0  0   2.93e-01
  0  0   3.04e-01
  0  0   3.19e-01
  0  0   3.41e-01
  0  0   3.70e-01
  0  0   4.08e-01
  0  0   4.56e-01
  0  0   5.13e-01
  6  7   1.03e+00
  0  0   1.03e+00
  0  0   1.03e+00
  0  0   1.03e+00
  0  0   1.03e+00
  0  0   1.03e+00
  0  0   1.02e+00
  0  0   1.02e+00
  0  0   1.02e+00
  0  0   1.02e+00
  0  0   1.02e+00
  0  0   1.01e+00
  0  0   1.01e+00
  0  0   9.95e-01
  0  0   9.78e-01
  0  0   9.52e-01
  0  0   9.17e-01
  0  0   8.68e-01
  0  0   8.06e-01
  0  0   7.29e-01
  0  0   6.40e-01
  0  0   5.38e-01
  0  0   4.29e-01
  6  8   1.80e-01
  0  0   1.80e-01
  0  0   1.80e-01
  0  0   1.80e-01
  0  0   1.80e-01
  0  0   1.80e-01
  0  0   1.80e-01
  0  0   1.80e-01
  0  0   1.80e-01
  0  0   1.80e-01
  0  0   1.79e-01
  0  0   1.79e-01
  0  0   1.78e-01
  0  0   1.77e-01
  0  0   1.75e-01
  0  0   1.72e-01
  0  0   1.68e-01
  0  0   1.61e-01
  0  0   1.53e-01
  0  0   1.43e-01
  0  0   1.31e-01
  0  0   1.17e-01
  0  0   1.03e-01
  6  9   5.72e-01
  0  0   5.72e-01
  0  0   5.72e-01
  0  0   5.72e-01
  0  0   5.72e-01
  0  0   5.72e-01
  0  0   5.72e-01
  0  0   5.71e-01
  0  0   5.71e-01
  0  0   5.70e-01
  0  0   5.68e-01
  0  0   5.66e-01
  0  0   5.62e-01
  0  0   5.56e-01
  0  0   5.47e-01
  0  0   5.33e-01
  0  0   5.13e-01
  0  0   4.84e-01
  0  0   4.45e-01
  0  0   3.95e-01
  0  0   3.36e-01
  0  0   2.72e-01
  0  0   2.10e-01
  7  8   5.34e-01
  0  0   5.34e-01
  0  0   5.34e-01
  0  0   5.34e-01
  0  0   5.33e-01
  0  0   5.33e-01
  0  0   5.33e-01
  0  0   5.32e-01
  0  0   5.31e-01
  0  0   5.29e-01
  0  0   5.27e-01
  0  0   5.23e-01
  0  0   5.17e-01
  0  0   5.07e-01
  0  0   4.93e-01
  0  0   4.73e-01
  0  0   4.47e-01
  0  0   4.12e-01
  0  0   3.71e-01
  0  0   3.24e-01
  0  0   2.70e-01
  0  0   2.11e-01
  0  0   1.56e-01
  7  9   3.44e-01
  0  0   3.44e-01
  0  0   3.44e-01
  0  0   3.44e-01
  0  0   3.44e-01
  0  0   3.44e-01
  0  0   3.44e-01
  0  0   3.44e-01
  0  0   3.43e-01
  0  0   3.43e-01
  0  0   3.42e-01
  0  0   3.41e-01
  0  0   3.38e-01
  0  0   3.35e-01
  0  0   3.29e-01
  0  0   3.21e-01
  0  0   3.09e-01
  0  0   2.91e-01
  0  0   2.68e-01
  0  0   2.38e-01
  0  0   2.02e-01
  0  0   1.64e-01
  0  0   1.26e-01
  8  9   1.15e-01
  0  0   1.15e-01
  0  0   1.15e-01
  0  0   1.15e-01
  0  0   1.15e-01
  0  0   1.15e-01
  0  0   1.15e-01
  0  0   1.15e-01
  0  0   1.15e-01
  0  0   1.14e-01
  0  0   1.14e-01
  0  0   1.14e-01
  0  0   1.13e-01
  0  0   1.12e-01
  0  0   1.10e-01
  0  0   1.07e-01
  0  0   1.03e-01
  0  0   9.73e-02
  0  0   8.94e-02
  0  0   7.94e-02
  0  0   6.76e-02
  0  0   5.48e-02
  0  0   4.22e-02
 0 0 0
  1  2   3.048e-02
  1  3   1.820e-07
  1  4   5.925e-01
  1  5   8.670e-03
  1  6   6.077e+09
  1  7   3.424e+09
  1  8   0.000e+00
  1  9   1.479e+07
  2  3   5.562e-03
  2  4   1.769e-01
  2  5   8.261e+00
  2  6   1.997e+09
  2  7   2.024e+09
  2  8   8.154e+09
  2  9   3.223e+05
  3  4   3.661e-05
  3  5   0.000e+00
  3  6   0.000e+00
  3  7   2.680e+09
  3  8   0.000e+00
  3  9   4.582e+05
  4  5   3.600e+00
  4  6   1.944e+06
  4  7   1.642e+05
  4  8   0.000e+00
  4  9   2.934e+10
  5  6   0.000e+00
  5  7   3.819e+05
  5  8   0.000e+00
  5  9   1.423e+09
  6  7   0.000e+00
  6  8   0.000e+00
  6  9   0.000e+00
  7  8   0.000e+00
  7  9   0.000e+00
  8  9   0.000e+00
  1  5        0.0
  2  3     1107.0
  3  1     1576.0
  4  5    30841.0
  5  1    66496.0
  6  5   243682.0
  7  3   244688.0
  8  1   245238.0
  9  3   343688.0
