 22
** Atomic data from version 6 of the CHIANTI database **
%observed energy levels: Martin, W.C., Sugar, J., Musgrove, A., Dalton, G.R., 1995,
   NIST Database for Atomic Spectroscopy, Version 1.0, NIST Standard Reference Database 61.
%theoretical energy levels: Zhang, Sampson, Fontes, ADNDT, 1990, 44, 31.
%produced as part of the Arcetri/Cambridge/NRL 'CHIANTI' atomic data base collaboration
%
% Enrico Landi 1997
%filename: na_9.wgfa
%observed energy levels: Martin, W.C., Sugar, J., Musgrove, A., Dalton, G.R., 1995,
   NIST Database for Atomic Spectroscopy, Version 1.0, NIST Standard Reference Database 61
%Allowed transitions oscillator strengths: Zhang, Sampson, Fontes, 1990, ADNDT, 44, 31
%oscillator strengths: Martin, I., Karwowski, J., Diercksen, G.H.F., Barrientos, C., 1993, A&AS, 100, 595
%produced as part of the Arcetri/Cambridge/NRL 'CHIANTI' atomic data base collaboration
%
%  Enrico Landi - 1997

%filename: na_9.splups
%oscillator strengths: Zhang, Sampson, Fontes, 1990, ADNDT, 44, 31
%collision strengths: Zhang, Sampson, Fontes, 1990, ADNDT, 44, 31
%produced as part of the Arcetri/Cambridge/NRL 'CHIANTI' atomic data base collaboration
%
% Enrico Landi 1997
15 23
  1  1s2.2s 2S1/2
  2  1s2.2p 2P1/2
  3  1s2.2p 2P3/2
  4  1s2.3s 2S1/2
  5  1s2.3p 2P1/2
  6  1s2.3p 2P3/2
  7  1s2.3d 2D3/2
  8  1s2.3d 2D5/2
  9  1s2.4s 2S1/2
 10  1s2.4p 2P1/2
 11  1s2.4p 2P3/2
 12  1s2.4d 2D3/2
 13  1s2.4d 2D5/2
 14  1s2.4f 2F5/2
 15  1s2.4f 2F7/2
     100.0
     158.5
     251.2
     398.1
     631.0
    1000.0
    1584.9
    2511.9
    3981.1
    6309.6
   10000.0
   15848.9
   25118.9
   39810.7
   63095.8
  100000.0
  158489.2
  251188.7
  398107.1
  630957.6
 1000000.0
 1584892.5
 2511887.0
0
  1  2   8.79e-01
  0  0   8.79e-01
  0  0   8.79e-01
  0  0   8.79e-01
  0  0   8.79e-01
  0  0   8.79e-01
  0  0   8.80e-01
  0  0   8.80e-01
  0  0   8.81e-01
  0  0   8.82e-01
  0  0   8.84e-01
  0  0   8.87e-01
  0  0   8.92e-01
  0  0   8.99e-01
  0  0   9.09e-01
  0  0   9.23e-01
  0  0   9.43e-01
  0  0   9.68e-01
  0  0   9.99e-01
  0  0   1.04e+00
  0  0   1.09e+00
  0  0   1.17e+00
  0  0   1.26e+00
  1  3   1.71e+00
  0  0   1.71e+00
  0  0   1.71e+00
  0  0   1.71e+00
  0  0   1.71e+00
  0  0   1.71e+00
  0  0   1.71e+00
  0  0   1.71e+00
  0  0   1.71e+00
  0  0   1.71e+00
  0  0   1.72e+00
  0  0   1.73e+00
  0  0   1.74e+00
  0  0   1.75e+00
  0  0   1.78e+00
  0  0   1.81e+00
  0  0   1.86e+00
  0  0   1.91e+00
  0  0   1.98e+00
  0  0   2.06e+00
  0  0   2.17e+00
  0  0   2.32e+00
  0  0   2.50e+00
  1  4   9.04e-02
  0  0   9.04e-02
  0  0   9.04e-02
  0  0   9.04e-02
  0  0   9.04e-02
  0  0   9.04e-02
  0  0   9.04e-02
  0  0   9.04e-02
  0  0   9.04e-02
  0  0   9.04e-02
  0  0   9.04e-02
  0  0   9.05e-02
  0  0   9.05e-02
  0  0   9.06e-02
  0  0   9.07e-02
  0  0   9.09e-02
  0  0   9.13e-02
  0  0   9.18e-02
  0  0   9.25e-02
  0  0   9.36e-02
  0  0   9.50e-02
  0  0   9.68e-02
  0  0   9.89e-02
  1  5   1.59e-02
  0  0   1.59e-02
  0  0   1.59e-02
  0  0   1.59e-02
  0  0   1.59e-02
  0  0   1.59e-02
  0  0   1.60e-02
  0  0   1.60e-02
  0  0   1.60e-02
  0  0   1.60e-02
  0  0   1.60e-02
  0  0   1.61e-02
  0  0   1.61e-02
  0  0   1.63e-02
  0  0   1.65e-02
  0  0   1.68e-02
  0  0   1.72e-02
  0  0   1.80e-02
  0  0   1.92e-02
  0  0   2.10e-02
  0  0   2.37e-02
  0  0   2.79e-02
  0  0   3.39e-02
  1  6   3.14e-02
  0  0   3.14e-02
  0  0   3.14e-02
  0  0   3.14e-02
  0  0   3.14e-02
  0  0   3.14e-02
  0  0   3.14e-02
  0  0   3.15e-02
  0  0   3.15e-02
  0  0   3.15e-02
  0  0   3.16e-02
  0  0   3.17e-02
  0  0   3.18e-02
  0  0   3.21e-02
  0  0   3.25e-02
  0  0   3.31e-02
  0  0   3.40e-02
  0  0   3.55e-02
  0  0   3.78e-02
  0  0   4.14e-02
  0  0   4.68e-02
  0  0   5.50e-02
  0  0   6.70e-02
  1  7   6.28e-02
  0  0   6.28e-02
  0  0   6.28e-02
  0  0   6.28e-02
  0  0   6.28e-02
  0  0   6.28e-02
  0  0   6.28e-02
  0  0   6.28e-02
  0  0   6.29e-02
  0  0   6.29e-02
  0  0   6.29e-02
  0  0   6.29e-02
  0  0   6.30e-02
  0  0   6.31e-02
  0  0   6.33e-02
  0  0   6.36e-02
  0  0   6.40e-02
  0  0   6.47e-02
  0  0   6.57e-02
  0  0   6.73e-02
  0  0   6.95e-02
  0  0   7.28e-02
  0  0   7.75e-02
  1  8   9.42e-02
  0  0   9.42e-02
  0  0   9.42e-02
  0  0   9.42e-02
  0  0   9.42e-02
  0  0   9.42e-02
  0  0   9.42e-02
  0  0   9.42e-02
  0  0   9.42e-02
  0  0   9.43e-02
  0  0   9.43e-02
  0  0   9.44e-02
  0  0   9.45e-02
  0  0   9.47e-02
  0  0   9.49e-02
  0  0   9.53e-02
  0  0   9.60e-02
  0  0   9.70e-02
  0  0   9.85e-02
  0  0   1.01e-01
  0  0   1.04e-01
  0  0   1.09e-01
  0  0   1.16e-01
  1  9   1.82e-02
  0  0   1.82e-02
  0  0   1.82e-02
  0  0   1.82e-02
  0  0   1.82e-02
  0  0   1.82e-02
  0  0   1.82e-02
  0  0   1.82e-02
  0  0   1.82e-02
  0  0   1.82e-02
  0  0   1.82e-02
  0  0   1.82e-02
  0  0   1.82e-02
  0  0   1.82e-02
  0  0   1.82e-02
  0  0   1.83e-02
  0  0   1.83e-02
  0  0   1.84e-02
  0  0   1.85e-02
  0  0   1.86e-02
  0  0   1.88e-02
  0  0   1.91e-02
  0  0   1.95e-02
  1 10   4.54e-03
  0  0   4.54e-03
  0  0   4.54e-03
  0  0   4.54e-03
  0  0   4.54e-03
  0  0   4.54e-03
  0  0   4.54e-03
  0  0   4.54e-03
  0  0   4.54e-03
  0  0   4.54e-03
  0  0   4.55e-03
  0  0   4.56e-03
  0  0   4.57e-03
  0  0   4.60e-03
  0  0   4.63e-03
  0  0   4.69e-03
  0  0   4.77e-03
  0  0   4.91e-03
  0  0   5.13e-03
  0  0   5.46e-03
  0  0   5.97e-03
  0  0   6.75e-03
  0  0   7.90e-03
  1 11   8.98e-03
  0  0   8.98e-03
  0  0   8.98e-03
  0  0   8.98e-03
  0  0   8.98e-03
  0  0   8.98e-03
  0  0   8.99e-03
  0  0   8.99e-03
  0  0   8.99e-03
  0  0   9.00e-03
  0  0   9.01e-03
  0  0   9.03e-03
  0  0   9.06e-03
  0  0   9.10e-03
  0  0   9.17e-03
  0  0   9.28e-03
  0  0   9.46e-03
  0  0   9.73e-03
  0  0   1.02e-02
  0  0   1.08e-02
  0  0   1.18e-02
  0  0   1.34e-02
  0  0   1.57e-02
  1 12   1.30e-02
  0  0   1.30e-02
  0  0   1.30e-02
  0  0   1.30e-02
  0  0   1.30e-02
  0  0   1.30e-02
  0  0   1.30e-02
  0  0   1.30e-02
  0  0   1.30e-02
  0  0   1.30e-02
  0  0   1.30e-02
  0  0   1.30e-02
  0  0   1.30e-02
  0  0   1.30e-02
  0  0   1.30e-02
  0  0   1.30e-02
  0  0   1.30e-02
  0  0   1.31e-02
  0  0   1.31e-02
  0  0   1.31e-02
  0  0   1.32e-02
  0  0   1.34e-02
  0  0   1.37e-02
  1 13   1.96e-02
  0  0   1.96e-02
  0  0   1.96e-02
  0  0   1.96e-02
  0  0   1.96e-02
  0  0   1.96e-02
  0  0   1.96e-02
  0  0   1.96e-02
  0  0   1.96e-02
  0  0   1.96e-02
  0  0   1.96e-02
  0  0   1.96e-02
  0  0   1.96e-02
  0  0   1.96e-02
  0  0   1.96e-02
  0  0   1.96e-02
  0  0   1.96e-02
  0  0   1.96e-02
  0  0   1.96e-02
  0  0   1.97e-02
  0  0   1.98e-02
  0  0   2.01e-02
  0  0   2.06e-02
  1 14   5.95e-03
  0  0   5.95e-03
  0  0   5.95e-03
  0  0   5.95e-03
  0  0   5.95e-03
  0  0   5.95e-03
  0  0   5.95e-03
  0  0   5.95e-03
  0  0   5.95e-03
  0  0   5.95e-03
  0  0   5.95e-03
  0  0   5.94e-03
  0  0   5.94e-03
  0  0   5.93e-03
  0  0   5.92e-03
  0  0   5.90e-03
  0  0   5.87e-03
  0  0   5.82e-03
  0  0   5.75e-03
  0  0   5.65e-03
  0  0   5.52e-03
  0  0   5.39e-03
  0  0   5.35e-03
  1 15   8.02e-03
  0  0   8.02e-03
  0  0   8.02e-03
  0  0   8.02e-03
  0  0   8.02e-03
  0  0   8.02e-03
  0  0   8.02e-03
  0  0   8.02e-03
  0  0   8.02e-03
  0  0   8.02e-03
  0  0   8.01e-03
  0  0   8.01e-03
  0  0   7.99e-03
  0  0   7.98e-03
  0  0   7.95e-03
  0  0   7.91e-03
  0  0   7.84e-03
  0  0   7.74e-03
  0  0   7.61e-03
  0  0   7.44e-03
  0  0   7.27e-03
  0  0   7.21e-03
  0  0   7.25e-03
  2  3   2.35e-01
  0  0   2.35e-01
  0  0   2.35e-01
  0  0   2.35e-01
  0  0   2.35e-01
  0  0   2.35e-01
  0  0   2.35e-01
  0  0   2.35e-01
  0  0   2.34e-01
  0  0   2.34e-01
  0  0   2.34e-01
  0  0   2.34e-01
  0  0   2.33e-01
  0  0   2.32e-01
  0  0   2.31e-01
  0  0   2.28e-01
  0  0   2.25e-01
  0  0   2.19e-01
  0  0   2.11e-01
  0  0   2.00e-01
  0  0   1.87e-01
  0  0   1.73e-01
  0  0   1.60e-01
  2  4   7.05e-03
  0  0   7.05e-03
  0  0   7.05e-03
  0  0   7.05e-03
  0  0   7.05e-03
  0  0   7.05e-03
  0  0   7.05e-03
  0  0   7.05e-03
  0  0   7.05e-03
  0  0   7.06e-03
  0  0   7.06e-03
  0  0   7.07e-03
  0  0   7.08e-03
  0  0   7.09e-03
  0  0   7.12e-03
  0  0   7.16e-03
  0  0   7.22e-03
  0  0   7.32e-03
  0  0   7.48e-03
  0  0   7.73e-03
  0  0   8.14e-03
  0  0   8.83e-03
  0  0   1.00e-02
  2  5   1.04e-01
  0  0   1.04e-01
  0  0   1.04e-01
  0  0   1.04e-01
  0  0   1.04e-01
  0  0   1.04e-01
  0  0   1.04e-01
  0  0   1.04e-01
  0  0   1.04e-01
  0  0   1.04e-01
  0  0   1.04e-01
  0  0   1.04e-01
  0  0   1.04e-01
  0  0   1.04e-01
  0  0   1.04e-01
  0  0   1.04e-01
  0  0   1.04e-01
  0  0   1.05e-01
  0  0   1.05e-01
  0  0   1.05e-01
  0  0   1.06e-01
  0  0   1.07e-01
  0  0   1.08e-01
  2  6   3.08e-02
  0  0   3.08e-02
  0  0   3.08e-02
  0  0   3.08e-02
  0  0   3.08e-02
  0  0   3.08e-02
  0  0   3.08e-02
  0  0   3.08e-02
  0  0   3.08e-02
  0  0   3.08e-02
  0  0   3.08e-02
  0  0   3.07e-02
  0  0   3.07e-02
  0  0   3.06e-02
  0  0   3.04e-02
  0  0   3.02e-02
  0  0   2.99e-02
  0  0   2.93e-02
  0  0   2.85e-02
  0  0   2.74e-02
  0  0   2.59e-02
  0  0   2.42e-02
  0  0   2.28e-02
  2  7   3.06e-01
  0  0   3.06e-01
  0  0   3.06e-01
  0  0   3.06e-01
  0  0   3.06e-01
  0  0   3.06e-01
  0  0   3.06e-01
  0  0   3.06e-01
  0  0   3.06e-01
  0  0   3.06e-01
  0  0   3.06e-01
  0  0   3.07e-01
  0  0   3.08e-01
  0  0   3.09e-01
  0  0   3.11e-01
  0  0   3.14e-01
  0  0   3.19e-01
  0  0   3.27e-01
  0  0   3.38e-01
  0  0   3.57e-01
  0  0   3.84e-01
  0  0   4.25e-01
  0  0   4.80e-01
  2  8   6.06e-02
  0  0   6.06e-02
  0  0   6.06e-02
  0  0   6.06e-02
  0  0   6.06e-02
  0  0   6.05e-02
  0  0   6.05e-02
  0  0   6.05e-02
  0  0   6.05e-02
  0  0   6.04e-02
  0  0   6.03e-02
  0  0   6.02e-02
  0  0   5.99e-02
  0  0   5.95e-02
  0  0   5.90e-02
  0  0   5.80e-02
  0  0   5.67e-02
  0  0   5.46e-02
  0  0   5.18e-02
  0  0   4.80e-02
  0  0   4.38e-02
  0  0   3.95e-02
  0  0   3.54e-02
  2  9   2.26e-03
  0  0   2.26e-03
  0  0   2.26e-03
  0  0   2.26e-03
  0  0   2.26e-03
  0  0   2.26e-03
  0  0   2.26e-03
  0  0   2.26e-03
  0  0   2.26e-03
  0  0   2.26e-03
  0  0   2.26e-03
  0  0   2.26e-03
  0  0   2.25e-03
  0  0   2.25e-03
  0  0   2.24e-03
  0  0   2.23e-03
  0  0   2.22e-03
  0  0   2.19e-03
  0  0   2.16e-03
  0  0   2.12e-03
  0  0   2.09e-03
  0  0   2.09e-03
  0  0   2.19e-03
  2 10   2.15e-02
  0  0   2.15e-02
  0  0   2.15e-02
  0  0   2.15e-02
  0  0   2.15e-02
  0  0   2.15e-02
  0  0   2.15e-02
  0  0   2.15e-02
  0  0   2.15e-02
  0  0   2.15e-02
  0  0   2.15e-02
  0  0   2.15e-02
  0  0   2.15e-02
  0  0   2.15e-02
  0  0   2.15e-02
  0  0   2.14e-02
  0  0   2.14e-02
  0  0   2.14e-02
  0  0   2.14e-02
  0  0   2.13e-02
  0  0   2.13e-02
  0  0   2.13e-02
  0  0   2.14e-02
  2 11   1.02e-02
  0  0   1.02e-02
  0  0   1.02e-02
  0  0   1.02e-02
  0  0   1.02e-02
  0  0   1.02e-02
  0  0   1.02e-02
  0  0   1.02e-02
  0  0   1.01e-02
  0  0   1.01e-02
  0  0   1.01e-02
  0  0   1.01e-02
  0  0   1.01e-02
  0  0   1.00e-02
  0  0   9.94e-03
  0  0   9.82e-03
  0  0   9.63e-03
  0  0   9.35e-03
  0  0   8.96e-03
  0  0   8.43e-03
  0  0   7.80e-03
  0  0   7.16e-03
  0  0   6.56e-03
  2 12   6.01e-02
  0  0   6.01e-02
  0  0   6.01e-02
  0  0   6.01e-02
  0  0   6.01e-02
  0  0   6.01e-02
  0  0   6.01e-02
  0  0   6.01e-02
  0  0   6.01e-02
  0  0   6.02e-02
  0  0   6.02e-02
  0  0   6.03e-02
  0  0   6.04e-02
  0  0   6.06e-02
  0  0   6.08e-02
  0  0   6.12e-02
  0  0   6.19e-02
  0  0   6.29e-02
  0  0   6.46e-02
  0  0   6.71e-02
  0  0   7.12e-02
  0  0   7.71e-02
  0  0   8.51e-02
  2 13   1.90e-02
  0  0   1.90e-02
  0  0   1.90e-02
  0  0   1.90e-02
  0  0   1.90e-02
  0  0   1.90e-02
  0  0   1.89e-02
  0  0   1.89e-02
  0  0   1.89e-02
  0  0   1.89e-02
  0  0   1.89e-02
  0  0   1.88e-02
  0  0   1.87e-02
  0  0   1.86e-02
  0  0   1.84e-02
  0  0   1.81e-02
  0  0   1.76e-02
  0  0   1.69e-02
  0  0   1.59e-02
  0  0   1.45e-02
  0  0   1.29e-02
  0  0   1.13e-02
  0  0   9.75e-03
  2 14   8.48e-03
  0  0   8.48e-03
  0  0   8.48e-03
  0  0   8.48e-03
  0  0   8.48e-03
  0  0   8.48e-03
  0  0   8.48e-03
  0  0   8.49e-03
  0  0   8.49e-03
  0  0   8.49e-03
  0  0   8.50e-03
  0  0   8.51e-03
  0  0   8.52e-03
  0  0   8.54e-03
  0  0   8.58e-03
  0  0   8.63e-03
  0  0   8.72e-03
  0  0   8.86e-03
  0  0   9.07e-03
  0  0   9.39e-03
  0  0   9.87e-03
  0  0   1.06e-02
  0  0   1.16e-02
  2 15   6.86e-03
  0  0   6.86e-03
  0  0   6.86e-03
  0  0   6.86e-03
  0  0   6.85e-03
  0  0   6.85e-03
  0  0   6.85e-03
  0  0   6.85e-03
  0  0   6.84e-03
  0  0   6.83e-03
  0  0   6.82e-03
  0  0   6.80e-03
  0  0   6.76e-03
  0  0   6.71e-03
  0  0   6.62e-03
  0  0   6.49e-03
  0  0   6.29e-03
  0  0   6.00e-03
  0  0   5.58e-03
  0  0   5.03e-03
  0  0   4.41e-03
  0  0   3.83e-03
  0  0   3.31e-03
  3  4   1.42e-02
  0  0   1.42e-02
  0  0   1.42e-02
  0  0   1.42e-02
  0  0   1.42e-02
  0  0   1.42e-02
  0  0   1.42e-02
  0  0   1.42e-02
  0  0   1.42e-02
  0  0   1.42e-02
  0  0   1.42e-02
  0  0   1.42e-02
  0  0   1.42e-02
  0  0   1.43e-02
  0  0   1.43e-02
  0  0   1.44e-02
  0  0   1.45e-02
  0  0   1.47e-02
  0  0   1.51e-02
  0  0   1.56e-02
  0  0   1.64e-02
  0  0   1.79e-02
  0  0   2.03e-02
  3  5   3.13e-02
  0  0   3.13e-02
  0  0   3.13e-02
  0  0   3.13e-02
  0  0   3.13e-02
  0  0   3.13e-02
  0  0   3.13e-02
  0  0   3.13e-02
  0  0   3.13e-02
  0  0   3.12e-02
  0  0   3.12e-02
  0  0   3.12e-02
  0  0   3.11e-02
  0  0   3.10e-02
  0  0   3.08e-02
  0  0   3.05e-02
  0  0   3.01e-02
  0  0   2.95e-02
  0  0   2.86e-02
  0  0   2.73e-02
  0  0   2.58e-02
  0  0   2.45e-02
  0  0   2.34e-02
  3  6   2.40e-01
  0  0   2.40e-01
  0  0   2.40e-01
  0  0   2.40e-01
  0  0   2.40e-01
  0  0   2.40e-01
  0  0   2.40e-01
  0  0   2.40e-01
  0  0   2.40e-01
  0  0   2.40e-01
  0  0   2.40e-01
  0  0   2.40e-01
  0  0   2.40e-01
  0  0   2.40e-01
  0  0   2.40e-01
  0  0   2.40e-01
  0  0   2.39e-01
  0  0   2.39e-01
  0  0   2.39e-01
  0  0   2.38e-01
  0  0   2.38e-01
  0  0   2.38e-01
  0  0   2.39e-01
  3  7   1.35e-01
  0  0   1.35e-01
  0  0   1.35e-01
  0  0   1.35e-01
  0  0   1.35e-01
  0  0   1.35e-01
  0  0   1.35e-01
  0  0   1.35e-01
  0  0   1.35e-01
  0  0   1.35e-01
  0  0   1.35e-01
  0  0   1.35e-01
  0  0   1.34e-01
  0  0   1.34e-01
  0  0   1.34e-01
  0  0   1.33e-01
  0  0   1.33e-01
  0  0   1.32e-01
  0  0   1.30e-01
  0  0   1.30e-01
  0  0   1.30e-01
  0  0   1.33e-01
  0  0   1.39e-01
  3  8   6.03e-01
  0  0   6.03e-01
  0  0   6.03e-01
  0  0   6.03e-01
  0  0   6.03e-01
  0  0   6.03e-01
  0  0   6.03e-01
  0  0   6.03e-01
  0  0   6.04e-01
  0  0   6.04e-01
  0  0   6.04e-01
  0  0   6.05e-01
  0  0   6.06e-01
  0  0   6.08e-01
  0  0   6.11e-01
  0  0   6.16e-01
  0  0   6.24e-01
  0  0   6.36e-01
  0  0   6.55e-01
  0  0   6.85e-01
  0  0   7.32e-01
  0  0   8.02e-01
  0  0   8.97e-01
  3  9   4.50e-03
  0  0   4.50e-03
  0  0   4.50e-03
  0  0   4.50e-03
  0  0   4.50e-03
  0  0   4.50e-03
  0  0   4.50e-03
  0  0   4.50e-03
  0  0   4.50e-03
  0  0   4.50e-03
  0  0   4.50e-03
  0  0   4.49e-03
  0  0   4.49e-03
  0  0   4.48e-03
  0  0   4.47e-03
  0  0   4.46e-03
  0  0   4.43e-03
  0  0   4.39e-03
  0  0   4.34e-03
  0  0   4.27e-03
  0  0   4.21e-03
  0  0   4.21e-03
  0  0   4.38e-03
  3 10   1.02e-02
  0  0   1.02e-02
  0  0   1.02e-02
  0  0   1.02e-02
  0  0   1.02e-02
  0  0   1.02e-02
  0  0   1.02e-02
  0  0   1.02e-02
  0  0   1.01e-02
  0  0   1.01e-02
  0  0   1.01e-02
  0  0   1.01e-02
  0  0   1.01e-02
  0  0   1.00e-02
  0  0   9.95e-03
  0  0   9.84e-03
  0  0   9.66e-03
  0  0   9.39e-03
  0  0   9.00e-03
  0  0   8.47e-03
  0  0   7.83e-03
  0  0   7.17e-03
  0  0   6.58e-03
  3 11   5.32e-02
  0  0   5.32e-02
  0  0   5.32e-02
  0  0   5.32e-02
  0  0   5.32e-02
  0  0   5.32e-02
  0  0   5.32e-02
  0  0   5.32e-02
  0  0   5.32e-02
  0  0   5.31e-02
  0  0   5.31e-02
  0  0   5.31e-02
  0  0   5.31e-02
  0  0   5.30e-02
  0  0   5.29e-02
  0  0   5.28e-02
  0  0   5.26e-02
  0  0   5.23e-02
  0  0   5.18e-02
  0  0   5.12e-02
  0  0   5.05e-02
  0  0   4.99e-02
  0  0   4.94e-02
  3 12   3.51e-02
  0  0   3.51e-02
  0  0   3.51e-02
  0  0   3.51e-02
  0  0   3.51e-02
  0  0   3.51e-02
  0  0   3.51e-02
  0  0   3.50e-02
  0  0   3.50e-02
  0  0   3.50e-02
  0  0   3.50e-02
  0  0   3.49e-02
  0  0   3.48e-02
  0  0   3.47e-02
  0  0   3.45e-02
  0  0   3.42e-02
  0  0   3.37e-02
  0  0   3.30e-02
  0  0   3.21e-02
  0  0   3.10e-02
  0  0   2.99e-02
  0  0   2.92e-02
  0  0   2.89e-02
  3 13   1.24e-01
  0  0   1.24e-01
  0  0   1.24e-01
  0  0   1.24e-01
  0  0   1.24e-01
  0  0   1.24e-01
  0  0   1.24e-01
  0  0   1.24e-01
  0  0   1.24e-01
  0  0   1.24e-01
  0  0   1.24e-01
  0  0   1.24e-01
  0  0   1.24e-01
  0  0   1.24e-01
  0  0   1.25e-01
  0  0   1.25e-01
  0  0   1.26e-01
  0  0   1.27e-01
  0  0   1.29e-01
  0  0   1.33e-01
  0  0   1.39e-01
  0  0   1.49e-01
  0  0   1.62e-01
  3 14   1.11e-02
  0  0   1.11e-02
  0  0   1.11e-02
  0  0   1.11e-02
  0  0   1.11e-02
  0  0   1.11e-02
  0  0   1.11e-02
  0  0   1.11e-02
  0  0   1.11e-02
  0  0   1.11e-02
  0  0   1.11e-02
  0  0   1.10e-02
  0  0   1.10e-02
  0  0   1.10e-02
  0  0   1.09e-02
  0  0   1.08e-02
  0  0   1.06e-02
  0  0   1.04e-02
  0  0   9.98e-03
  0  0   9.43e-03
  0  0   8.71e-03
  0  0   7.93e-03
  0  0   7.40e-03
  3 15   1.95e-02
  0  0   1.95e-02
  0  0   1.95e-02
  0  0   1.95e-02
  0  0   1.95e-02
  0  0   1.95e-02
  0  0   1.95e-02
  0  0   1.95e-02
  0  0   1.95e-02
  0  0   1.95e-02
  0  0   1.95e-02
  0  0   1.95e-02
  0  0   1.95e-02
  0  0   1.95e-02
  0  0   1.95e-02
  0  0   1.96e-02
  0  0   1.96e-02
  0  0   1.97e-02
  0  0   1.97e-02
  0  0   1.99e-02
  0  0   2.02e-02
  0  0   2.09e-02
  0  0   2.23e-02
 0 0 0
  1  2   6.367e+08
  1  3   6.739e+08
  1  4   0.000e+00
  1  5   1.410e+11
  1  6   1.400e+11
  1  7   0.000e+00
  1  8   0.000e+00
  1  9   0.000e+00
  1 10   6.502e+10
  1 11   6.475e+10
  1 12   0.000e+00
  1 13   0.000e+00
  1 14   0.000e+00
  1 15   0.000e+00
  2  3   0.000e+00
  2  4   2.245e+10
  2  5   0.000e+00
  2  6   0.000e+00
  2  7   3.511e+11
  2  8   0.000e+00
  2  9   8.889e+09
  2 10   0.000e+00
  2 11   0.000e+00
  2 12   1.218e+11
  2 13   0.000e+00
  2 14   0.000e+00
  2 15   0.000e+00
  3  4   4.531e+10
  3  5   0.000e+00
  3  6   0.000e+00
  3  7   7.010e+10
  3  8   4.209e+11
  3  9   1.792e+10
  3 10   0.000e+00
  3 11   0.000e+00
  3 12   2.427e+10
  3 13   1.459e+11
  3 14   0.000e+00
  3 15   0.000e+00
  4  5   0.000e+00
  4  6   0.000e+00
  4  7   0.000e+00
  4  8   0.000e+00
  4  9   0.000e+00
  4 10   0.000e+00
  4 11   0.000e+00
  4 12   0.000e+00
  4 13   0.000e+00
  4 14   0.000e+00
  4 15   0.000e+00
  5  6   0.000e+00
  5  7   0.000e+00
  5  8   0.000e+00
  5  9   0.000e+00
  5 10   0.000e+00
  5 11   0.000e+00
  5 12   0.000e+00
  5 13   0.000e+00
  5 14   0.000e+00
  5 15   0.000e+00
  6  7   0.000e+00
  6  8   0.000e+00
  6  9   0.000e+00
  6 10   0.000e+00
  6 11   0.000e+00
  6 12   0.000e+00
  6 13   0.000e+00
  6 14   0.000e+00
  6 15   0.000e+00
  7  8   0.000e+00
  7  9   0.000e+00
  7 10   0.000e+00
  7 11   0.000e+00
  7 12   0.000e+00
  7 13   0.000e+00
  7 14   8.472e+07
  7 15   0.000e+00
  8  9   0.000e+00
  8 10   0.000e+00
  8 11   0.000e+00
  8 12   0.000e+00
  8 13   0.000e+00
  8 14   5.992e+09
  8 15   9.075e+10
  9 10   0.000e+00
  9 11   0.000e+00
  9 12   0.000e+00
  9 13   0.000e+00
  9 14   0.000e+00
  9 15   0.000e+00
 10 11   0.000e+00
 10 12   0.000e+00
 10 13   0.000e+00
 10 14   0.000e+00
 10 15   0.000e+00
 11 12   0.000e+00
 11 13   0.000e+00
 11 14   0.000e+00
 11 15   0.000e+00
 12 13   0.000e+00
 12 14   0.000e+00
 12 15   0.000e+00
 13 14   0.000e+00
 13 15   0.000e+00
 14 15   0.000e+00
  1  2        0.0
  2  2   144062.0
  3  4   146688.0
  4  2  1375950.0
  5  2  1415370.0
  6  4  1416130.0
  7  4  1430000.0
  8  6  1430200.0
  9  2  1840350.0
 10  2  1856440.0
 11  4  1856770.0
 12  4  1862250.0
 13  6  1862570.0
 14  6  1862930.0
 15  8  1862980.0
