47
** Atomic data from version 10 of the CHIANTI database **

Theoretical energies:
Fernandez-Menchero, Del Zanna and Badnell, A&A, 2014, 566, A104
doi = {10.1051/0004-6361/201423864}

Observed energies: NIST Atomic Spectra Database, (ver. 5.7.1), [Online].
https://physics.nist.gov/PhysRefData/ASD/levels_form.html

Note: only the bound levels up to n=5 have been retained.

Produced as part of the 'CHIANTI' atomic data base collaboration by
Giulio Del Zanna, May 2020

-1

gf-values, A-values and theoretical energies:
Fernandez-Menchero, Del Zanna and Badnell, A&A, 2014, 566, A104
doi = {10.1051/0004-6361/201423864}
Only transition probabilities with a branching ratio
greater than 10^(-5) have been retained.


gf-values, A-values for the n=2,3 (lowest 20 levels):
MBPT calculations by  Wang, K. et al., 2015, ApJS,  218, 16
doi = {10.1088/0067-0049/218/2/16}

Observed energies: NIST Atomic Spectra Database, (ver. 5.7.1), [Online]
https://physics.nist.gov/PhysRefData/ASD/levels_form.html

Note: only the bound levels up to n=5 have been retained.

Produced as part of the 'CHIANTI' atomic data base collaboration by
Giulio Del Zanna, May 2020


-1

oscillator strengths and effective collision strengths:
Fernandez-Menchero, Del Zanna and Badnell, A&A, 2014, 566, A104
doi = {10.1051/0004-6361/201423864}

Note: only the bound levels up to n=5 have been retained.

Produced as part of the 'CHIANTI' atomic data base collaboration by
Giulio Del Zanna, May 2020

10 23
  1  2s2 1S0
  2  2s 2p 3P0
  3  2s 2p 3P1
  4  2s 2p 3P2
  5  2s 2p 1P1
  6  2p2 3P0
  7  2p2 3P1
  8  2p2 3P2
  9  2p2 1D2
 10  2p2 1S0
     100.0
     158.5
     251.2
     398.1
     631.0
    1000.0
    1584.9
    2511.9
    3981.1
    6309.6
   10000.0
   15848.9
   25118.9
   39810.7
   63095.7
  100000.0
  158489.3
  251188.6
  398107.2
  630957.3
 1000000.0
 1584893.2
 2511886.4
0
  1  2   3.61e-02
  0  0   3.61e-02
  0  0   3.60e-02
  0  0   3.60e-02
  0  0   3.60e-02
  0  0   3.59e-02
  0  0   3.58e-02
  0  0   3.57e-02
  0  0   3.54e-02
  0  0   3.51e-02
  0  0   3.45e-02
  0  0   3.37e-02
  0  0   3.23e-02
  0  0   3.01e-02
  0  0   2.69e-02
  0  0   2.36e-02
  0  0   2.11e-02
  0  0   1.90e-02
  0  0   1.77e-02
  0  0   1.66e-02
  0  0   1.50e-02
  0  0   1.27e-02
  0  0   1.03e-02
  1  3   1.20e-01
  0  0   1.20e-01
  0  0   1.20e-01
  0  0   1.20e-01
  0  0   1.20e-01
  0  0   1.20e-01
  0  0   1.20e-01
  0  0   1.19e-01
  0  0   1.19e-01
  0  0   1.17e-01
  0  0   1.15e-01
  0  0   1.11e-01
  0  0   1.03e-01
  0  0   9.25e-02
  0  0   8.24e-02
  0  0   7.24e-02
  0  0   6.36e-02
  0  0   5.75e-02
  0  0   5.36e-02
  0  0   5.01e-02
  0  0   4.50e-02
  0  0   3.83e-02
  0  0   3.11e-02
  1  4   2.38e-01
  0  0   2.38e-01
  0  0   2.38e-01
  0  0   2.38e-01
  0  0   2.38e-01
  0  0   2.38e-01
  0  0   2.38e-01
  0  0   2.38e-01
  0  0   2.37e-01
  0  0   2.35e-01
  0  0   2.29e-01
  0  0   2.16e-01
  0  0   1.91e-01
  0  0   1.60e-01
  0  0   1.41e-01
  0  0   1.24e-01
  0  0   1.06e-01
  0  0   9.52e-02
  0  0   9.01e-02
  0  0   8.35e-02
  0  0   7.48e-02
  0  0   6.37e-02
  0  0   5.15e-02
  1  5   1.49e+00
  0  0   1.49e+00
  0  0   1.49e+00
  0  0   1.49e+00
  0  0   1.49e+00
  0  0   1.49e+00
  0  0   1.49e+00
  0  0   1.50e+00
  0  0   1.50e+00
  0  0   1.50e+00
  0  0   1.50e+00
  0  0   1.50e+00
  0  0   1.51e+00
  0  0   1.51e+00
  0  0   1.53e+00
  0  0   1.55e+00
  0  0   1.57e+00
  0  0   1.61e+00
  0  0   1.67e+00
  0  0   1.75e+00
  0  0   1.85e+00
  0  0   1.99e+00
  0  0   2.17e+00
  1  6   4.12e-04
  0  0   4.12e-04
  0  0   4.11e-04
  0  0   4.11e-04
  0  0   4.10e-04
  0  0   4.08e-04
  0  0   4.07e-04
  0  0   4.04e-04
  0  0   4.02e-04
  0  0   4.00e-04
  0  0   4.04e-04
  0  0   4.20e-04
  0  0   4.56e-04
  0  0   4.91e-04
  0  0   4.75e-04
  0  0   4.62e-04
  0  0   4.87e-04
  0  0   5.36e-04
  0  0   6.05e-04
  0  0   6.60e-04
  0  0   6.44e-04
  0  0   5.64e-04
  0  0   4.53e-04
  1  7   1.38e-03
  0  0   1.38e-03
  0  0   1.38e-03
  0  0   1.37e-03
  0  0   1.37e-03
  0  0   1.37e-03
  0  0   1.36e-03
  0  0   1.36e-03
  0  0   1.35e-03
  0  0   1.35e-03
  0  0   1.35e-03
  0  0   1.38e-03
  0  0   1.45e-03
  0  0   1.51e-03
  0  0   1.45e-03
  0  0   1.40e-03
  0  0   1.45e-03
  0  0   1.60e-03
  0  0   1.81e-03
  0  0   1.97e-03
  0  0   1.92e-03
  0  0   1.68e-03
  0  0   1.35e-03
  1  8   2.56e-03
  0  0   2.56e-03
  0  0   2.56e-03
  0  0   2.56e-03
  0  0   2.55e-03
  0  0   2.55e-03
  0  0   2.54e-03
  0  0   2.53e-03
  0  0   2.52e-03
  0  0   2.50e-03
  0  0   2.50e-03
  0  0   2.51e-03
  0  0   2.56e-03
  0  0   2.58e-03
  0  0   2.45e-03
  0  0   2.37e-03
  0  0   2.46e-03
  0  0   2.69e-03
  0  0   3.04e-03
  0  0   3.31e-03
  0  0   3.23e-03
  0  0   2.82e-03
  0  0   2.27e-03
  1  9   2.85e-02
  0  0   2.85e-02
  0  0   2.85e-02
  0  0   2.85e-02
  0  0   2.85e-02
  0  0   2.85e-02
  0  0   2.85e-02
  0  0   2.85e-02
  0  0   2.85e-02
  0  0   2.85e-02
  0  0   2.84e-02
  0  0   2.84e-02
  0  0   2.83e-02
  0  0   2.81e-02
  0  0   2.80e-02
  0  0   2.81e-02
  0  0   2.87e-02
  0  0   2.95e-02
  0  0   3.02e-02
  0  0   3.05e-02
  0  0   2.98e-02
  0  0   2.84e-02
  0  0   2.68e-02
  1 10   9.11e-03
  0  0   9.11e-03
  0  0   9.11e-03
  0  0   9.11e-03
  0  0   9.11e-03
  0  0   9.11e-03
  0  0   9.11e-03
  0  0   9.11e-03
  0  0   9.11e-03
  0  0   9.12e-03
  0  0   9.14e-03
  0  0   9.17e-03
  0  0   9.22e-03
  0  0   9.28e-03
  0  0   9.35e-03
  0  0   9.44e-03
  0  0   9.71e-03
  0  0   1.04e-02
  0  0   1.12e-02
  0  0   1.16e-02
  0  0   1.14e-02
  0  0   1.07e-02
  0  0   9.76e-03
  2  3   1.34e-01
  0  0   1.34e-01
  0  0   1.35e-01
  0  0   1.35e-01
  0  0   1.35e-01
  0  0   1.35e-01
  0  0   1.36e-01
  0  0   1.37e-01
  0  0   1.39e-01
  0  0   1.43e-01
  0  0   1.50e-01
  0  0   1.61e-01
  0  0   1.81e-01
  0  0   2.11e-01
  0  0   2.42e-01
  0  0   2.60e-01
  0  0   2.55e-01
  0  0   2.36e-01
  0  0   2.10e-01
  0  0   1.85e-01
  0  0   1.57e-01
  0  0   1.29e-01
  0  0   1.01e-01
  2  4   7.39e-02
  0  0   7.40e-02
  0  0   7.42e-02
  0  0   7.45e-02
  0  0   7.50e-02
  0  0   7.58e-02
  0  0   7.71e-02
  0  0   7.92e-02
  0  0   8.28e-02
  0  0   8.91e-02
  0  0   1.00e-01
  0  0   1.19e-01
  0  0   1.52e-01
  0  0   2.00e-01
  0  0   2.54e-01
  0  0   2.87e-01
  0  0   2.85e-01
  0  0   2.61e-01
  0  0   2.25e-01
  0  0   1.91e-01
  0  0   1.60e-01
  0  0   1.32e-01
  0  0   1.09e-01
  2  5   6.88e-02
  0  0   6.88e-02
  0  0   6.88e-02
  0  0   6.88e-02
  0  0   6.88e-02
  0  0   6.88e-02
  0  0   6.89e-02
  0  0   6.89e-02
  0  0   6.88e-02
  0  0   6.84e-02
  0  0   6.75e-02
  0  0   6.54e-02
  0  0   6.13e-02
  0  0   5.63e-02
  0  0   5.37e-02
  0  0   5.00e-02
  0  0   4.54e-02
  0  0   4.41e-02
  0  0   4.46e-02
  0  0   4.30e-02
  0  0   3.89e-02
  0  0   3.28e-02
  0  0   2.60e-02
  2  6   6.25e-03
  0  0   6.24e-03
  0  0   6.24e-03
  0  0   6.24e-03
  0  0   6.23e-03
  0  0   6.22e-03
  0  0   6.20e-03
  0  0   6.19e-03
  0  0   6.17e-03
  0  0   6.17e-03
  0  0   6.23e-03
  0  0   6.44e-03
  0  0   6.88e-03
  0  0   7.35e-03
  0  0   7.34e-03
  0  0   7.27e-03
  0  0   7.42e-03
  0  0   7.61e-03
  0  0   7.78e-03
  0  0   7.73e-03
  0  0   7.22e-03
  0  0   6.32e-03
  0  0   5.22e-03
  2  7   6.77e-01
  0  0   6.77e-01
  0  0   6.77e-01
  0  0   6.77e-01
  0  0   6.77e-01
  0  0   6.76e-01
  0  0   6.76e-01
  0  0   6.75e-01
  0  0   6.76e-01
  0  0   6.77e-01
  0  0   6.82e-01
  0  0   6.95e-01
  0  0   7.20e-01
  0  0   7.46e-01
  0  0   7.57e-01
  0  0   7.70e-01
  0  0   7.89e-01
  0  0   8.12e-01
  0  0   8.42e-01
  0  0   8.83e-01
  0  0   9.38e-01
  0  0   1.01e+00
  0  0   1.09e+00
  2  8   1.17e-02
  0  0   1.17e-02
  0  0   1.17e-02
  0  0   1.17e-02
  0  0   1.17e-02
  0  0   1.17e-02
  0  0   1.17e-02
  0  0   1.16e-02
  0  0   1.16e-02
  0  0   1.16e-02
  0  0   1.16e-02
  0  0   1.16e-02
  0  0   1.17e-02
  0  0   1.18e-02
  0  0   1.16e-02
  0  0   1.14e-02
  0  0   1.17e-02
  0  0   1.28e-02
  0  0   1.42e-02
  0  0   1.50e-02
  0  0   1.45e-02
  0  0   1.28e-02
  0  0   1.05e-02
  2  9   1.70e-02
  0  0   1.70e-02
  0  0   1.70e-02
  0  0   1.70e-02
  0  0   1.70e-02
  0  0   1.70e-02
  0  0   1.70e-02
  0  0   1.70e-02
  0  0   1.70e-02
  0  0   1.70e-02
  0  0   1.70e-02
  0  0   1.70e-02
  0  0   1.69e-02
  0  0   1.69e-02
  0  0   1.68e-02
  0  0   1.71e-02
  0  0   1.84e-02
  0  0   2.13e-02
  0  0   2.44e-02
  0  0   2.55e-02
  0  0   2.41e-02
  0  0   2.08e-02
  0  0   1.68e-02
  2 10   1.98e-03
  0  0   1.98e-03
  0  0   1.98e-03
  0  0   1.98e-03
  0  0   1.98e-03
  0  0   1.98e-03
  0  0   1.99e-03
  0  0   1.99e-03
  0  0   2.00e-03
  0  0   2.01e-03
  0  0   2.02e-03
  0  0   2.02e-03
  0  0   2.01e-03
  0  0   2.02e-03
  0  0   2.11e-03
  0  0   2.35e-03
  0  0   2.84e-03
  0  0   3.55e-03
  0  0   4.22e-03
  0  0   4.44e-03
  0  0   4.14e-03
  0  0   3.49e-03
  0  0   2.73e-03
  3  4   3.60e-01
  0  0   3.60e-01
  0  0   3.61e-01
  0  0   3.61e-01
  0  0   3.63e-01
  0  0   3.65e-01
  0  0   3.69e-01
  0  0   3.76e-01
  0  0   3.87e-01
  0  0   4.05e-01
  0  0   4.37e-01
  0  0   4.92e-01
  0  0   5.86e-01
  0  0   7.25e-01
  0  0   8.86e-01
  0  0   9.79e-01
  0  0   9.63e-01
  0  0   8.85e-01
  0  0   7.72e-01
  0  0   6.62e-01
  0  0   5.56e-01
  0  0   4.57e-01
  0  0   3.71e-01
  3  5   2.07e-01
  0  0   2.07e-01
  0  0   2.07e-01
  0  0   2.07e-01
  0  0   2.07e-01
  0  0   2.08e-01
  0  0   2.08e-01
  0  0   2.08e-01
  0  0   2.07e-01
  0  0   2.07e-01
  0  0   2.04e-01
  0  0   1.97e-01
  0  0   1.85e-01
  0  0   1.70e-01
  0  0   1.62e-01
  0  0   1.51e-01
  0  0   1.37e-01
  0  0   1.33e-01
  0  0   1.34e-01
  0  0   1.29e-01
  0  0   1.16e-01
  0  0   9.80e-02
  0  0   7.78e-02
  3  6   6.06e-01
  0  0   6.06e-01
  0  0   6.05e-01
  0  0   6.05e-01
  0  0   6.05e-01
  0  0   6.04e-01
  0  0   6.03e-01
  0  0   6.03e-01
  0  0   6.03e-01
  0  0   6.06e-01
  0  0   6.15e-01
  0  0   6.38e-01
  0  0   6.80e-01
  0  0   7.26e-01
  0  0   7.43e-01
  0  0   7.59e-01
  0  0   7.83e-01
  0  0   8.08e-01
  0  0   8.39e-01
  0  0   8.82e-01
  0  0   9.37e-01
  0  0   1.01e+00
  0  0   1.09e+00
  3  7   5.42e-01
  0  0   5.42e-01
  0  0   5.42e-01
  0  0   5.42e-01
  0  0   5.42e-01
  0  0   5.42e-01
  0  0   5.41e-01
  0  0   5.41e-01
  0  0   5.41e-01
  0  0   5.42e-01
  0  0   5.46e-01
  0  0   5.55e-01
  0  0   5.73e-01
  0  0   5.92e-01
  0  0   6.00e-01
  0  0   6.09e-01
  0  0   6.23e-01
  0  0   6.41e-01
  0  0   6.65e-01
  0  0   6.97e-01
  0  0   7.36e-01
  0  0   7.83e-01
  0  0   8.42e-01
  3  8   9.69e-01
  0  0   9.69e-01
  0  0   9.69e-01
  0  0   9.69e-01
  0  0   9.69e-01
  0  0   9.69e-01
  0  0   9.69e-01
  0  0   9.69e-01
  0  0   9.70e-01
  0  0   9.70e-01
  0  0   9.71e-01
  0  0   9.73e-01
  0  0   9.77e-01
  0  0   9.83e-01
  0  0   9.90e-01
  0  0   1.00e+00
  0  0   1.02e+00
  0  0   1.05e+00
  0  0   1.09e+00
  0  0   1.14e+00
  0  0   1.21e+00
  0  0   1.29e+00
  0  0   1.39e+00
  3  9   5.27e-02
  0  0   5.27e-02
  0  0   5.27e-02
  0  0   5.27e-02
  0  0   5.27e-02
  0  0   5.27e-02
  0  0   5.27e-02
  0  0   5.27e-02
  0  0   5.26e-02
  0  0   5.26e-02
  0  0   5.25e-02
  0  0   5.24e-02
  0  0   5.23e-02
  0  0   5.20e-02
  0  0   5.17e-02
  0  0   5.25e-02
  0  0   5.67e-02
  0  0   6.54e-02
  0  0   7.43e-02
  0  0   7.77e-02
  0  0   7.34e-02
  0  0   6.35e-02
  0  0   5.13e-02
  3 10   6.12e-03
  0  0   6.12e-03
  0  0   6.12e-03
  0  0   6.13e-03
  0  0   6.13e-03
  0  0   6.14e-03
  0  0   6.15e-03
  0  0   6.16e-03
  0  0   6.18e-03
  0  0   6.21e-03
  0  0   6.23e-03
  0  0   6.24e-03
  0  0   6.23e-03
  0  0   6.26e-03
  0  0   6.52e-03
  0  0   7.24e-03
  0  0   8.72e-03
  0  0   1.09e-02
  0  0   1.28e-02
  0  0   1.35e-02
  0  0   1.26e-02
  0  0   1.06e-02
  0  0   8.29e-03
  4  5   3.47e-01
  0  0   3.47e-01
  0  0   3.47e-01
  0  0   3.47e-01
  0  0   3.47e-01
  0  0   3.47e-01
  0  0   3.47e-01
  0  0   3.47e-01
  0  0   3.47e-01
  0  0   3.45e-01
  0  0   3.41e-01
  0  0   3.30e-01
  0  0   3.09e-01
  0  0   2.84e-01
  0  0   2.71e-01
  0  0   2.52e-01
  0  0   2.28e-01
  0  0   2.22e-01
  0  0   2.24e-01
  0  0   2.15e-01
  0  0   1.94e-01
  0  0   1.64e-01
  0  0   1.30e-01
  4  6   1.51e-02
  0  0   1.51e-02
  0  0   1.51e-02
  0  0   1.51e-02
  0  0   1.51e-02
  0  0   1.51e-02
  0  0   1.51e-02
  0  0   1.51e-02
  0  0   1.50e-02
  0  0   1.50e-02
  0  0   1.48e-02
  0  0   1.44e-02
  0  0   1.36e-02
  0  0   1.27e-02
  0  0   1.20e-02
  0  0   1.15e-02
  0  0   1.14e-02
  0  0   1.22e-02
  0  0   1.35e-02
  0  0   1.43e-02
  0  0   1.38e-02
  0  0   1.21e-02
  0  0   9.90e-03
  4  7   8.87e-01
  0  0   8.87e-01
  0  0   8.87e-01
  0  0   8.87e-01
  0  0   8.86e-01
  0  0   8.86e-01
  0  0   8.86e-01
  0  0   8.85e-01
  0  0   8.85e-01
  0  0   8.87e-01
  0  0   8.93e-01
  0  0   9.07e-01
  0  0   9.33e-01
  0  0   9.62e-01
  0  0   9.75e-01
  0  0   9.89e-01
  0  0   1.01e+00
  0  0   1.04e+00
  0  0   1.08e+00
  0  0   1.14e+00
  0  0   1.21e+00
  0  0   1.29e+00
  0  0   1.39e+00
  4  8   2.89e+00
  0  0   2.89e+00
  0  0   2.89e+00
  0  0   2.89e+00
  0  0   2.89e+00
  0  0   2.89e+00
  0  0   2.89e+00
  0  0   2.89e+00
  0  0   2.89e+00
  0  0   2.90e+00
  0  0   2.90e+00
  0  0   2.90e+00
  0  0   2.91e+00
  0  0   2.93e+00
  0  0   2.95e+00
  0  0   2.98e+00
  0  0   3.04e+00
  0  0   3.12e+00
  0  0   3.23e+00
  0  0   3.37e+00
  0  0   3.57e+00
  0  0   3.82e+00
  0  0   4.14e+00
  4  9   9.50e-02
  0  0   9.50e-02
  0  0   9.50e-02
  0  0   9.50e-02
  0  0   9.50e-02
  0  0   9.50e-02
  0  0   9.49e-02
  0  0   9.49e-02
  0  0   9.49e-02
  0  0   9.48e-02
  0  0   9.47e-02
  0  0   9.45e-02
  0  0   9.43e-02
  0  0   9.38e-02
  0  0   9.32e-02
  0  0   9.45e-02
  0  0   1.02e-01
  0  0   1.17e-01
  0  0   1.31e-01
  0  0   1.36e-01
  0  0   1.29e-01
  0  0   1.13e-01
  0  0   9.21e-02
  4 10   1.07e-02
  0  0   1.07e-02
  0  0   1.07e-02
  0  0   1.07e-02
  0  0   1.07e-02
  0  0   1.07e-02
  0  0   1.07e-02
  0  0   1.08e-02
  0  0   1.08e-02
  0  0   1.08e-02
  0  0   1.09e-02
  0  0   1.09e-02
  0  0   1.09e-02
  0  0   1.09e-02
  0  0   1.14e-02
  0  0   1.26e-02
  0  0   1.50e-02
  0  0   1.85e-02
  0  0   2.19e-02
  0  0   2.30e-02
  0  0   2.15e-02
  0  0   1.81e-02
  0  0   1.42e-02
  5  6   2.93e-02
  0  0   2.93e-02
  0  0   2.92e-02
  0  0   2.91e-02
  0  0   2.90e-02
  0  0   2.88e-02
  0  0   2.85e-02
  0  0   2.81e-02
  0  0   2.77e-02
  0  0   2.73e-02
  0  0   2.73e-02
  0  0   2.86e-02
  0  0   3.14e-02
  0  0   3.29e-02
  0  0   2.87e-02
  0  0   2.44e-02
  0  0   2.21e-02
  0  0   2.00e-02
  0  0   1.87e-02
  0  0   1.76e-02
  0  0   1.58e-02
  0  0   1.33e-02
  0  0   1.07e-02
  5  7   9.79e-02
  0  0   9.78e-02
  0  0   9.77e-02
  0  0   9.74e-02
  0  0   9.71e-02
  0  0   9.65e-02
  0  0   9.57e-02
  0  0   9.46e-02
  0  0   9.33e-02
  0  0   9.19e-02
  0  0   9.16e-02
  0  0   9.38e-02
  0  0   9.94e-02
  0  0   1.01e-01
  0  0   8.78e-02
  0  0   7.46e-02
  0  0   6.67e-02
  0  0   6.03e-02
  0  0   5.61e-02
  0  0   5.26e-02
  0  0   4.70e-02
  0  0   3.96e-02
  0  0   3.16e-02
  5  8   1.93e-01
  0  0   1.92e-01
  0  0   1.92e-01
  0  0   1.92e-01
  0  0   1.91e-01
  0  0   1.90e-01
  0  0   1.89e-01
  0  0   1.87e-01
  0  0   1.85e-01
  0  0   1.82e-01
  0  0   1.80e-01
  0  0   1.80e-01
  0  0   1.83e-01
  0  0   1.78e-01
  0  0   1.53e-01
  0  0   1.30e-01
  0  0   1.16e-01
  0  0   1.05e-01
  0  0   9.81e-02
  0  0   9.24e-02
  0  0   8.32e-02
  0  0   7.11e-02
  0  0   5.82e-02
  5  9   4.18e+00
  0  0   4.18e+00
  0  0   4.18e+00
  0  0   4.18e+00
  0  0   4.18e+00
  0  0   4.18e+00
  0  0   4.18e+00
  0  0   4.18e+00
  0  0   4.18e+00
  0  0   4.18e+00
  0  0   4.19e+00
  0  0   4.20e+00
  0  0   4.22e+00
  0  0   4.24e+00
  0  0   4.27e+00
  0  0   4.32e+00
  0  0   4.40e+00
  0  0   4.53e+00
  0  0   4.72e+00
  0  0   4.97e+00
  0  0   5.29e+00
  0  0   5.68e+00
  0  0   6.16e+00
  5 10   1.32e+00
  0  0   1.32e+00
  0  0   1.32e+00
  0  0   1.32e+00
  0  0   1.32e+00
  0  0   1.32e+00
  0  0   1.32e+00
  0  0   1.33e+00
  0  0   1.33e+00
  0  0   1.33e+00
  0  0   1.33e+00
  0  0   1.33e+00
  0  0   1.34e+00
  0  0   1.35e+00
  0  0   1.36e+00
  0  0   1.37e+00
  0  0   1.39e+00
  0  0   1.43e+00
  0  0   1.49e+00
  0  0   1.57e+00
  0  0   1.67e+00
  0  0   1.79e+00
  0  0   1.96e+00
  6  7   1.33e-01
  0  0   1.33e-01
  0  0   1.33e-01
  0  0   1.32e-01
  0  0   1.32e-01
  0  0   1.32e-01
  0  0   1.32e-01
  0  0   1.31e-01
  0  0   1.30e-01
  0  0   1.30e-01
  0  0   1.30e-01
  0  0   1.32e-01
  0  0   1.38e-01
  0  0   1.43e-01
  0  0   1.38e-01
  0  0   1.33e-01
  0  0   1.32e-01
  0  0   1.36e-01
  0  0   1.42e-01
  0  0   1.44e-01
  0  0   1.36e-01
  0  0   1.19e-01
  0  0   9.81e-02
  6  8   8.30e-02
  0  0   8.30e-02
  0  0   8.30e-02
  0  0   8.29e-02
  0  0   8.29e-02
  0  0   8.28e-02
  0  0   8.27e-02
  0  0   8.25e-02
  0  0   8.23e-02
  0  0   8.21e-02
  0  0   8.19e-02
  0  0   8.20e-02
  0  0   8.26e-02
  0  0   8.27e-02
  0  0   8.04e-02
  0  0   7.83e-02
  0  0   7.91e-02
  0  0   8.39e-02
  0  0   9.14e-02
  0  0   9.69e-02
  0  0   9.63e-02
  0  0   9.04e-02
  0  0   8.25e-02
  6  9   7.09e-02
  0  0   7.09e-02
  0  0   7.09e-02
  0  0   7.08e-02
  0  0   7.08e-02
  0  0   7.08e-02
  0  0   7.08e-02
  0  0   7.07e-02
  0  0   7.07e-02
  0  0   7.06e-02
  0  0   7.04e-02
  0  0   7.02e-02
  0  0   6.99e-02
  0  0   6.93e-02
  0  0   6.83e-02
  0  0   6.72e-02
  0  0   6.69e-02
  0  0   6.90e-02
  0  0   7.19e-02
  0  0   7.17e-02
  0  0   6.65e-02
  0  0   5.75e-02
  0  0   4.67e-02
  6 10   8.84e-03
  0  0   8.84e-03
  0  0   8.84e-03
  0  0   8.84e-03
  0  0   8.83e-03
  0  0   8.83e-03
  0  0   8.83e-03
  0  0   8.83e-03
  0  0   8.82e-03
  0  0   8.81e-03
  0  0   8.79e-03
  0  0   8.76e-03
  0  0   8.71e-03
  0  0   8.62e-03
  0  0   8.54e-03
  0  0   8.77e-03
  0  0   9.79e-03
  0  0   1.18e-02
  0  0   1.36e-02
  0  0   1.37e-02
  0  0   1.24e-02
  0  0   1.02e-02
  0  0   7.88e-03
  7  8   3.68e-01
  0  0   3.68e-01
  0  0   3.68e-01
  0  0   3.68e-01
  0  0   3.68e-01
  0  0   3.67e-01
  0  0   3.66e-01
  0  0   3.65e-01
  0  0   3.64e-01
  0  0   3.63e-01
  0  0   3.62e-01
  0  0   3.63e-01
  0  0   3.68e-01
  0  0   3.69e-01
  0  0   3.56e-01
  0  0   3.42e-01
  0  0   3.43e-01
  0  0   3.58e-01
  0  0   3.83e-01
  0  0   3.98e-01
  0  0   3.86e-01
  0  0   3.52e-01
  0  0   3.08e-01
  7  9   2.16e-01
  0  0   2.16e-01
  0  0   2.16e-01
  0  0   2.16e-01
  0  0   2.16e-01
  0  0   2.16e-01
  0  0   2.16e-01
  0  0   2.15e-01
  0  0   2.15e-01
  0  0   2.15e-01
  0  0   2.14e-01
  0  0   2.14e-01
  0  0   2.13e-01
  0  0   2.11e-01
  0  0   2.08e-01
  0  0   2.05e-01
  0  0   2.05e-01
  0  0   2.10e-01
  0  0   2.18e-01
  0  0   2.17e-01
  0  0   2.02e-01
  0  0   1.74e-01
  0  0   1.42e-01
  7 10   2.69e-02
  0  0   2.69e-02
  0  0   2.69e-02
  0  0   2.69e-02
  0  0   2.69e-02
  0  0   2.69e-02
  0  0   2.69e-02
  0  0   2.68e-02
  0  0   2.68e-02
  0  0   2.68e-02
  0  0   2.67e-02
  0  0   2.67e-02
  0  0   2.65e-02
  0  0   2.63e-02
  0  0   2.60e-02
  0  0   2.67e-02
  0  0   2.97e-02
  0  0   3.56e-02
  0  0   4.09e-02
  0  0   4.13e-02
  0  0   3.73e-02
  0  0   3.08e-02
  0  0   2.38e-02
  8  9   3.72e-01
  0  0   3.72e-01
  0  0   3.72e-01
  0  0   3.72e-01
  0  0   3.71e-01
  0  0   3.71e-01
  0  0   3.71e-01
  0  0   3.71e-01
  0  0   3.71e-01
  0  0   3.70e-01
  0  0   3.70e-01
  0  0   3.68e-01
  0  0   3.66e-01
  0  0   3.63e-01
  0  0   3.59e-01
  0  0   3.53e-01
  0  0   3.51e-01
  0  0   3.60e-01
  0  0   3.73e-01
  0  0   3.70e-01
  0  0   3.44e-01
  0  0   2.98e-01
  0  0   2.42e-01
  8 10   4.58e-02
  0  0   4.58e-02
  0  0   4.58e-02
  0  0   4.58e-02
  0  0   4.58e-02
  0  0   4.58e-02
  0  0   4.58e-02
  0  0   4.57e-02
  0  0   4.57e-02
  0  0   4.57e-02
  0  0   4.56e-02
  0  0   4.54e-02
  0  0   4.52e-02
  0  0   4.48e-02
  0  0   4.43e-02
  0  0   4.54e-02
  0  0   5.03e-02
  0  0   6.02e-02
  0  0   6.90e-02
  0  0   6.94e-02
  0  0   6.26e-02
  0  0   5.18e-02
  0  0   4.00e-02
  9 10   1.23e-01
  0  0   1.23e-01
  0  0   1.23e-01
  0  0   1.23e-01
  0  0   1.23e-01
  0  0   1.23e-01
  0  0   1.23e-01
  0  0   1.23e-01
  0  0   1.23e-01
  0  0   1.23e-01
  0  0   1.23e-01
  0  0   1.23e-01
  0  0   1.24e-01
  0  0   1.24e-01
  0  0   1.25e-01
  0  0   1.27e-01
  0  0   1.33e-01
  0  0   1.42e-01
  0  0   1.52e-01
  0  0   1.59e-01
  0  0   1.63e-01
  0  0   1.65e-01
  0  0   1.68e-01
 0 0 0
  1  2   0.000e+00
  1  3   4.505e+04
  1  4   8.615e-02
  1  5   4.528e+09
  1  6   0.000e+00
  1  7   0.000e+00
  1  8   0.000e+00
  1  9   0.000e+00
  1 10   0.000e+00
  2  3   0.000e+00
  2  4   0.000e+00
  2  5   0.000e+00
  2  6   0.000e+00
  2  7   1.200e+09
  2  8   0.000e+00
  2  9   0.000e+00
  2 10   0.000e+00
  3  4   5.657e-02
  3  5   0.000e+00
  3  6   3.512e+09
  3  7   8.899e+08
  3  8   9.099e+08
  3  9   4.115e+05
  3 10   4.653e+05
  4  5   0.000e+00
  4  6   0.000e+00
  4  7   1.445e+09
  4  8   2.657e+09
  4  9   5.740e+06
  4 10   0.000e+00
  5  6   7.343e+04
  5  7   0.000e+00
  5  8   2.638e+05
  5  9   6.599e+08
  5 10   6.510e+09
  6  7   0.000e+00
  6  8   0.000e+00
  6  9   0.000e+00
  6 10   0.000e+00
  7  8   0.000e+00
  7  9   0.000e+00
  7 10   0.000e+00
  8  9   0.000e+00
  8 10   0.000e+00
  9 10   0.000e+00
  1  1        0.0
  2  1   125881.0
  3  3   126613.0
  4  5   128219.0
  5  3   243208.0
  6  1   327477.0
  7  3   328311.0
  8  5   329730.0
  9  5   361145.0
 10  1   446136.0
