 26
** Atomic data from version 6 of the CHIANTI database **
%experimental energy levels: Martin, W.C., Sugar, J., Musgrove, A., Dalton, G.R., 1995,
     NIST Database for Atomic Spectroscopy, Version 1.0, NIST Standard Reference Database 61
%theoretical energy levels: interpolated using H-like ions from C VI to Ca XX
%comment:     13297671      Limit
%produced as part of the Arcetri/Cambridge/NRL 'CHIANTI' atomic data base collaboration
%
%  E. Landi - July 2004
%filename: na_11.wgfa
%experimental energy levels: Martin, W.C., Sugar, J., Musgrove, A., Dalton, G.R., 1995,
   NIST Database for Atomic Spectroscopy, Version 1.0, NIST Standard Reference Database 61.
%theoretical energy levels: interpolated using H-like ions from C VI to S XVI
%A values: Parpia, F.A., Johnson, W.R., 1982, Phys.Rev.A, 26, 1142.
%oscillator strengths: Wiese, W.L., Smith, M.W., Glennon, B.M., 1966, Atomic Transition Probabilities, NSRDS-NBS-4.
%comment: Wiese's oscillator strengths are hydrogenic
%comment:     13297671      Limit
%produced as part of the Arcetri/Cambridge/NRL 'CHIANTI' atomic data base collaboration
%
%   E.Landi 2000

%filename: na_11.splups
%oscillator strengths: Wiese, W.L., Smith, M.W., Glennon, B.M., 1966, Atomic Transition Probabilities, NSRDS-NBS-4
%effective collision strengths: interpolated using H-like ions from C V to Ca XX
%produced as part of the Arcetri/Cambridge/NRL 'CHIANTI' atomic data base collaboration
%
%  E. Landi - July 2004
 9 23
  1  1s 2S1/2
  2  2s 2S1/2
  3  2p 2P1/2
  4  2p 2P3/2
  5  3s 2S1/2
  6  3p 2P1/2
  7  3p 2P3/2
  8  3d 2D3/2
  9  3d 2D5/2
     100.0
     158.5
     251.2
     398.1
     631.0
    1000.0
    1584.9
    2511.9
    3981.1
    6309.6
   10000.0
   15848.9
   25118.9
   39810.7
   63095.8
  100000.0
  158489.2
  251188.7
  398107.1
  630957.6
 1000000.0
 1584892.5
 2511887.0
0
  1  2   5.55e-03
  0  0   5.55e-03
  0  0   5.55e-03
  0  0   5.55e-03
  0  0   5.55e-03
  0  0   5.55e-03
  0  0   5.55e-03
  0  0   5.55e-03
  0  0   5.55e-03
  0  0   5.55e-03
  0  0   5.54e-03
  0  0   5.54e-03
  0  0   5.54e-03
  0  0   5.54e-03
  0  0   5.53e-03
  0  0   5.54e-03
  0  0   5.57e-03
  0  0   5.68e-03
  0  0   5.86e-03
  0  0   6.02e-03
  0  0   6.10e-03
  0  0   6.12e-03
  0  0   6.14e-03
  1  3   7.91e-03
  0  0   7.91e-03
  0  0   7.91e-03
  0  0   7.91e-03
  0  0   7.91e-03
  0  0   7.91e-03
  0  0   7.91e-03
  0  0   7.91e-03
  0  0   7.91e-03
  0  0   7.91e-03
  0  0   7.91e-03
  0  0   7.91e-03
  0  0   7.92e-03
  0  0   7.92e-03
  0  0   7.93e-03
  0  0   7.94e-03
  0  0   7.97e-03
  0  0   8.05e-03
  0  0   8.20e-03
  0  0   8.41e-03
  0  0   8.56e-03
  0  0   8.63e-03
  0  0   8.99e-03
  1  4   1.59e-02
  0  0   1.59e-02
  0  0   1.59e-02
  0  0   1.59e-02
  0  0   1.59e-02
  0  0   1.59e-02
  0  0   1.59e-02
  0  0   1.59e-02
  0  0   1.59e-02
  0  0   1.59e-02
  0  0   1.59e-02
  0  0   1.59e-02
  0  0   1.59e-02
  0  0   1.59e-02
  0  0   1.59e-02
  0  0   1.59e-02
  0  0   1.60e-02
  0  0   1.61e-02
  0  0   1.64e-02
  0  0   1.69e-02
  0  0   1.72e-02
  0  0   1.73e-02
  0  0   1.80e-02
  1  5   1.40e-03
  0  0   1.40e-03
  0  0   1.40e-03
  0  0   1.40e-03
  0  0   1.40e-03
  0  0   1.40e-03
  0  0   1.40e-03
  0  0   1.40e-03
  0  0   1.39e-03
  0  0   1.39e-03
  0  0   1.39e-03
  0  0   1.38e-03
  0  0   1.37e-03
  0  0   1.36e-03
  0  0   1.36e-03
  0  0   1.39e-03
  0  0   1.42e-03
  0  0   1.45e-03
  0  0   1.45e-03
  0  0   1.42e-03
  0  0   1.39e-03
  0  0   1.34e-03
  0  0   1.30e-03
  1  6   1.79e-03
  0  0   1.79e-03
  0  0   1.79e-03
  0  0   1.79e-03
  0  0   1.79e-03
  0  0   1.79e-03
  0  0   1.79e-03
  0  0   1.79e-03
  0  0   1.79e-03
  0  0   1.79e-03
  0  0   1.79e-03
  0  0   1.78e-03
  0  0   1.78e-03
  0  0   1.78e-03
  0  0   1.77e-03
  0  0   1.77e-03
  0  0   1.77e-03
  0  0   1.78e-03
  0  0   1.82e-03
  0  0   1.83e-03
  0  0   1.85e-03
  0  0   1.86e-03
  0  0   1.88e-03
  1  7   3.58e-03
  0  0   3.58e-03
  0  0   3.58e-03
  0  0   3.58e-03
  0  0   3.58e-03
  0  0   3.58e-03
  0  0   3.58e-03
  0  0   3.57e-03
  0  0   3.57e-03
  0  0   3.57e-03
  0  0   3.57e-03
  0  0   3.57e-03
  0  0   3.56e-03
  0  0   3.56e-03
  0  0   3.55e-03
  0  0   3.54e-03
  0  0   3.54e-03
  0  0   3.57e-03
  0  0   3.63e-03
  0  0   3.67e-03
  0  0   3.70e-03
  0  0   3.72e-03
  0  0   3.77e-03
  1  8   5.34e-04
  0  0   5.34e-04
  0  0   5.34e-04
  0  0   5.34e-04
  0  0   5.34e-04
  0  0   5.34e-04
  0  0   5.33e-04
  0  0   5.33e-04
  0  0   5.32e-04
  0  0   5.31e-04
  0  0   5.29e-04
  0  0   5.27e-04
  0  0   5.23e-04
  0  0   5.18e-04
  0  0   5.13e-04
  0  0   5.14e-04
  0  0   5.26e-04
  0  0   5.49e-04
  0  0   5.73e-04
  0  0   5.88e-04
  0  0   5.88e-04
  0  0   5.75e-04
  0  0   5.55e-04
  1  9   8.01e-04
  0  0   8.01e-04
  0  0   8.01e-04
  0  0   8.01e-04
  0  0   8.01e-04
  0  0   8.01e-04
  0  0   8.00e-04
  0  0   8.00e-04
  0  0   7.99e-04
  0  0   7.97e-04
  0  0   7.95e-04
  0  0   7.91e-04
  0  0   7.85e-04
  0  0   7.78e-04
  0  0   7.71e-04
  0  0   7.72e-04
  0  0   7.90e-04
  0  0   8.24e-04
  0  0   8.61e-04
  0  0   8.82e-04
  0  0   8.83e-04
  0  0   8.62e-04
  0  0   8.32e-04
  2  5   5.85e-02
  0  0   5.85e-02
  0  0   5.85e-02
  0  0   5.85e-02
  0  0   5.84e-02
  0  0   5.84e-02
  0  0   5.84e-02
  0  0   5.84e-02
  0  0   5.84e-02
  0  0   5.83e-02
  0  0   5.82e-02
  0  0   5.81e-02
  0  0   5.80e-02
  0  0   5.80e-02
  0  0   5.82e-02
  0  0   5.88e-02
  0  0   5.96e-02
  0  0   6.07e-02
  0  0   6.21e-02
  0  0   6.35e-02
  0  0   6.48e-02
  0  0   6.57e-02
  0  0   6.61e-02
  2  6   2.47e-02
  0  0   2.47e-02
  0  0   2.47e-02
  0  0   2.47e-02
  0  0   2.47e-02
  0  0   2.47e-02
  0  0   2.47e-02
  0  0   2.47e-02
  0  0   2.48e-02
  0  0   2.48e-02
  0  0   2.48e-02
  0  0   2.49e-02
  0  0   2.49e-02
  0  0   2.50e-02
  0  0   2.52e-02
  0  0   2.55e-02
  0  0   2.60e-02
  0  0   2.67e-02
  0  0   2.79e-02
  0  0   2.95e-02
  0  0   3.10e-02
  0  0   3.33e-02
  0  0   3.67e-02
  2  7   4.96e-02
  0  0   4.96e-02
  0  0   4.96e-02
  0  0   4.96e-02
  0  0   4.96e-02
  0  0   4.96e-02
  0  0   4.96e-02
  0  0   4.96e-02
  0  0   4.96e-02
  0  0   4.97e-02
  0  0   4.97e-02
  0  0   4.98e-02
  0  0   5.00e-02
  0  0   5.02e-02
  0  0   5.05e-02
  0  0   5.11e-02
  0  0   5.20e-02
  0  0   5.34e-02
  0  0   5.58e-02
  0  0   5.89e-02
  0  0   6.20e-02
  0  0   6.66e-02
  0  0   7.32e-02
  2  8   5.39e-02
  0  0   5.39e-02
  0  0   5.39e-02
  0  0   5.39e-02
  0  0   5.39e-02
  0  0   5.39e-02
  0  0   5.39e-02
  0  0   5.38e-02
  0  0   5.38e-02
  0  0   5.38e-02
  0  0   5.37e-02
  0  0   5.36e-02
  0  0   5.35e-02
  0  0   5.33e-02
  0  0   5.32e-02
  0  0   5.33e-02
  0  0   5.38e-02
  0  0   5.49e-02
  0  0   5.64e-02
  0  0   5.78e-02
  0  0   5.85e-02
  0  0   5.92e-02
  0  0   6.04e-02
  2  9   8.09e-02
  0  0   8.09e-02
  0  0   8.09e-02
  0  0   8.09e-02
  0  0   8.08e-02
  0  0   8.08e-02
  0  0   8.08e-02
  0  0   8.08e-02
  0  0   8.08e-02
  0  0   8.07e-02
  0  0   8.06e-02
  0  0   8.05e-02
  0  0   8.03e-02
  0  0   8.01e-02
  0  0   8.00e-02
  0  0   8.00e-02
  0  0   8.08e-02
  0  0   8.23e-02
  0  0   8.45e-02
  0  0   8.67e-02
  0  0   8.78e-02
  0  0   8.88e-02
  0  0   9.06e-02
 0 0 0
  1  2   6.518e+04
 -1 -2   1.452e+07
  1  3   9.193e+12
  1  4   9.217e+12
  1  5   0.000e+00
  1  6   2.455e+12
  1  7   2.459e+12
  1  8   0.000e+00
  1  9   0.000e+00
  2  3   0.000e+00
  2  4   0.000e+00
  2  5   0.000e+00
  2  6   3.300e+11
  2  7   3.311e+11
  2  8   0.000e+00
  2  9   0.000e+00
  3  4   0.000e+00
  3  5   3.098e+10
  3  6   0.000e+00
  3  7   0.000e+00
  3  8   7.944e+11
  3  9   0.000e+00
  4  5   6.160e+10
  4  6   0.000e+00
  4  7   0.000e+00
  4  8   1.580e+11
  4  9   9.483e+11
  5  6   0.000e+00
  5  7   0.000e+00
  5  8   0.000e+00
  5  9   0.000e+00
  6  7   0.000e+00
  6  8   0.000e+00
  6  9   0.000e+00
  7  8   0.000e+00
  7  9   0.000e+00
  8  9   0.000e+00
  1  2        0.0
  2  2  9971714.0
  3  2  9971485.0
  4  4  9976866.0
  5  2 11820033.0
  6  2 11819964.0
  7  4 11821559.0
  8  4 11821556.0
  9  6 11822086.0
