48
** Atomic data from version 10 of the CHIANTI database **


Theoretical energies:
Fernandez-Menchero, Del Zanna and Badnell, A&A, 2014, 566, A104
doi = {10.1051/0004-6361/201423864}

Observed energies: NIST Atomic Spectra Database, (ver. 5.7.1), [Online].
https://physics.nist.gov/PhysRefData/ASD/levels_form.html

Note: only the bound levels up to n=5 have been retained.

Produced as part of the 'CHIANTI' atomic data base collaboration by
Giulio Del Zanna, May 2020

-1

gf-values, A-values and theoretical energies:
Fernandez-Menchero, Del Zanna and Badnell, A&A, 2014, 566, A104
doi = {10.1051/0004-6361/201423864}
Only transition probabilities with a branching ratio
greater than 10^(-5) have been retained.


gf-values, A-values for the n=2,3 (lowest 20 levels):
MBPT calculations by  Wang, K. et al., 2015, ApJS,  218, 16
doi = {10.1088/0067-0049/218/2/16}

Observed energies: NIST Atomic Spectra Database, (ver. 5.7.1), [Online]
https://physics.nist.gov/PhysRefData/ASD/levels_form.html

Note: only the bound levels up to n=5 have been retained.

Produced as part of the 'CHIANTI' atomic data base collaboration by
Giulio Del Zanna, May 2020


-1

oscillator strengths and effective collision strengths:
Fernandez-Menchero, Del Zanna and Badnell, A&A, 2014, 566, A104
doi = {10.1051/0004-6361/201423864}

Note: only the bound levels up to n=5 have been retained.

Produced as part of the 'CHIANTI' atomic data base collaboration by
Giulio Del Zanna, May 2020

10 23
  1  2s2 1S0
  2  2s 2p 3P0
  3  2s 2p 3P1
  4  2s 2p 3P2
  5  2s 2p 1P1
  6  2p2 3P0
  7  2p2 3P1
  8  2p2 3P2
  9  2p2 1D2
 10  2p2 1S0
     100.0
     158.5
     251.2
     398.1
     631.0
    1000.0
    1584.9
    2511.9
    3981.1
    6309.6
   10000.0
   15848.9
   25118.9
   39810.7
   63095.7
  100000.0
  158489.3
  251188.6
  398107.2
  630957.3
 1000000.0
 1584893.2
 2511886.4
0
  1  2   1.67e-02
  0  0   1.67e-02
  0  0   1.66e-02
  0  0   1.66e-02
  0  0   1.66e-02
  0  0   1.65e-02
  0  0   1.64e-02
  0  0   1.63e-02
  0  0   1.63e-02
  0  0   1.67e-02
  0  0   1.80e-02
  0  0   2.10e-02
  0  0   2.56e-02
  0  0   2.82e-02
  0  0   2.77e-02
  0  0   2.67e-02
  0  0   2.52e-02
  0  0   2.32e-02
  0  0   2.17e-02
  0  0   1.99e-02
  0  0   1.74e-02
  0  0   1.44e-02
  0  0   1.13e-02
  1  3   5.48e-02
  0  0   5.47e-02
  0  0   5.47e-02
  0  0   5.45e-02
  0  0   5.44e-02
  0  0   5.41e-02
  0  0   5.39e-02
  0  0   5.36e-02
  0  0   5.37e-02
  0  0   5.49e-02
  0  0   5.87e-02
  0  0   6.70e-02
  0  0   7.94e-02
  0  0   8.58e-02
  0  0   8.45e-02
  0  0   8.10e-02
  0  0   7.58e-02
  0  0   7.01e-02
  0  0   6.55e-02
  0  0   5.99e-02
  0  0   5.22e-02
  0  0   4.32e-02
  0  0   3.44e-02
  1  4   9.89e-02
  0  0   9.88e-02
  0  0   9.86e-02
  0  0   9.84e-02
  0  0   9.82e-02
  0  0   9.77e-02
  0  0   9.72e-02
  0  0   9.67e-02
  0  0   9.66e-02
  0  0   9.80e-02
  0  0   1.03e-01
  0  0   1.16e-01
  0  0   1.37e-01
  0  0   1.47e-01
  0  0   1.42e-01
  0  0   1.36e-01
  0  0   1.27e-01
  0  0   1.16e-01
  0  0   1.08e-01
  0  0   9.96e-02
  0  0   8.67e-02
  0  0   7.18e-02
  0  0   5.68e-02
  1  5   1.73e+00
  0  0   1.73e+00
  0  0   1.73e+00
  0  0   1.73e+00
  0  0   1.73e+00
  0  0   1.73e+00
  0  0   1.73e+00
  0  0   1.73e+00
  0  0   1.73e+00
  0  0   1.73e+00
  0  0   1.74e+00
  0  0   1.75e+00
  0  0   1.77e+00
  0  0   1.79e+00
  0  0   1.81e+00
  0  0   1.83e+00
  0  0   1.87e+00
  0  0   1.92e+00
  0  0   2.01e+00
  0  0   2.13e+00
  0  0   2.28e+00
  0  0   2.47e+00
  0  0   2.70e+00
  1  6   4.31e-04
  0  0   4.31e-04
  0  0   4.31e-04
  0  0   4.31e-04
  0  0   4.30e-04
  0  0   4.29e-04
  0  0   4.28e-04
  0  0   4.28e-04
  0  0   4.28e-04
  0  0   4.32e-04
  0  0   4.47e-04
  0  0   4.81e-04
  0  0   5.34e-04
  0  0   5.63e-04
  0  0   5.65e-04
  0  0   5.91e-04
  0  0   6.67e-04
  0  0   8.02e-04
  0  0   9.49e-04
  0  0   1.00e-03
  0  0   9.26e-04
  0  0   7.70e-04
  0  0   5.93e-04
  1  7   1.46e-03
  0  0   1.46e-03
  0  0   1.46e-03
  0  0   1.46e-03
  0  0   1.46e-03
  0  0   1.46e-03
  0  0   1.46e-03
  0  0   1.45e-03
  0  0   1.45e-03
  0  0   1.46e-03
  0  0   1.49e-03
  0  0   1.56e-03
  0  0   1.67e-03
  0  0   1.72e-03
  0  0   1.72e-03
  0  0   1.79e-03
  0  0   2.00e-03
  0  0   2.40e-03
  0  0   2.84e-03
  0  0   3.01e-03
  0  0   2.77e-03
  0  0   2.30e-03
  0  0   1.76e-03
  1  8   2.52e-03
  0  0   2.52e-03
  0  0   2.52e-03
  0  0   2.52e-03
  0  0   2.52e-03
  0  0   2.51e-03
  0  0   2.51e-03
  0  0   2.51e-03
  0  0   2.51e-03
  0  0   2.52e-03
  0  0   2.56e-03
  0  0   2.66e-03
  0  0   2.81e-03
  0  0   2.89e-03
  0  0   2.89e-03
  0  0   2.99e-03
  0  0   3.35e-03
  0  0   4.03e-03
  0  0   4.76e-03
  0  0   5.03e-03
  0  0   4.63e-03
  0  0   3.85e-03
  0  0   2.96e-03
  1  9   4.10e-02
  0  0   4.10e-02
  0  0   4.10e-02
  0  0   4.10e-02
  0  0   4.10e-02
  0  0   4.10e-02
  0  0   4.10e-02
  0  0   4.10e-02
  0  0   4.10e-02
  0  0   4.10e-02
  0  0   4.10e-02
  0  0   4.10e-02
  0  0   4.10e-02
  0  0   4.10e-02
  0  0   4.11e-02
  0  0   4.16e-02
  0  0   4.24e-02
  0  0   4.32e-02
  0  0   4.38e-02
  0  0   4.32e-02
  0  0   4.15e-02
  0  0   3.92e-02
  0  0   3.70e-02
  1 10   1.05e-02
  0  0   1.05e-02
  0  0   1.05e-02
  0  0   1.05e-02
  0  0   1.05e-02
  0  0   1.05e-02
  0  0   1.05e-02
  0  0   1.06e-02
  0  0   1.06e-02
  0  0   1.07e-02
  0  0   1.08e-02
  0  0   1.11e-02
  0  0   1.16e-02
  0  0   1.21e-02
  0  0   1.24e-02
  0  0   1.28e-02
  0  0   1.39e-02
  0  0   1.56e-02
  0  0   1.67e-02
  0  0   1.66e-02
  0  0   1.56e-02
  0  0   1.42e-02
  0  0   1.27e-02
  2  3   4.64e-01
  0  0   4.64e-01
  0  0   4.63e-01
  0  0   4.62e-01
  0  0   4.60e-01
  0  0   4.57e-01
  0  0   4.54e-01
  0  0   4.49e-01
  0  0   4.44e-01
  0  0   4.43e-01
  0  0   4.53e-01
  0  0   4.86e-01
  0  0   5.37e-01
  0  0   5.32e-01
  0  0   4.74e-01
  0  0   4.42e-01
  0  0   3.97e-01
  0  0   3.34e-01
  0  0   2.82e-01
  0  0   2.39e-01
  0  0   1.94e-01
  0  0   1.54e-01
  0  0   1.18e-01
  2  4   5.31e-01
  0  0   5.30e-01
  0  0   5.29e-01
  0  0   5.26e-01
  0  0   5.23e-01
  0  0   5.18e-01
  0  0   5.11e-01
  0  0   5.02e-01
  0  0   4.94e-01
  0  0   4.93e-01
  0  0   5.14e-01
  0  0   5.81e-01
  0  0   6.87e-01
  0  0   6.84e-01
  0  0   5.83e-01
  0  0   5.41e-01
  0  0   4.80e-01
  0  0   3.83e-01
  0  0   3.09e-01
  0  0   2.54e-01
  0  0   2.03e-01
  0  0   1.62e-01
  0  0   1.33e-01
  2  5   7.42e-02
  0  0   7.42e-02
  0  0   7.41e-02
  0  0   7.40e-02
  0  0   7.39e-02
  0  0   7.37e-02
  0  0   7.34e-02
  0  0   7.30e-02
  0  0   7.26e-02
  0  0   7.22e-02
  0  0   7.23e-02
  0  0   7.36e-02
  0  0   7.56e-02
  0  0   7.36e-02
  0  0   6.77e-02
  0  0   6.26e-02
  0  0   5.90e-02
  0  0   5.70e-02
  0  0   5.53e-02
  0  0   5.14e-02
  0  0   4.45e-02
  0  0   3.61e-02
  0  0   2.79e-02
  2  6   8.67e-03
  0  0   8.66e-03
  0  0   8.66e-03
  0  0   8.65e-03
  0  0   8.64e-03
  0  0   8.63e-03
  0  0   8.61e-03
  0  0   8.59e-03
  0  0   8.58e-03
  0  0   8.61e-03
  0  0   8.74e-03
  0  0   9.07e-03
  0  0   9.59e-03
  0  0   9.77e-03
  0  0   9.61e-03
  0  0   9.62e-03
  0  0   9.74e-03
  0  0   9.89e-03
  0  0   9.92e-03
  0  0   9.52e-03
  0  0   8.57e-03
  0  0   7.29e-03
  0  0   5.89e-03
  2  7   8.19e-01
  0  0   8.19e-01
  0  0   8.19e-01
  0  0   8.19e-01
  0  0   8.19e-01
  0  0   8.19e-01
  0  0   8.18e-01
  0  0   8.18e-01
  0  0   8.19e-01
  0  0   8.23e-01
  0  0   8.32e-01
  0  0   8.51e-01
  0  0   8.78e-01
  0  0   8.97e-01
  0  0   9.08e-01
  0  0   9.28e-01
  0  0   9.52e-01
  0  0   9.83e-01
  0  0   1.03e+00
  0  0   1.09e+00
  0  0   1.16e+00
  0  0   1.25e+00
  0  0   1.37e+00
  2  8   1.49e-02
  0  0   1.49e-02
  0  0   1.49e-02
  0  0   1.49e-02
  0  0   1.49e-02
  0  0   1.49e-02
  0  0   1.49e-02
  0  0   1.49e-02
  0  0   1.49e-02
  0  0   1.49e-02
  0  0   1.49e-02
  0  0   1.51e-02
  0  0   1.53e-02
  0  0   1.53e-02
  0  0   1.51e-02
  0  0   1.50e-02
  0  0   1.56e-02
  0  0   1.70e-02
  0  0   1.83e-02
  0  0   1.83e-02
  0  0   1.67e-02
  0  0   1.41e-02
  0  0   1.12e-02
  2  9   2.22e-02
  0  0   2.22e-02
  0  0   2.22e-02
  0  0   2.22e-02
  0  0   2.22e-02
  0  0   2.22e-02
  0  0   2.22e-02
  0  0   2.22e-02
  0  0   2.22e-02
  0  0   2.22e-02
  0  0   2.22e-02
  0  0   2.22e-02
  0  0   2.23e-02
  0  0   2.23e-02
  0  0   2.24e-02
  0  0   2.32e-02
  0  0   2.57e-02
  0  0   2.96e-02
  0  0   3.23e-02
  0  0   3.21e-02
  0  0   2.89e-02
  0  0   2.41e-02
  0  0   1.89e-02
  2 10   2.51e-03
  0  0   2.51e-03
  0  0   2.51e-03
  0  0   2.52e-03
  0  0   2.52e-03
  0  0   2.52e-03
  0  0   2.53e-03
  0  0   2.54e-03
  0  0   2.55e-03
  0  0   2.57e-03
  0  0   2.60e-03
  0  0   2.64e-03
  0  0   2.70e-03
  0  0   2.82e-03
  0  0   3.04e-03
  0  0   3.47e-03
  0  0   4.21e-03
  0  0   5.08e-03
  0  0   5.52e-03
  0  0   5.32e-03
  0  0   4.62e-03
  0  0   3.70e-03
  0  0   2.79e-03
  3  4   1.80e+00
  0  0   1.80e+00
  0  0   1.79e+00
  0  0   1.79e+00
  0  0   1.78e+00
  0  0   1.76e+00
  0  0   1.74e+00
  0  0   1.72e+00
  0  0   1.69e+00
  0  0   1.69e+00
  0  0   1.74e+00
  0  0   1.94e+00
  0  0   2.23e+00
  0  0   2.22e+00
  0  0   1.91e+00
  0  0   1.78e+00
  0  0   1.58e+00
  0  0   1.27e+00
  0  0   1.05e+00
  0  0   8.71e-01
  0  0   6.99e-01
  0  0   5.58e-01
  0  0   4.47e-01
  3  5   2.23e-01
  0  0   2.22e-01
  0  0   2.22e-01
  0  0   2.22e-01
  0  0   2.22e-01
  0  0   2.21e-01
  0  0   2.20e-01
  0  0   2.19e-01
  0  0   2.18e-01
  0  0   2.17e-01
  0  0   2.17e-01
  0  0   2.21e-01
  0  0   2.27e-01
  0  0   2.22e-01
  0  0   2.04e-01
  0  0   1.88e-01
  0  0   1.77e-01
  0  0   1.72e-01
  0  0   1.66e-01
  0  0   1.54e-01
  0  0   1.34e-01
  0  0   1.09e-01
  0  0   8.38e-02
  3  6   7.47e-01
  0  0   7.47e-01
  0  0   7.47e-01
  0  0   7.46e-01
  0  0   7.46e-01
  0  0   7.45e-01
  0  0   7.45e-01
  0  0   7.44e-01
  0  0   7.46e-01
  0  0   7.52e-01
  0  0   7.68e-01
  0  0   8.03e-01
  0  0   8.53e-01
  0  0   8.82e-01
  0  0   8.95e-01
  0  0   9.20e-01
  0  0   9.48e-01
  0  0   9.80e-01
  0  0   1.02e+00
  0  0   1.09e+00
  0  0   1.16e+00
  0  0   1.25e+00
  0  0   1.37e+00
  3  7   6.57e-01
  0  0   6.57e-01
  0  0   6.57e-01
  0  0   6.56e-01
  0  0   6.56e-01
  0  0   6.56e-01
  0  0   6.56e-01
  0  0   6.56e-01
  0  0   6.56e-01
  0  0   6.59e-01
  0  0   6.65e-01
  0  0   6.80e-01
  0  0   7.01e-01
  0  0   7.14e-01
  0  0   7.22e-01
  0  0   7.37e-01
  0  0   7.55e-01
  0  0   7.79e-01
  0  0   8.13e-01
  0  0   8.55e-01
  0  0   9.08e-01
  0  0   9.75e-01
  0  0   1.05e+00
  3  8   1.16e+00
  0  0   1.16e+00
  0  0   1.16e+00
  0  0   1.16e+00
  0  0   1.16e+00
  0  0   1.16e+00
  0  0   1.16e+00
  0  0   1.16e+00
  0  0   1.16e+00
  0  0   1.16e+00
  0  0   1.16e+00
  0  0   1.16e+00
  0  0   1.17e+00
  0  0   1.18e+00
  0  0   1.18e+00
  0  0   1.20e+00
  0  0   1.23e+00
  0  0   1.27e+00
  0  0   1.33e+00
  0  0   1.40e+00
  0  0   1.48e+00
  0  0   1.60e+00
  0  0   1.74e+00
  3  9   6.78e-02
  0  0   6.78e-02
  0  0   6.78e-02
  0  0   6.78e-02
  0  0   6.78e-02
  0  0   6.78e-02
  0  0   6.78e-02
  0  0   6.77e-02
  0  0   6.77e-02
  0  0   6.77e-02
  0  0   6.78e-02
  0  0   6.80e-02
  0  0   6.82e-02
  0  0   6.81e-02
  0  0   6.83e-02
  0  0   7.07e-02
  0  0   7.86e-02
  0  0   9.00e-02
  0  0   9.80e-02
  0  0   9.73e-02
  0  0   8.76e-02
  0  0   7.30e-02
  0  0   5.77e-02
  3 10   7.72e-03
  0  0   7.73e-03
  0  0   7.73e-03
  0  0   7.73e-03
  0  0   7.74e-03
  0  0   7.75e-03
  0  0   7.77e-03
  0  0   7.80e-03
  0  0   7.84e-03
  0  0   7.90e-03
  0  0   7.98e-03
  0  0   8.10e-03
  0  0   8.28e-03
  0  0   8.63e-03
  0  0   9.29e-03
  0  0   1.06e-02
  0  0   1.29e-02
  0  0   1.54e-02
  0  0   1.67e-02
  0  0   1.61e-02
  0  0   1.40e-02
  0  0   1.12e-02
  0  0   8.54e-03
  4  5   3.73e-01
  0  0   3.73e-01
  0  0   3.72e-01
  0  0   3.72e-01
  0  0   3.71e-01
  0  0   3.70e-01
  0  0   3.69e-01
  0  0   3.67e-01
  0  0   3.64e-01
  0  0   3.62e-01
  0  0   3.63e-01
  0  0   3.70e-01
  0  0   3.80e-01
  0  0   3.71e-01
  0  0   3.40e-01
  0  0   3.15e-01
  0  0   2.97e-01
  0  0   2.87e-01
  0  0   2.77e-01
  0  0   2.57e-01
  0  0   2.22e-01
  0  0   1.81e-01
  0  0   1.40e-01
  4  6   1.34e-02
  0  0   1.34e-02
  0  0   1.34e-02
  0  0   1.34e-02
  0  0   1.34e-02
  0  0   1.33e-02
  0  0   1.33e-02
  0  0   1.33e-02
  0  0   1.32e-02
  0  0   1.32e-02
  0  0   1.34e-02
  0  0   1.39e-02
  0  0   1.46e-02
  0  0   1.48e-02
  0  0   1.44e-02
  0  0   1.44e-02
  0  0   1.50e-02
  0  0   1.63e-02
  0  0   1.75e-02
  0  0   1.75e-02
  0  0   1.60e-02
  0  0   1.36e-02
  0  0   1.09e-02
  4  7   1.07e+00
  0  0   1.07e+00
  0  0   1.07e+00
  0  0   1.07e+00
  0  0   1.07e+00
  0  0   1.07e+00
  0  0   1.07e+00
  0  0   1.07e+00
  0  0   1.07e+00
  0  0   1.07e+00
  0  0   1.08e+00
  0  0   1.11e+00
  0  0   1.14e+00
  0  0   1.16e+00
  0  0   1.17e+00
  0  0   1.19e+00
  0  0   1.22e+00
  0  0   1.26e+00
  0  0   1.32e+00
  0  0   1.39e+00
  0  0   1.48e+00
  0  0   1.60e+00
  0  0   1.74e+00
  4  8   3.44e+00
  0  0   3.44e+00
  0  0   3.44e+00
  0  0   3.44e+00
  0  0   3.44e+00
  0  0   3.44e+00
  0  0   3.44e+00
  0  0   3.44e+00
  0  0   3.44e+00
  0  0   3.45e+00
  0  0   3.45e+00
  0  0   3.46e+00
  0  0   3.47e+00
  0  0   3.50e+00
  0  0   3.53e+00
  0  0   3.58e+00
  0  0   3.66e+00
  0  0   3.78e+00
  0  0   3.93e+00
  0  0   4.15e+00
  0  0   4.42e+00
  0  0   4.77e+00
  0  0   5.18e+00
  4  9   1.19e-01
  0  0   1.19e-01
  0  0   1.19e-01
  0  0   1.19e-01
  0  0   1.19e-01
  0  0   1.19e-01
  0  0   1.19e-01
  0  0   1.19e-01
  0  0   1.19e-01
  0  0   1.19e-01
  0  0   1.19e-01
  0  0   1.19e-01
  0  0   1.19e-01
  0  0   1.19e-01
  0  0   1.19e-01
  0  0   1.23e-01
  0  0   1.36e-01
  0  0   1.55e-01
  0  0   1.68e-01
  0  0   1.67e-01
  0  0   1.51e-01
  0  0   1.26e-01
  0  0   1.01e-01
  4 10   1.34e-02
  0  0   1.34e-02
  0  0   1.34e-02
  0  0   1.34e-02
  0  0   1.34e-02
  0  0   1.34e-02
  0  0   1.34e-02
  0  0   1.35e-02
  0  0   1.36e-02
  0  0   1.37e-02
  0  0   1.38e-02
  0  0   1.40e-02
  0  0   1.43e-02
  0  0   1.49e-02
  0  0   1.60e-02
  0  0   1.81e-02
  0  0   2.18e-02
  0  0   2.62e-02
  0  0   2.84e-02
  0  0   2.73e-02
  0  0   2.37e-02
  0  0   1.90e-02
  0  0   1.44e-02
  5  6   1.98e-02
  0  0   1.98e-02
  0  0   1.97e-02
  0  0   1.96e-02
  0  0   1.95e-02
  0  0   1.93e-02
  0  0   1.90e-02
  0  0   1.88e-02
  0  0   1.86e-02
  0  0   1.90e-02
  0  0   2.07e-02
  0  0   2.49e-02
  0  0   3.09e-02
  0  0   3.24e-02
  0  0   2.97e-02
  0  0   2.76e-02
  0  0   2.56e-02
  0  0   2.38e-02
  0  0   2.26e-02
  0  0   2.08e-02
  0  0   1.81e-02
  0  0   1.48e-02
  0  0   1.16e-02
  5  7   6.64e-02
  0  0   6.62e-02
  0  0   6.61e-02
  0  0   6.58e-02
  0  0   6.54e-02
  0  0   6.48e-02
  0  0   6.40e-02
  0  0   6.31e-02
  0  0   6.25e-02
  0  0   6.34e-02
  0  0   6.81e-02
  0  0   7.97e-02
  0  0   9.60e-02
  0  0   9.92e-02
  0  0   9.04e-02
  0  0   8.37e-02
  0  0   7.74e-02
  0  0   7.18e-02
  0  0   6.80e-02
  0  0   6.24e-02
  0  0   5.40e-02
  0  0   4.41e-02
  0  0   3.46e-02
  5  8   1.22e-01
  0  0   1.22e-01
  0  0   1.22e-01
  0  0   1.21e-01
  0  0   1.20e-01
  0  0   1.19e-01
  0  0   1.18e-01
  0  0   1.16e-01
  0  0   1.15e-01
  0  0   1.16e-01
  0  0   1.24e-01
  0  0   1.42e-01
  0  0   1.67e-01
  0  0   1.70e-01
  0  0   1.54e-01
  0  0   1.43e-01
  0  0   1.32e-01
  0  0   1.23e-01
  0  0   1.16e-01
  0  0   1.07e-01
  0  0   9.34e-02
  0  0   7.72e-02
  0  0   6.15e-02
  5  9   5.03e+00
  0  0   5.03e+00
  0  0   5.03e+00
  0  0   5.03e+00
  0  0   5.03e+00
  0  0   5.03e+00
  0  0   5.03e+00
  0  0   5.03e+00
  0  0   5.04e+00
  0  0   5.04e+00
  0  0   5.04e+00
  0  0   5.03e+00
  0  0   5.03e+00
  0  0   5.06e+00
  0  0   5.13e+00
  0  0   5.20e+00
  0  0   5.33e+00
  0  0   5.52e+00
  0  0   5.79e+00
  0  0   6.14e+00
  0  0   6.58e+00
  0  0   7.11e+00
  0  0   7.73e+00
  5 10   1.56e+00
  0  0   1.56e+00
  0  0   1.56e+00
  0  0   1.56e+00
  0  0   1.56e+00
  0  0   1.56e+00
  0  0   1.56e+00
  0  0   1.57e+00
  0  0   1.57e+00
  0  0   1.57e+00
  0  0   1.57e+00
  0  0   1.57e+00
  0  0   1.58e+00
  0  0   1.59e+00
  0  0   1.61e+00
  0  0   1.64e+00
  0  0   1.68e+00
  0  0   1.74e+00
  0  0   1.83e+00
  0  0   1.93e+00
  0  0   2.07e+00
  0  0   2.25e+00
  0  0   2.46e+00
  6  7   1.66e-01
  0  0   1.66e-01
  0  0   1.66e-01
  0  0   1.66e-01
  0  0   1.65e-01
  0  0   1.65e-01
  0  0   1.65e-01
  0  0   1.64e-01
  0  0   1.64e-01
  0  0   1.64e-01
  0  0   1.65e-01
  0  0   1.70e-01
  0  0   1.77e-01
  0  0   1.78e-01
  0  0   1.71e-01
  0  0   1.68e-01
  0  0   1.69e-01
  0  0   1.74e-01
  0  0   1.79e-01
  0  0   1.75e-01
  0  0   1.58e-01
  0  0   1.34e-01
  0  0   1.08e-01
  6  8   9.98e-02
  0  0   9.98e-02
  0  0   9.98e-02
  0  0   9.97e-02
  0  0   9.96e-02
  0  0   9.95e-02
  0  0   9.93e-02
  0  0   9.91e-02
  0  0   9.89e-02
  0  0   9.87e-02
  0  0   9.90e-02
  0  0   1.00e-01
  0  0   1.02e-01
  0  0   1.01e-01
  0  0   9.85e-02
  0  0   9.80e-02
  0  0   1.01e-01
  0  0   1.07e-01
  0  0   1.15e-01
  0  0   1.17e-01
  0  0   1.13e-01
  0  0   1.04e-01
  0  0   9.54e-02
  6  9   8.80e-02
  0  0   8.80e-02
  0  0   8.80e-02
  0  0   8.80e-02
  0  0   8.80e-02
  0  0   8.80e-02
  0  0   8.79e-02
  0  0   8.78e-02
  0  0   8.78e-02
  0  0   8.77e-02
  0  0   8.77e-02
  0  0   8.79e-02
  0  0   8.81e-02
  0  0   8.78e-02
  0  0   8.66e-02
  0  0   8.56e-02
  0  0   8.63e-02
  0  0   8.88e-02
  0  0   8.99e-02
  0  0   8.62e-02
  0  0   7.69e-02
  0  0   6.44e-02
  0  0   5.12e-02
  6 10   1.12e-02
  0  0   1.12e-02
  0  0   1.12e-02
  0  0   1.12e-02
  0  0   1.12e-02
  0  0   1.12e-02
  0  0   1.12e-02
  0  0   1.12e-02
  0  0   1.12e-02
  0  0   1.12e-02
  0  0   1.12e-02
  0  0   1.12e-02
  0  0   1.11e-02
  0  0   1.10e-02
  0  0   1.10e-02
  0  0   1.15e-02
  0  0   1.31e-02
  0  0   1.54e-02
  0  0   1.64e-02
  0  0   1.55e-02
  0  0   1.33e-02
  0  0   1.06e-02
  0  0   7.97e-03
  7  8   4.49e-01
  0  0   4.49e-01
  0  0   4.49e-01
  0  0   4.48e-01
  0  0   4.48e-01
  0  0   4.48e-01
  0  0   4.47e-01
  0  0   4.46e-01
  0  0   4.45e-01
  0  0   4.44e-01
  0  0   4.45e-01
  0  0   4.49e-01
  0  0   4.56e-01
  0  0   4.53e-01
  0  0   4.39e-01
  0  0   4.31e-01
  0  0   4.36e-01
  0  0   4.58e-01
  0  0   4.81e-01
  0  0   4.81e-01
  0  0   4.51e-01
  0  0   4.02e-01
  0  0   3.49e-01
  7  9   2.67e-01
  0  0   2.67e-01
  0  0   2.67e-01
  0  0   2.67e-01
  0  0   2.67e-01
  0  0   2.67e-01
  0  0   2.67e-01
  0  0   2.66e-01
  0  0   2.66e-01
  0  0   2.66e-01
  0  0   2.66e-01
  0  0   2.67e-01
  0  0   2.68e-01
  0  0   2.67e-01
  0  0   2.63e-01
  0  0   2.60e-01
  0  0   2.62e-01
  0  0   2.69e-01
  0  0   2.72e-01
  0  0   2.60e-01
  0  0   2.33e-01
  0  0   1.95e-01
  0  0   1.55e-01
  7 10   3.42e-02
  0  0   3.42e-02
  0  0   3.42e-02
  0  0   3.42e-02
  0  0   3.42e-02
  0  0   3.42e-02
  0  0   3.42e-02
  0  0   3.42e-02
  0  0   3.41e-02
  0  0   3.41e-02
  0  0   3.40e-02
  0  0   3.39e-02
  0  0   3.37e-02
  0  0   3.33e-02
  0  0   3.33e-02
  0  0   3.49e-02
  0  0   3.97e-02
  0  0   4.64e-02
  0  0   4.92e-02
  0  0   4.65e-02
  0  0   4.00e-02
  0  0   3.19e-02
  0  0   2.40e-02
  8  9   4.57e-01
  0  0   4.57e-01
  0  0   4.57e-01
  0  0   4.57e-01
  0  0   4.57e-01
  0  0   4.57e-01
  0  0   4.56e-01
  0  0   4.56e-01
  0  0   4.56e-01
  0  0   4.55e-01
  0  0   4.55e-01
  0  0   4.56e-01
  0  0   4.57e-01
  0  0   4.55e-01
  0  0   4.48e-01
  0  0   4.43e-01
  0  0   4.46e-01
  0  0   4.58e-01
  0  0   4.61e-01
  0  0   4.41e-01
  0  0   3.95e-01
  0  0   3.31e-01
  0  0   2.63e-01
  8 10   5.78e-02
  0  0   5.78e-02
  0  0   5.78e-02
  0  0   5.78e-02
  0  0   5.78e-02
  0  0   5.78e-02
  0  0   5.78e-02
  0  0   5.77e-02
  0  0   5.77e-02
  0  0   5.76e-02
  0  0   5.75e-02
  0  0   5.73e-02
  0  0   5.71e-02
  0  0   5.65e-02
  0  0   5.64e-02
  0  0   5.90e-02
  0  0   6.69e-02
  0  0   7.80e-02
  0  0   8.27e-02
  0  0   7.82e-02
  0  0   6.71e-02
  0  0   5.35e-02
  0  0   4.03e-02
  9 10   1.50e-01
  0  0   1.50e-01
  0  0   1.50e-01
  0  0   1.50e-01
  0  0   1.50e-01
  0  0   1.50e-01
  0  0   1.50e-01
  0  0   1.50e-01
  0  0   1.51e-01
  0  0   1.51e-01
  0  0   1.51e-01
  0  0   1.51e-01
  0  0   1.52e-01
  0  0   1.53e-01
  0  0   1.55e-01
  0  0   1.60e-01
  0  0   1.69e-01
  0  0   1.81e-01
  0  0   1.91e-01
  0  0   1.97e-01
  0  0   2.01e-01
  0  0   2.05e-01
  0  0   2.10e-01
 0 0 0
  1  2   0.000e+00
  1  3   1.905e+04
  1  4   5.742e-02
  1  5   3.951e+09
  1  6   0.000e+00
  1  7   0.000e+00
  1  8   0.000e+00
  1  9   0.000e+00
  1 10   0.000e+00
  2  3   0.000e+00
  2  4   0.000e+00
  2  5   0.000e+00
  2  6   0.000e+00
  2  7   1.039e+09
  2  8   0.000e+00
  2  9   0.000e+00
  2 10   0.000e+00
  3  4   1.358e-02
  3  5   0.000e+00
  3  6   3.062e+09
  3  7   7.729e+08
  3  8   7.850e+08
  3  9   2.030e+05
  3 10   2.157e+05
  4  5   0.000e+00
  4  6   0.000e+00
  4  7   1.265e+09
  4  8   2.311e+09
  4  9   2.626e+06
  4 10   0.000e+00
  5  6   0.000e+00
  5  7   0.000e+00
  5  8   1.188e+05
  5  9   5.428e+08
  5 10   5.547e+09
  6  7   0.000e+00
  6  8   0.000e+00
  6  9   0.000e+00
  6 10   0.000e+00
  7  8   0.000e+00
  7  9   0.000e+00
  7 10   0.000e+00
  8  9   0.000e+00
  8 10   0.000e+00
  9 10   0.000e+00
  1  1        0.0
  2  1   111252.8
  3  3   111708.0
  4  5   112702.4
  5  3   214951.6
  6  1   289330.4
  7  3   289841.1
  8  5   290724.0
  9  5   317694.6
 10  1   393125.0
