 29
** Atomic data from version 6 of the CHIANTI database **
%observed energy levels (n=2): Edlen,B, 1983, Phys Scripta, 28, 483
%observed energy levels (n=3): Fuhr, J.R., Kelleher, D.E., Martin, W.C., Musgrove, A., Sugar, J., Wiese, W.L.,
        Dalton, G.R., Dragoset, R.A., Mohr, P.J., Olsen, K., Reader, J., Saloman, E.B., Sansonetti, C.J.,
        Wiersma, G., "NIST Atomic Spectra Database" Ver. 2.0, March 1999, NIST Physical Reference Data
%Theoretical energy levels: Mitnik, Griffin & Badnell, 2001, J.Phys.B, 34, 4455
%produced as part of the Arcetri/Cambridge/NRL 'CHIANTI' atomic data base collaboration
%
% E.Landi - Apr 2003
%filename: ne_6.wgfa
%observed energy levels (n=2): Edlen,B, 1983, Phys Scripta, 28, 483
%Experimental energy levels (n=3): Fuhr, J.R., Kelleher, D.E., Martin, W.C., Musgrove, A., Sugar, J., Wiese, W.L.,
        Dalton, G.R., Dragoset, R.A., Mohr, P.J., Olsen, K., Reader, J., Saloman, E.B., Sansonetti, C.J.,
        Wiersma, G., "NIST Atomic Spectra Database" Ver. 2.0, March 1999, NIST Physical Reference Data
%Theoretical energy levels: Mitnik, Griffin & Badnell, 2001, J.Phys.B, 34, 4455
%A values and oscillator strengths: Mitnik, Griffin & Badnell, 2001, J.Phys.B, 34, 4455
%A-values (1-2 transition): Tachiev, G., & Froese Fischer, C., 2000, J.Phys.B, 33, 2419
%comment: 1-2 transition added by P.R. Young, 27-Apr-2006
%produced as part of the Arcetri/Cambridge/NRL 'CHIANTI' atomic data base collaboration
%
% E.Landi and P.R. Young - Apr 2006

%filename: ne_6.splups
%Oscillator strengths: Mitnik, Griffin & Badnell, 2001, J.Phys.B, 34, 4455
%Effective collision strengths: Mitnik, Griffin & Badnell, 2001, J.Phys.B, 34, 4455
%comment: the fit is valid in the range 4.0 < log T < 6.3
%produced as part of the Arcetri/Cambridge/NRL 'CHIANTI' atomic data base collaboration
%
% E.Landi - Apr 2003
10 23
  1  2s2.2p 2P1/2
  2  2s2.2p 2P3/2
  3  2s.2p2 4P1/2
  4  2s.2p2 4P3/2
  5  2s.2p2 4P5/2
  6  2s.2p2 2D5/2
  7  2s.2p2 2D3/2
  8  2s.2p2 2S1/2
  9  2s.2p2 2P1/2
 10  2s.2p2 2P3/2
     100.0
     158.5
     251.2
     398.1
     631.0
    1000.0
    1584.9
    2511.9
    3981.1
    6309.6
   10000.0
   15848.9
   25118.9
   39810.7
   63095.8
  100000.0
  158489.2
  251188.7
  398107.1
  630957.6
 1000000.0
 1584892.5
 2511887.0
0
  1  2   3.99e+00
  0  0   3.98e+00
  0  0   3.97e+00
  0  0   3.94e+00
  0  0   3.90e+00
  0  0   3.84e+00
  0  0   3.74e+00
  0  0   3.58e+00
  0  0   3.35e+00
  0  0   3.03e+00
  0  0   2.61e+00
  0  0   2.20e+00
  0  0   1.92e+00
  0  0   1.78e+00
  0  0   1.73e+00
  0  0   1.70e+00
  0  0   1.57e+00
  0  0   1.37e+00
  0  0   1.16e+00
  0  0   9.26e-01
  0  0   7.13e-01
  0  0   5.52e-01
  0  0   4.41e-01
  1  3   2.77e-01
  0  0   2.75e-01
  0  0   2.73e-01
  0  0   2.69e-01
  0  0   2.62e-01
  0  0   2.53e-01
  0  0   2.38e-01
  0  0   2.15e-01
  0  0   1.84e-01
  0  0   1.46e-01
  0  0   1.17e-01
  0  0   1.09e-01
  0  0   1.03e-01
  0  0   9.62e-02
  0  0   9.26e-02
  0  0   8.37e-02
  0  0   7.34e-02
  0  0   6.90e-02
  0  0   6.09e-02
  0  0   5.05e-02
  0  0   4.18e-02
  0  0   3.55e-02
  0  0   3.13e-02
  1  4   1.61e-01
  0  0   1.61e-01
  0  0   1.61e-01
  0  0   1.61e-01
  0  0   1.60e-01
  0  0   1.60e-01
  0  0   1.59e-01
  0  0   1.57e-01
  0  0   1.55e-01
  0  0   1.52e-01
  0  0   1.48e-01
  0  0   1.45e-01
  0  0   1.46e-01
  0  0   1.46e-01
  0  0   1.41e-01
  0  0   1.31e-01
  0  0   1.18e-01
  0  0   1.03e-01
  0  0   9.27e-02
  0  0   8.05e-02
  0  0   6.61e-02
  0  0   5.41e-02
  0  0   4.56e-02
  1  5   9.53e-02
  0  0   9.54e-02
  0  0   9.56e-02
  0  0   9.58e-02
  0  0   9.62e-02
  0  0   9.68e-02
  0  0   9.77e-02
  0  0   9.91e-02
  0  0   1.01e-01
  0  0   1.05e-01
  0  0   1.10e-01
  0  0   1.16e-01
  0  0   1.24e-01
  0  0   1.29e-01
  0  0   1.25e-01
  0  0   1.14e-01
  0  0   1.00e-01
  0  0   8.54e-02
  0  0   7.30e-02
  0  0   6.26e-02
  0  0   5.07e-02
  0  0   3.98e-02
  0  0   3.15e-02
  1  6   2.60e-02
  0  0   2.75e-02
  0  0   3.01e-02
  0  0   3.40e-02
  0  0   4.03e-02
  0  0   5.00e-02
  0  0   6.53e-02
  0  0   8.87e-02
  0  0   1.24e-01
  0  0   1.72e-01
  0  0   2.29e-01
  0  0   2.71e-01
  0  0   2.78e-01
  0  0   2.67e-01
  0  0   2.40e-01
  0  0   2.08e-01
  0  0   1.76e-01
  0  0   1.48e-01
  0  0   1.32e-01
  0  0   1.11e-01
  0  0   8.88e-02
  0  0   7.07e-02
  0  0   5.81e-02
  1  7   1.16e+00
  0  0   1.16e+00
  0  0   1.16e+00
  0  0   1.16e+00
  0  0   1.16e+00
  0  0   1.16e+00
  0  0   1.17e+00
  0  0   1.17e+00
  0  0   1.18e+00
  0  0   1.19e+00
  0  0   1.21e+00
  0  0   1.23e+00
  0  0   1.24e+00
  0  0   1.23e+00
  0  0   1.23e+00
  0  0   1.23e+00
  0  0   1.24e+00
  0  0   1.26e+00
  0  0   1.32e+00
  0  0   1.39e+00
  0  0   1.47e+00
  0  0   1.58e+00
  0  0   1.75e+00
  1  8   5.28e-01
  0  0   5.28e-01
  0  0   5.29e-01
  0  0   5.29e-01
  0  0   5.29e-01
  0  0   5.30e-01
  0  0   5.31e-01
  0  0   5.32e-01
  0  0   5.33e-01
  0  0   5.34e-01
  0  0   5.33e-01
  0  0   5.21e-01
  0  0   5.02e-01
  0  0   4.94e-01
  0  0   4.90e-01
  0  0   4.91e-01
  0  0   5.02e-01
  0  0   5.18e-01
  0  0   5.43e-01
  0  0   5.75e-01
  0  0   6.18e-01
  0  0   6.73e-01
  0  0   7.40e-01
  1  9   9.41e-01
  0  0   9.42e-01
  0  0   9.43e-01
  0  0   9.44e-01
  0  0   9.46e-01
  0  0   9.50e-01
  0  0   9.56e-01
  0  0   9.64e-01
  0  0   9.77e-01
  0  0   9.96e-01
  0  0   1.02e+00
  0  0   1.05e+00
  0  0   1.07e+00
  0  0   1.09e+00
  0  0   1.11e+00
  0  0   1.13e+00
  0  0   1.16e+00
  0  0   1.20e+00
  0  0   1.26e+00
  0  0   1.35e+00
  0  0   1.45e+00
  0  0   1.58e+00
  0  0   1.75e+00
  1 10   5.01e-01
  0  0   5.01e-01
  0  0   5.02e-01
  0  0   5.03e-01
  0  0   5.05e-01
  0  0   5.07e-01
  0  0   5.11e-01
  0  0   5.17e-01
  0  0   5.26e-01
  0  0   5.39e-01
  0  0   5.55e-01
  0  0   5.70e-01
  0  0   5.80e-01
  0  0   5.92e-01
  0  0   6.04e-01
  0  0   6.16e-01
  0  0   6.33e-01
  0  0   6.55e-01
  0  0   6.87e-01
  0  0   7.28e-01
  0  0   7.81e-01
  0  0   8.49e-01
  0  0   9.32e-01
  2  3   1.40e-01
  0  0   1.40e-01
  0  0   1.40e-01
  0  0   1.39e-01
  0  0   1.39e-01
  0  0   1.38e-01
  0  0   1.36e-01
  0  0   1.33e-01
  0  0   1.29e-01
  0  0   1.24e-01
  0  0   1.15e-01
  0  0   1.05e-01
  0  0   9.76e-02
  0  0   9.43e-02
  0  0   8.87e-02
  0  0   7.96e-02
  0  0   7.00e-02
  0  0   6.02e-02
  0  0   5.17e-02
  0  0   4.45e-02
  0  0   3.66e-02
  0  0   2.91e-02
  0  0   2.33e-02
  2  4   1.98e-01
  0  0   1.98e-01
  0  0   1.98e-01
  0  0   1.98e-01
  0  0   1.98e-01
  0  0   1.98e-01
  0  0   1.98e-01
  0  0   1.98e-01
  0  0   1.98e-01
  0  0   1.98e-01
  0  0   1.98e-01
  0  0   1.99e-01
  0  0   2.01e-01
  0  0   2.05e-01
  0  0   1.99e-01
  0  0   1.84e-01
  0  0   1.65e-01
  0  0   1.45e-01
  0  0   1.27e-01
  0  0   1.11e-01
  0  0   9.25e-02
  0  0   7.45e-02
  0  0   6.06e-02
  2  5   3.09e-01
  0  0   3.09e-01
  0  0   3.09e-01
  0  0   3.10e-01
  0  0   3.11e-01
  0  0   3.12e-01
  0  0   3.14e-01
  0  0   3.17e-01
  0  0   3.22e-01
  0  0   3.29e-01
  0  0   3.40e-01
  0  0   3.54e-01
  0  0   3.68e-01
  0  0   3.76e-01
  0  0   3.68e-01
  0  0   3.43e-01
  0  0   3.11e-01
  0  0   2.79e-01
  0  0   2.48e-01
  0  0   2.19e-01
  0  0   1.85e-01
  0  0   1.51e-01
  0  0   1.24e-01
  2  6   1.91e+00
  0  0   1.91e+00
  0  0   1.91e+00
  0  0   1.92e+00
  0  0   1.93e+00
  0  0   1.95e+00
  0  0   1.98e+00
  0  0   2.02e+00
  0  0   2.09e+00
  0  0   2.19e+00
  0  0   2.30e+00
  0  0   2.40e+00
  0  0   2.43e+00
  0  0   2.42e+00
  0  0   2.41e+00
  0  0   2.38e+00
  0  0   2.37e+00
  0  0   2.39e+00
  0  0   2.44e+00
  0  0   2.56e+00
  0  0   2.72e+00
  0  0   2.90e+00
  0  0   3.10e+00
  2  7   2.55e-01
  0  0   2.56e-01
  0  0   2.59e-01
  0  0   2.63e-01
  0  0   2.70e-01
  0  0   2.81e-01
  0  0   2.97e-01
  0  0   3.22e-01
  0  0   3.61e-01
  0  0   4.17e-01
  0  0   4.90e-01
  0  0   5.62e-01
  0  0   5.85e-01
  0  0   5.59e-01
  0  0   5.38e-01
  0  0   5.01e-01
  0  0   4.56e-01
  0  0   4.28e-01
  0  0   4.16e-01
  0  0   3.99e-01
  0  0   3.84e-01
  0  0   3.85e-01
  0  0   4.04e-01
  2  8   1.05e+00
  0  0   1.05e+00
  0  0   1.05e+00
  0  0   1.05e+00
  0  0   1.05e+00
  0  0   1.04e+00
  0  0   1.03e+00
  0  0   1.02e+00
  0  0   1.00e+00
  0  0   9.76e-01
  0  0   9.40e-01
  0  0   8.96e-01
  0  0   8.50e-01
  0  0   8.14e-01
  0  0   7.91e-01
  0  0   7.80e-01
  0  0   7.86e-01
  0  0   8.08e-01
  0  0   8.40e-01
  0  0   8.85e-01
  0  0   9.46e-01
  0  0   1.03e+00
  0  0   1.13e+00
  2  9   6.49e-01
  0  0   6.49e-01
  0  0   6.49e-01
  0  0   6.49e-01
  0  0   6.49e-01
  0  0   6.48e-01
  0  0   6.48e-01
  0  0   6.48e-01
  0  0   6.48e-01
  0  0   6.48e-01
  0  0   6.50e-01
  0  0   6.58e-01
  0  0   6.71e-01
  0  0   6.81e-01
  0  0   6.91e-01
  0  0   7.05e-01
  0  0   7.23e-01
  0  0   7.48e-01
  0  0   7.84e-01
  0  0   8.33e-01
  0  0   8.95e-01
  0  0   9.73e-01
  0  0   1.07e+00
  2 10   2.43e+00
  0  0   2.44e+00
  0  0   2.44e+00
  0  0   2.45e+00
  0  0   2.46e+00
  0  0   2.47e+00
  0  0   2.50e+00
  0  0   2.53e+00
  0  0   2.59e+00
  0  0   2.67e+00
  0  0   2.76e+00
  0  0   2.84e+00
  0  0   2.88e+00
  0  0   2.94e+00
  0  0   3.00e+00
  0  0   3.05e+00
  0  0   3.14e+00
  0  0   3.25e+00
  0  0   3.41e+00
  0  0   3.64e+00
  0  0   3.92e+00
  0  0   4.27e+00
  0  0   4.71e+00
  3  4   4.42e-01
  0  0   4.43e-01
  0  0   4.43e-01
  0  0   4.44e-01
  0  0   4.46e-01
  0  0   4.48e-01
  0  0   4.51e-01
  0  0   4.57e-01
  0  0   4.65e-01
  0  0   4.78e-01
  0  0   4.98e-01
  0  0   5.28e-01
  0  0   5.69e-01
  0  0   6.20e-01
  0  0   6.63e-01
  0  0   6.57e-01
  0  0   6.21e-01
  0  0   5.71e-01
  0  0   5.08e-01
  0  0   4.40e-01
  0  0   3.68e-01
  0  0   2.95e-01
  0  0   2.32e-01
  3  5   2.49e-01
  0  0   2.49e-01
  0  0   2.50e-01
  0  0   2.50e-01
  0  0   2.51e-01
  0  0   2.53e-01
  0  0   2.55e-01
  0  0   2.59e-01
  0  0   2.65e-01
  0  0   2.75e-01
  0  0   2.96e-01
  0  0   3.38e-01
  0  0   4.02e-01
  0  0   4.56e-01
  0  0   4.84e-01
  0  0   4.82e-01
  0  0   4.47e-01
  0  0   4.03e-01
  0  0   3.64e-01
  0  0   3.17e-01
  0  0   2.71e-01
  0  0   2.36e-01
  0  0   2.11e-01
  3  6   1.20e-01
  0  0   1.20e-01
  0  0   1.20e-01
  0  0   1.20e-01
  0  0   1.20e-01
  0  0   1.20e-01
  0  0   1.20e-01
  0  0   1.20e-01
  0  0   1.20e-01
  0  0   1.20e-01
  0  0   1.20e-01
  0  0   1.19e-01
  0  0   1.18e-01
  0  0   1.16e-01
  0  0   1.13e-01
  0  0   1.09e-01
  0  0   1.04e-01
  0  0   9.90e-02
  0  0   9.27e-02
  0  0   8.40e-02
  0  0   7.26e-02
  0  0   5.90e-02
  0  0   4.67e-02
  3  7   2.42e-01
  0  0   2.42e-01
  0  0   2.41e-01
  0  0   2.41e-01
  0  0   2.41e-01
  0  0   2.40e-01
  0  0   2.39e-01
  0  0   2.37e-01
  0  0   2.35e-01
  0  0   2.31e-01
  0  0   2.25e-01
  0  0   2.16e-01
  0  0   2.06e-01
  0  0   1.96e-01
  0  0   1.86e-01
  0  0   1.75e-01
  0  0   1.65e-01
  0  0   1.55e-01
  0  0   1.44e-01
  0  0   1.30e-01
  0  0   1.12e-01
  0  0   9.00e-02
  0  0   7.20e-02
  3  8   5.17e-02
  0  0   5.16e-02
  0  0   5.16e-02
  0  0   5.15e-02
  0  0   5.14e-02
  0  0   5.13e-02
  0  0   5.11e-02
  0  0   5.07e-02
  0  0   5.02e-02
  0  0   4.93e-02
  0  0   4.80e-02
  0  0   4.61e-02
  0  0   4.36e-02
  0  0   4.07e-02
  0  0   3.81e-02
  0  0   3.63e-02
  0  0   3.59e-02
  0  0   3.62e-02
  0  0   3.53e-02
  0  0   3.25e-02
  0  0   2.77e-02
  0  0   2.20e-02
  0  0   1.69e-02
  3  9   1.82e-02
  0  0   1.82e-02
  0  0   1.83e-02
  0  0   1.85e-02
  0  0   1.87e-02
  0  0   1.91e-02
  0  0   1.97e-02
  0  0   2.06e-02
  0  0   2.21e-02
  0  0   2.43e-02
  0  0   2.76e-02
  0  0   3.23e-02
  0  0   3.85e-02
  0  0   4.44e-02
  0  0   4.44e-02
  0  0   4.13e-02
  0  0   3.85e-02
  0  0   3.52e-02
  0  0   3.20e-02
  0  0   2.78e-02
  0  0   2.24e-02
  0  0   1.69e-02
  0  0   1.26e-02
  3 10   2.42e-02
  0  0   2.43e-02
  0  0   2.44e-02
  0  0   2.46e-02
  0  0   2.49e-02
  0  0   2.53e-02
  0  0   2.61e-02
  0  0   2.72e-02
  0  0   2.89e-02
  0  0   3.16e-02
  0  0   3.54e-02
  0  0   4.06e-02
  0  0   4.65e-02
  0  0   5.10e-02
  0  0   5.10e-02
  0  0   4.80e-02
  0  0   4.49e-02
  0  0   4.13e-02
  0  0   3.76e-02
  0  0   3.34e-02
  0  0   2.77e-02
  0  0   2.16e-02
  0  0   1.69e-02
  4  5   7.53e-01
  0  0   7.54e-01
  0  0   7.56e-01
  0  0   7.58e-01
  0  0   7.62e-01
  0  0   7.67e-01
  0  0   7.76e-01
  0  0   7.90e-01
  0  0   8.12e-01
  0  0   8.46e-01
  0  0   8.99e-01
  0  0   9.78e-01
  0  0   1.10e+00
  0  0   1.25e+00
  0  0   1.34e+00
  0  0   1.31e+00
  0  0   1.24e+00
  0  0   1.13e+00
  0  0   1.00e+00
  0  0   8.77e-01
  0  0   7.45e-01
  0  0   6.17e-01
  0  0   5.17e-01
  4  6   3.53e-01
  0  0   3.53e-01
  0  0   3.53e-01
  0  0   3.53e-01
  0  0   3.52e-01
  0  0   3.52e-01
  0  0   3.51e-01
  0  0   3.50e-01
  0  0   3.49e-01
  0  0   3.46e-01
  0  0   3.43e-01
  0  0   3.37e-01
  0  0   3.30e-01
  0  0   3.20e-01
  0  0   3.08e-01
  0  0   2.94e-01
  0  0   2.79e-01
  0  0   2.64e-01
  0  0   2.48e-01
  0  0   2.23e-01
  0  0   1.92e-01
  0  0   1.57e-01
  0  0   1.24e-01
  4  7   3.65e-01
  0  0   3.65e-01
  0  0   3.65e-01
  0  0   3.64e-01
  0  0   3.64e-01
  0  0   3.63e-01
  0  0   3.62e-01
  0  0   3.60e-01
  0  0   3.57e-01
  0  0   3.52e-01
  0  0   3.45e-01
  0  0   3.34e-01
  0  0   3.20e-01
  0  0   3.05e-01
  0  0   2.90e-01
  0  0   2.75e-01
  0  0   2.60e-01
  0  0   2.46e-01
  0  0   2.29e-01
  0  0   2.06e-01
  0  0   1.78e-01
  0  0   1.44e-01
  0  0   1.14e-01
  4  8   9.93e-02
  0  0   9.93e-02
  0  0   9.92e-02
  0  0   9.91e-02
  0  0   9.89e-02
  0  0   9.87e-02
  0  0   9.83e-02
  0  0   9.76e-02
  0  0   9.66e-02
  0  0   9.51e-02
  0  0   9.27e-02
  0  0   8.93e-02
  0  0   8.44e-02
  0  0   7.86e-02
  0  0   7.39e-02
  0  0   7.08e-02
  0  0   7.03e-02
  0  0   7.09e-02
  0  0   6.92e-02
  0  0   6.46e-02
  0  0   5.48e-02
  0  0   4.32e-02
  0  0   3.37e-02
  4  9   3.46e-02
  0  0   3.47e-02
  0  0   3.49e-02
  0  0   3.51e-02
  0  0   3.54e-02
  0  0   3.60e-02
  0  0   3.68e-02
  0  0   3.81e-02
  0  0   4.02e-02
  0  0   4.34e-02
  0  0   4.83e-02
  0  0   5.57e-02
  0  0   6.62e-02
  0  0   7.48e-02
  0  0   7.39e-02
  0  0   6.98e-02
  0  0   6.50e-02
  0  0   5.92e-02
  0  0   5.42e-02
  0  0   4.76e-02
  0  0   3.82e-02
  0  0   2.92e-02
  0  0   2.24e-02
  4 10   4.93e-02
  0  0   4.95e-02
  0  0   4.98e-02
  0  0   5.03e-02
  0  0   5.11e-02
  0  0   5.23e-02
  0  0   5.42e-02
  0  0   5.72e-02
  0  0   6.18e-02
  0  0   6.88e-02
  0  0   7.89e-02
  0  0   9.24e-02
  0  0   1.08e-01
  0  0   1.19e-01
  0  0   1.19e-01
  0  0   1.13e-01
  0  0   1.06e-01
  0  0   9.63e-02
  0  0   8.83e-02
  0  0   7.83e-02
  0  0   6.34e-02
  0  0   4.92e-02
  0  0   3.84e-02
  5  6   8.22e-01
  0  0   8.22e-01
  0  0   8.22e-01
  0  0   8.21e-01
  0  0   8.20e-01
  0  0   8.18e-01
  0  0   8.15e-01
  0  0   8.11e-01
  0  0   8.04e-01
  0  0   7.94e-01
  0  0   7.78e-01
  0  0   7.56e-01
  0  0   7.27e-01
  0  0   6.94e-01
  0  0   6.60e-01
  0  0   6.25e-01
  0  0   5.90e-01
  0  0   5.58e-01
  0  0   5.18e-01
  0  0   4.68e-01
  0  0   4.03e-01
  0  0   3.26e-01
  0  0   2.59e-01
  5  7   2.61e-01
  0  0   2.61e-01
  0  0   2.61e-01
  0  0   2.61e-01
  0  0   2.61e-01
  0  0   2.61e-01
  0  0   2.61e-01
  0  0   2.60e-01
  0  0   2.60e-01
  0  0   2.59e-01
  0  0   2.58e-01
  0  0   2.55e-01
  0  0   2.52e-01
  0  0   2.48e-01
  0  0   2.41e-01
  0  0   2.30e-01
  0  0   2.19e-01
  0  0   2.09e-01
  0  0   1.96e-01
  0  0   1.78e-01
  0  0   1.54e-01
  0  0   1.25e-01
  0  0   9.92e-02
  5  8   1.52e-01
  0  0   1.52e-01
  0  0   1.52e-01
  0  0   1.52e-01
  0  0   1.51e-01
  0  0   1.51e-01
  0  0   1.50e-01
  0  0   1.49e-01
  0  0   1.47e-01
  0  0   1.44e-01
  0  0   1.39e-01
  0  0   1.33e-01
  0  0   1.25e-01
  0  0   1.16e-01
  0  0   1.08e-01
  0  0   1.03e-01
  0  0   1.03e-01
  0  0   1.04e-01
  0  0   1.02e-01
  0  0   9.36e-02
  0  0   8.00e-02
  0  0   6.36e-02
  0  0   4.86e-02
  5  9   4.37e-02
  0  0   4.38e-02
  0  0   4.39e-02
  0  0   4.42e-02
  0  0   4.45e-02
  0  0   4.50e-02
  0  0   4.59e-02
  0  0   4.72e-02
  0  0   4.93e-02
  0  0   5.24e-02
  0  0   5.70e-02
  0  0   6.34e-02
  0  0   7.06e-02
  0  0   7.57e-02
  0  0   7.60e-02
  0  0   7.20e-02
  0  0   6.69e-02
  0  0   6.20e-02
  0  0   5.64e-02
  0  0   4.99e-02
  0  0   4.19e-02
  0  0   3.31e-02
  0  0   2.56e-02
  5 10   8.04e-02
  0  0   8.08e-02
  0  0   8.14e-02
  0  0   8.24e-02
  0  0   8.39e-02
  0  0   8.62e-02
  0  0   8.99e-02
  0  0   9.57e-02
  0  0   1.05e-01
  0  0   1.18e-01
  0  0   1.38e-01
  0  0   1.65e-01
  0  0   1.96e-01
  0  0   2.20e-01
  0  0   2.21e-01
  0  0   2.08e-01
  0  0   1.94e-01
  0  0   1.78e-01
  0  0   1.61e-01
  0  0   1.41e-01
  0  0   1.14e-01
  0  0   8.73e-02
  0  0   6.61e-02
 0 0 0
  1  2   2.028e-02
  1  3   1.180e+04
  1  4   3.210e+02
  1  5   0.000e+00
  1  6   0.000e+00
  1  7   1.020e+09
  1  8   2.130e+09
  1  9   6.540e+09
  1 10   1.730e+09
  2  3   1.060e+04
  2  4   2.920e+03
  2  5   9.080e+03
  2  6   1.170e+09
  2  7   1.840e+08
  2  8   3.170e+09
  2  9   3.850e+09
  2 10   8.700e+09
  3  4   0.000e+00
  3  5   0.000e+00
  3  6   0.000e+00
  3  7   0.000e+00
  3  8   0.000e+00
  3  9   0.000e+00
  3 10   0.000e+00
  4  5   0.000e+00
  4  6   0.000e+00
  4  7   0.000e+00
  4  8   0.000e+00
  4  9   0.000e+00
  4 10   0.000e+00
  5  6   0.000e+00
  5  7   0.000e+00
  5  8   0.000e+00
  5  9   0.000e+00
  5 10   0.000e+00
  6  7   0.000e+00
  6  8   0.000e+00
  6  9   0.000e+00
  6 10   0.000e+00
  7  8   0.000e+00
  7  9   0.000e+00
  7 10   0.000e+00
  8  9   0.000e+00
  8 10   0.000e+00
  9 10   0.000e+00
  1  2        0.0
  2  4     1308.0
  3  2   100298.0
  4  4   100742.0
  5  6   101390.0
  6  6   179022.0
  7  4   178992.0
  8  2   230855.0
  9  2   249281.0
 10  4   250109.0
