43
** Atomic data from version 10 of the CHIANTI database **

Theoretical energies:
Fernandez-Menchero}, L., Zatsarinny, O. and Bartschat, K., 2017,
Journal of Physics B Atomic Molecular Physics, 50, 6, 065203
doi = {10.1088/1361-6455/aa5fc4}

Observed energies: NIST Atomic Spectra Database, 2014
https://physics.nist.gov/PhysRefData/ASD/levels_form.html

Note: only the 136 bound levels have been retained.

Produced as part of the 'CHIANTI' atomic data base collaboration by
Giulio Del Zanna, May 2020

-1
gf-values, A-values and theoretical energies:
Fernandez-Menchero}, L., Zatsarinny, O. and Bartschat, K., 2017,
Journal of Physics B Atomic Molecular Physics, 50, 6, 065203
doi = {10.1088/1361-6455/aa5fc4}

Observed energies: NIST Atomic Spectra Database, 2014
https://physics.nist.gov/PhysRefData/ASD/levels_form.html

Note: only the 136 bound levels have been retained.

Produced as part of the 'CHIANTI' atomic data base collaboration by
Giulio Del Zanna, May 2020

-1

oscillator strengths and effective collision strengths:

Fernandez-Menchero}, L., Zatsarinny, O. and Bartschat, K., 2017,
Journal of Physics B Atomic Molecular Physics, 50, 6, 065203
doi = {10.1088/1361-6455/aa5fc4}

Note: only the 136 bound levels have been retained.

Produced as part of the 'CHIANTI' atomic data base collaboration by
Giulio Del Zanna, May 2020


10 23
  1  2s2 1S0
  2  2s 2p 3P0
  3  2s 2p 3P1
  4  2s 2p 3P2
  5  2s 2p 1P1
  6  2p 2p 3P0
  7  2p 2p 3P1
  8  2p 2p 3P2
  9  2p 2p 1D2
 10  2p 2p 1S0
     100.0
     158.5
     251.2
     398.1
     631.0
    1000.0
    1584.9
    2511.9
    3981.1
    6309.6
   10000.0
   15848.9
   25118.9
   39810.7
   63095.7
  100000.0
  158489.3
  251188.6
  398107.2
  630957.3
 1000000.0
 1584893.2
 2511886.4
0
  1  2   3.65e-01
  0  0   3.66e-01
  0  0   3.66e-01
  0  0   3.67e-01
  0  0   3.67e-01
  0  0   3.66e-01
  0  0   3.62e-01
  0  0   3.48e-01
  0  0   3.14e-01
  0  0   2.49e-01
  0  0   1.77e-01
  0  0   1.47e-01
  0  0   1.25e-01
  0  0   1.03e-01
  0  0   8.96e-02
  0  0   7.62e-02
  0  0   6.52e-02
  0  0   5.49e-02
  0  0   4.54e-02
  0  0   3.66e-02
  0  0   2.88e-02
  0  0   2.21e-02
  0  0   1.64e-02
  1  3   1.06e+00
  0  0   1.06e+00
  0  0   1.06e+00
  0  0   1.06e+00
  0  0   1.07e+00
  0  0   1.06e+00
  0  0   1.05e+00
  0  0   1.01e+00
  0  0   9.01e-01
  0  0   7.15e-01
  0  0   5.20e-01
  0  0   4.30e-01
  0  0   3.63e-01
  0  0   3.06e-01
  0  0   2.65e-01
  0  0   2.27e-01
  0  0   1.94e-01
  0  0   1.64e-01
  0  0   1.36e-01
  0  0   1.09e-01
  0  0   8.64e-02
  0  0   6.61e-02
  0  0   4.94e-02
  1  4   1.65e+00
  0  0   1.65e+00
  0  0   1.66e+00
  0  0   1.66e+00
  0  0   1.66e+00
  0  0   1.66e+00
  0  0   1.64e+00
  0  0   1.57e+00
  0  0   1.42e+00
  0  0   1.14e+00
  0  0   8.17e-01
  0  0   6.88e-01
  0  0   5.93e-01
  0  0   4.94e-01
  0  0   4.34e-01
  0  0   3.73e-01
  0  0   3.20e-01
  0  0   2.71e-01
  0  0   2.25e-01
  0  0   1.82e-01
  0  0   1.43e-01
  0  0   1.10e-01
  0  0   8.17e-02
  1  5   3.00e+00
  0  0   3.00e+00
  0  0   3.01e+00
  0  0   3.01e+00
  0  0   3.01e+00
  0  0   3.02e+00
  0  0   3.03e+00
  0  0   3.05e+00
  0  0   3.09e+00
  0  0   3.15e+00
  0  0   3.21e+00
  0  0   3.27e+00
  0  0   3.32e+00
  0  0   3.39e+00
  0  0   3.48e+00
  0  0   3.60e+00
  0  0   3.77e+00
  0  0   4.03e+00
  0  0   4.40e+00
  0  0   4.88e+00
  0  0   5.50e+00
  0  0   6.25e+00
  0  0   7.14e+00
  1  6   4.02e-03
  0  0   4.02e-03
  0  0   4.03e-03
  0  0   4.04e-03
  0  0   4.04e-03
  0  0   4.04e-03
  0  0   4.00e-03
  0  0   3.86e-03
  0  0   3.53e-03
  0  0   2.90e-03
  0  0   2.20e-03
  0  0   1.94e-03
  0  0   1.79e-03
  0  0   1.70e-03
  0  0   1.73e-03
  0  0   1.76e-03
  0  0   1.73e-03
  0  0   1.59e-03
  0  0   1.35e-03
  0  0   1.08e-03
  0  0   8.29e-04
  0  0   6.10e-04
  0  0   4.35e-04
  1  7   1.10e-02
  0  0   1.10e-02
  0  0   1.10e-02
  0  0   1.10e-02
  0  0   1.10e-02
  0  0   1.10e-02
  0  0   1.09e-02
  0  0   1.06e-02
  0  0   9.72e-03
  0  0   8.11e-03
  0  0   6.32e-03
  0  0   5.63e-03
  0  0   5.24e-03
  0  0   5.01e-03
  0  0   5.12e-03
  0  0   5.21e-03
  0  0   5.12e-03
  0  0   4.70e-03
  0  0   4.01e-03
  0  0   3.22e-03
  0  0   2.46e-03
  0  0   1.82e-03
  0  0   1.29e-03
  1  8   1.64e-02
  0  0   1.64e-02
  0  0   1.64e-02
  0  0   1.64e-02
  0  0   1.65e-02
  0  0   1.64e-02
  0  0   1.63e-02
  0  0   1.58e-02
  0  0   1.46e-02
  0  0   1.24e-02
  0  0   9.92e-03
  0  0   8.98e-03
  0  0   8.47e-03
  0  0   8.20e-03
  0  0   8.41e-03
  0  0   8.58e-03
  0  0   8.43e-03
  0  0   7.73e-03
  0  0   6.59e-03
  0  0   5.30e-03
  0  0   4.06e-03
  0  0   2.99e-03
  0  0   2.14e-03
  1  9   2.02e-01
  0  0   2.02e-01
  0  0   2.02e-01
  0  0   2.02e-01
  0  0   2.02e-01
  0  0   2.02e-01
  0  0   2.01e-01
  0  0   2.02e-01
  0  0   2.03e-01
  0  0   2.05e-01
  0  0   2.07e-01
  0  0   2.05e-01
  0  0   2.04e-01
  0  0   2.05e-01
  0  0   2.05e-01
  0  0   2.03e-01
  0  0   2.00e-01
  0  0   1.92e-01
  0  0   1.82e-01
  0  0   1.73e-01
  0  0   1.64e-01
  0  0   1.60e-01
  0  0   1.49e-01
  1 10   3.04e-02
  0  0   3.04e-02
  0  0   3.03e-02
  0  0   3.02e-02
  0  0   3.01e-02
  0  0   3.01e-02
  0  0   3.01e-02
  0  0   3.06e-02
  0  0   3.20e-02
  0  0   3.49e-02
  0  0   3.79e-02
  0  0   3.79e-02
  0  0   3.74e-02
  0  0   3.75e-02
  0  0   3.80e-02
  0  0   3.84e-02
  0  0   3.78e-02
  0  0   3.65e-02
  0  0   3.51e-02
  0  0   3.38e-02
  0  0   3.25e-02
  0  0   3.18e-02
  0  0   2.96e-02
  2  3   1.75e+00
  0  0   1.74e+00
  0  0   1.74e+00
  0  0   1.74e+00
  0  0   1.73e+00
  0  0   1.72e+00
  0  0   1.70e+00
  0  0   1.66e+00
  0  0   1.57e+00
  0  0   1.43e+00
  0  0   1.24e+00
  0  0   1.07e+00
  0  0   9.59e-01
  0  0   8.92e-01
  0  0   8.31e-01
  0  0   7.56e-01
  0  0   6.64e-01
  0  0   5.63e-01
  0  0   4.63e-01
  0  0   3.69e-01
  0  0   2.86e-01
  0  0   2.16e-01
  0  0   1.59e-01
  2  4   1.29e+00
  0  0   1.29e+00
  0  0   1.29e+00
  0  0   1.29e+00
  0  0   1.28e+00
  0  0   1.28e+00
  0  0   1.26e+00
  0  0   1.23e+00
  0  0   1.16e+00
  0  0   1.03e+00
  0  0   8.70e-01
  0  0   7.71e-01
  0  0   7.34e-01
  0  0   7.41e-01
  0  0   7.40e-01
  0  0   6.96e-01
  0  0   6.16e-01
  0  0   5.23e-01
  0  0   4.33e-01
  0  0   3.60e-01
  0  0   3.02e-01
  0  0   2.66e-01
  0  0   2.32e-01
  2  5   1.67e-01
  0  0   1.67e-01
  0  0   1.67e-01
  0  0   1.67e-01
  0  0   1.68e-01
  0  0   1.68e-01
  0  0   1.69e-01
  0  0   1.73e-01
  0  0   1.80e-01
  0  0   1.94e-01
  0  0   2.11e-01
  0  0   2.20e-01
  0  0   2.21e-01
  0  0   2.12e-01
  0  0   1.93e-01
  0  0   1.71e-01
  0  0   1.48e-01
  0  0   1.24e-01
  0  0   1.02e-01
  0  0   8.04e-02
  0  0   6.15e-02
  0  0   4.57e-02
  0  0   3.30e-02
  2  6   3.28e-02
  0  0   3.28e-02
  0  0   3.28e-02
  0  0   3.27e-02
  0  0   3.27e-02
  0  0   3.26e-02
  0  0   3.25e-02
  0  0   3.24e-02
  0  0   3.22e-02
  0  0   3.19e-02
  0  0   3.14e-02
  0  0   3.06e-02
  0  0   2.96e-02
  0  0   2.85e-02
  0  0   2.75e-02
  0  0   2.66e-02
  0  0   2.52e-02
  0  0   2.32e-02
  0  0   2.05e-02
  0  0   1.75e-02
  0  0   1.43e-02
  0  0   1.12e-02
  0  0   8.52e-03
  2  7   1.59e+00
  0  0   1.59e+00
  0  0   1.59e+00
  0  0   1.59e+00
  0  0   1.59e+00
  0  0   1.59e+00
  0  0   1.59e+00
  0  0   1.60e+00
  0  0   1.60e+00
  0  0   1.61e+00
  0  0   1.63e+00
  0  0   1.64e+00
  0  0   1.65e+00
  0  0   1.69e+00
  0  0   1.75e+00
  0  0   1.82e+00
  0  0   1.93e+00
  0  0   2.06e+00
  0  0   2.25e+00
  0  0   2.49e+00
  0  0   2.79e+00
  0  0   3.15e+00
  0  0   3.59e+00
  2  8   6.33e-02
  0  0   6.33e-02
  0  0   6.33e-02
  0  0   6.32e-02
  0  0   6.31e-02
  0  0   6.30e-02
  0  0   6.27e-02
  0  0   6.21e-02
  0  0   6.12e-02
  0  0   5.95e-02
  0  0   5.73e-02
  0  0   5.50e-02
  0  0   5.26e-02
  0  0   5.03e-02
  0  0   4.87e-02
  0  0   4.76e-02
  0  0   4.61e-02
  0  0   4.29e-02
  0  0   3.81e-02
  0  0   3.24e-02
  0  0   2.64e-02
  0  0   2.08e-02
  0  0   1.59e-02
  2  9   7.96e-02
  0  0   7.96e-02
  0  0   7.96e-02
  0  0   7.96e-02
  0  0   7.95e-02
  0  0   7.95e-02
  0  0   7.94e-02
  0  0   7.93e-02
  0  0   7.93e-02
  0  0   7.94e-02
  0  0   7.93e-02
  0  0   7.86e-02
  0  0   7.78e-02
  0  0   7.71e-02
  0  0   7.70e-02
  0  0   7.69e-02
  0  0   7.47e-02
  0  0   6.92e-02
  0  0   6.09e-02
  0  0   5.14e-02
  0  0   4.14e-02
  0  0   3.23e-02
  0  0   2.43e-02
  2 10   8.18e-03
  0  0   8.18e-03
  0  0   8.19e-03
  0  0   8.21e-03
  0  0   8.24e-03
  0  0   8.28e-03
  0  0   8.34e-03
  0  0   8.44e-03
  0  0   8.59e-03
  0  0   8.83e-03
  0  0   9.20e-03
  0  0   9.71e-03
  0  0   1.01e-02
  0  0   1.05e-02
  0  0   1.10e-02
  0  0   1.13e-02
  0  0   1.09e-02
  0  0   9.74e-03
  0  0   8.19e-03
  0  0   6.56e-03
  0  0   5.06e-03
  0  0   3.77e-03
  0  0   2.73e-03
  3  4   5.07e+00
  0  0   5.07e+00
  0  0   5.07e+00
  0  0   5.06e+00
  0  0   5.05e+00
  0  0   5.02e+00
  0  0   4.96e+00
  0  0   4.84e+00
  0  0   4.57e+00
  0  0   4.10e+00
  0  0   3.51e+00
  0  0   3.08e+00
  0  0   2.85e+00
  0  0   2.79e+00
  0  0   2.73e+00
  0  0   2.54e+00
  0  0   2.25e+00
  0  0   1.91e+00
  0  0   1.57e+00
  0  0   1.28e+00
  0  0   1.05e+00
  0  0   8.81e-01
  0  0   7.36e-01
  3  5   5.03e-01
  0  0   5.03e-01
  0  0   5.03e-01
  0  0   5.03e-01
  0  0   5.04e-01
  0  0   5.05e-01
  0  0   5.09e-01
  0  0   5.19e-01
  0  0   5.42e-01
  0  0   5.82e-01
  0  0   6.32e-01
  0  0   6.60e-01
  0  0   6.63e-01
  0  0   6.36e-01
  0  0   5.80e-01
  0  0   5.14e-01
  0  0   4.46e-01
  0  0   3.76e-01
  0  0   3.07e-01
  0  0   2.43e-01
  0  0   1.85e-01
  0  0   1.37e-01
  0  0   9.90e-02
  3  6   1.59e+00
  0  0   1.59e+00
  0  0   1.59e+00
  0  0   1.59e+00
  0  0   1.59e+00
  0  0   1.59e+00
  0  0   1.59e+00
  0  0   1.60e+00
  0  0   1.60e+00
  0  0   1.61e+00
  0  0   1.63e+00
  0  0   1.64e+00
  0  0   1.66e+00
  0  0   1.70e+00
  0  0   1.75e+00
  0  0   1.82e+00
  0  0   1.93e+00
  0  0   2.07e+00
  0  0   2.25e+00
  0  0   2.49e+00
  0  0   2.78e+00
  0  0   3.14e+00
  0  0   3.56e+00
  3  7   1.35e+00
  0  0   1.35e+00
  0  0   1.35e+00
  0  0   1.35e+00
  0  0   1.35e+00
  0  0   1.35e+00
  0  0   1.35e+00
  0  0   1.35e+00
  0  0   1.35e+00
  0  0   1.35e+00
  0  0   1.35e+00
  0  0   1.36e+00
  0  0   1.37e+00
  0  0   1.39e+00
  0  0   1.43e+00
  0  0   1.48e+00
  0  0   1.56e+00
  0  0   1.65e+00
  0  0   1.77e+00
  0  0   1.94e+00
  0  0   2.14e+00
  0  0   2.38e+00
  0  0   2.67e+00
  3  8   2.14e+00
  0  0   2.14e+00
  0  0   2.14e+00
  0  0   2.14e+00
  0  0   2.14e+00
  0  0   2.14e+00
  0  0   2.14e+00
  0  0   2.14e+00
  0  0   2.14e+00
  0  0   2.15e+00
  0  0   2.16e+00
  0  0   2.17e+00
  0  0   2.19e+00
  0  0   2.23e+00
  0  0   2.29e+00
  0  0   2.38e+00
  0  0   2.51e+00
  0  0   2.68e+00
  0  0   2.90e+00
  0  0   3.18e+00
  0  0   3.53e+00
  0  0   3.94e+00
  0  0   4.42e+00
  3  9   2.40e-01
  0  0   2.40e-01
  0  0   2.40e-01
  0  0   2.39e-01
  0  0   2.39e-01
  0  0   2.39e-01
  0  0   2.39e-01
  0  0   2.39e-01
  0  0   2.39e-01
  0  0   2.39e-01
  0  0   2.39e-01
  0  0   2.37e-01
  0  0   2.34e-01
  0  0   2.32e-01
  0  0   2.32e-01
  0  0   2.31e-01
  0  0   2.24e-01
  0  0   2.07e-01
  0  0   1.83e-01
  0  0   1.54e-01
  0  0   1.25e-01
  0  0   9.75e-02
  0  0   7.35e-02
  3 10   2.47e-02
  0  0   2.48e-02
  0  0   2.48e-02
  0  0   2.48e-02
  0  0   2.49e-02
  0  0   2.50e-02
  0  0   2.51e-02
  0  0   2.54e-02
  0  0   2.58e-02
  0  0   2.66e-02
  0  0   2.77e-02
  0  0   2.92e-02
  0  0   3.03e-02
  0  0   3.16e-02
  0  0   3.32e-02
  0  0   3.40e-02
  0  0   3.28e-02
  0  0   2.93e-02
  0  0   2.47e-02
  0  0   1.98e-02
  0  0   1.53e-02
  0  0   1.14e-02
  0  0   8.28e-03
  4  5   8.42e-01
  0  0   8.42e-01
  0  0   8.42e-01
  0  0   8.42e-01
  0  0   8.43e-01
  0  0   8.46e-01
  0  0   8.54e-01
  0  0   8.71e-01
  0  0   9.08e-01
  0  0   9.76e-01
  0  0   1.06e+00
  0  0   1.11e+00
  0  0   1.12e+00
  0  0   1.07e+00
  0  0   9.71e-01
  0  0   8.64e-01
  0  0   7.47e-01
  0  0   6.30e-01
  0  0   5.14e-01
  0  0   4.05e-01
  0  0   3.09e-01
  0  0   2.29e-01
  0  0   1.65e-01
  4  6   7.12e-02
  0  0   7.12e-02
  0  0   7.12e-02
  0  0   7.12e-02
  0  0   7.11e-02
  0  0   7.10e-02
  0  0   7.06e-02
  0  0   6.96e-02
  0  0   6.75e-02
  0  0   6.37e-02
  0  0   5.91e-02
  0  0   5.62e-02
  0  0   5.33e-02
  0  0   5.04e-02
  0  0   4.86e-02
  0  0   4.75e-02
  0  0   4.58e-02
  0  0   4.26e-02
  0  0   3.78e-02
  0  0   3.21e-02
  0  0   2.61e-02
  0  0   2.06e-02
  0  0   1.57e-02
  4  7   2.17e+00
  0  0   2.17e+00
  0  0   2.17e+00
  0  0   2.17e+00
  0  0   2.16e+00
  0  0   2.16e+00
  0  0   2.16e+00
  0  0   2.16e+00
  0  0   2.16e+00
  0  0   2.16e+00
  0  0   2.16e+00
  0  0   2.17e+00
  0  0   2.19e+00
  0  0   2.23e+00
  0  0   2.30e+00
  0  0   2.39e+00
  0  0   2.51e+00
  0  0   2.68e+00
  0  0   2.90e+00
  0  0   3.19e+00
  0  0   3.53e+00
  0  0   3.95e+00
  0  0   4.45e+00
  4  8   6.26e+00
  0  0   6.26e+00
  0  0   6.25e+00
  0  0   6.25e+00
  0  0   6.25e+00
  0  0   6.25e+00
  0  0   6.25e+00
  0  0   6.26e+00
  0  0   6.28e+00
  0  0   6.31e+00
  0  0   6.35e+00
  0  0   6.39e+00
  0  0   6.47e+00
  0  0   6.59e+00
  0  0   6.77e+00
  0  0   7.05e+00
  0  0   7.42e+00
  0  0   7.93e+00
  0  0   8.60e+00
  0  0   9.47e+00
  0  0   1.05e+01
  0  0   1.18e+01
  0  0   1.33e+01
  4  9   4.02e-01
  0  0   4.02e-01
  0  0   4.02e-01
  0  0   4.02e-01
  0  0   4.01e-01
  0  0   4.01e-01
  0  0   4.01e-01
  0  0   4.01e-01
  0  0   4.01e-01
  0  0   4.02e-01
  0  0   4.01e-01
  0  0   3.98e-01
  0  0   3.93e-01
  0  0   3.89e-01
  0  0   3.87e-01
  0  0   3.84e-01
  0  0   3.71e-01
  0  0   3.44e-01
  0  0   3.03e-01
  0  0   2.56e-01
  0  0   2.07e-01
  0  0   1.62e-01
  0  0   1.23e-01
  4 10   4.14e-02
  0  0   4.15e-02
  0  0   4.15e-02
  0  0   4.16e-02
  0  0   4.17e-02
  0  0   4.19e-02
  0  0   4.22e-02
  0  0   4.27e-02
  0  0   4.34e-02
  0  0   4.46e-02
  0  0   4.64e-02
  0  0   4.88e-02
  0  0   5.07e-02
  0  0   5.27e-02
  0  0   5.53e-02
  0  0   5.68e-02
  0  0   5.46e-02
  0  0   4.89e-02
  0  0   4.12e-02
  0  0   3.31e-02
  0  0   2.55e-02
  0  0   1.91e-02
  0  0   1.38e-02
  5  6   2.22e-01
  0  0   2.22e-01
  0  0   2.22e-01
  0  0   2.22e-01
  0  0   2.22e-01
  0  0   2.21e-01
  0  0   2.19e-01
  0  0   2.13e-01
  0  0   2.01e-01
  0  0   1.80e-01
  0  0   1.56e-01
  0  0   1.39e-01
  0  0   1.21e-01
  0  0   1.04e-01
  0  0   8.93e-02
  0  0   7.65e-02
  0  0   6.55e-02
  0  0   5.52e-02
  0  0   4.55e-02
  0  0   3.65e-02
  0  0   2.84e-02
  0  0   2.15e-02
  0  0   1.60e-02
  5  7   6.41e-01
  0  0   6.42e-01
  0  0   6.42e-01
  0  0   6.41e-01
  0  0   6.41e-01
  0  0   6.38e-01
  0  0   6.32e-01
  0  0   6.16e-01
  0  0   5.84e-01
  0  0   5.27e-01
  0  0   4.61e-01
  0  0   4.13e-01
  0  0   3.62e-01
  0  0   3.10e-01
  0  0   2.67e-01
  0  0   2.29e-01
  0  0   1.97e-01
  0  0   1.67e-01
  0  0   1.38e-01
  0  0   1.10e-01
  0  0   8.60e-02
  0  0   6.51e-02
  0  0   4.82e-02
  5  8   1.04e+00
  0  0   1.04e+00
  0  0   1.04e+00
  0  0   1.04e+00
  0  0   1.04e+00
  0  0   1.03e+00
  0  0   1.02e+00
  0  0   9.98e-01
  0  0   9.49e-01
  0  0   8.63e-01
  0  0   7.63e-01
  0  0   6.85e-01
  0  0   6.01e-01
  0  0   5.17e-01
  0  0   4.46e-01
  0  0   3.84e-01
  0  0   3.30e-01
  0  0   2.79e-01
  0  0   2.30e-01
  0  0   1.85e-01
  0  0   1.44e-01
  0  0   1.10e-01
  0  0   8.36e-02
  5  9   8.86e+00
  0  0   8.86e+00
  0  0   8.86e+00
  0  0   8.86e+00
  0  0   8.86e+00
  0  0   8.87e+00
  0  0   8.88e+00
  0  0   8.91e+00
  0  0   8.96e+00
  0  0   9.06e+00
  0  0   9.18e+00
  0  0   9.31e+00
  0  0   9.47e+00
  0  0   9.68e+00
  0  0   9.99e+00
  0  0   1.04e+01
  0  0   1.10e+01
  0  0   1.17e+01
  0  0   1.27e+01
  0  0   1.39e+01
  0  0   1.53e+01
  0  0   1.69e+01
  0  0   1.87e+01
  5 10   2.74e+00
  0  0   2.74e+00
  0  0   2.74e+00
  0  0   2.74e+00
  0  0   2.74e+00
  0  0   2.74e+00
  0  0   2.74e+00
  0  0   2.75e+00
  0  0   2.75e+00
  0  0   2.76e+00
  0  0   2.78e+00
  0  0   2.81e+00
  0  0   2.85e+00
  0  0   2.92e+00
  0  0   3.01e+00
  0  0   3.14e+00
  0  0   3.33e+00
  0  0   3.57e+00
  0  0   3.92e+00
  0  0   4.37e+00
  0  0   4.93e+00
  0  0   5.64e+00
  0  0   6.45e+00
  6  7   6.47e-01
  0  0   6.47e-01
  0  0   6.46e-01
  0  0   6.45e-01
  0  0   6.44e-01
  0  0   6.42e-01
  0  0   6.39e-01
  0  0   6.34e-01
  0  0   6.28e-01
  0  0   6.18e-01
  0  0   6.02e-01
  0  0   5.77e-01
  0  0   5.46e-01
  0  0   5.15e-01
  0  0   4.86e-01
  0  0   4.59e-01
  0  0   4.29e-01
  0  0   3.90e-01
  0  0   3.41e-01
  0  0   2.88e-01
  0  0   2.34e-01
  0  0   1.84e-01
  0  0   1.40e-01
  6  8   3.48e-01
  0  0   3.48e-01
  0  0   3.48e-01
  0  0   3.47e-01
  0  0   3.47e-01
  0  0   3.46e-01
  0  0   3.44e-01
  0  0   3.41e-01
  0  0   3.36e-01
  0  0   3.28e-01
  0  0   3.16e-01
  0  0   3.03e-01
  0  0   2.90e-01
  0  0   2.77e-01
  0  0   2.67e-01
  0  0   2.59e-01
  0  0   2.52e-01
  0  0   2.43e-01
  0  0   2.30e-01
  0  0   2.19e-01
  0  0   2.06e-01
  0  0   2.02e-01
  0  0   1.90e-01
  6  9   2.80e-01
  0  0   2.80e-01
  0  0   2.80e-01
  0  0   2.80e-01
  0  0   2.79e-01
  0  0   2.79e-01
  0  0   2.79e-01
  0  0   2.78e-01
  0  0   2.78e-01
  0  0   2.77e-01
  0  0   2.76e-01
  0  0   2.73e-01
  0  0   2.69e-01
  0  0   2.62e-01
  0  0   2.52e-01
  0  0   2.39e-01
  0  0   2.22e-01
  0  0   1.99e-01
  0  0   1.71e-01
  0  0   1.41e-01
  0  0   1.13e-01
  0  0   8.69e-02
  0  0   6.45e-02
  6 10   2.98e-02
  0  0   2.98e-02
  0  0   2.98e-02
  0  0   2.98e-02
  0  0   2.98e-02
  0  0   2.98e-02
  0  0   2.97e-02
  0  0   2.97e-02
  0  0   2.97e-02
  0  0   2.96e-02
  0  0   2.96e-02
  0  0   2.94e-02
  0  0   2.91e-02
  0  0   2.87e-02
  0  0   2.81e-02
  0  0   2.69e-02
  0  0   2.49e-02
  0  0   2.19e-02
  0  0   1.83e-02
  0  0   1.46e-02
  0  0   1.12e-02
  0  0   8.25e-03
  0  0   5.88e-03
  7  8   1.61e+00
  0  0   1.61e+00
  0  0   1.61e+00
  0  0   1.61e+00
  0  0   1.61e+00
  0  0   1.60e+00
  0  0   1.59e+00
  0  0   1.58e+00
  0  0   1.56e+00
  0  0   1.52e+00
  0  0   1.46e+00
  0  0   1.40e+00
  0  0   1.33e+00
  0  0   1.27e+00
  0  0   1.21e+00
  0  0   1.15e+00
  0  0   1.10e+00
  0  0   1.03e+00
  0  0   9.46e-01
  0  0   8.52e-01
  0  0   7.59e-01
  0  0   6.89e-01
  0  0   6.09e-01
  7  9   8.43e-01
  0  0   8.43e-01
  0  0   8.43e-01
  0  0   8.42e-01
  0  0   8.42e-01
  0  0   8.41e-01
  0  0   8.40e-01
  0  0   8.39e-01
  0  0   8.37e-01
  0  0   8.36e-01
  0  0   8.33e-01
  0  0   8.23e-01
  0  0   8.09e-01
  0  0   7.89e-01
  0  0   7.60e-01
  0  0   7.21e-01
  0  0   6.68e-01
  0  0   5.98e-01
  0  0   5.15e-01
  0  0   4.27e-01
  0  0   3.40e-01
  0  0   2.62e-01
  0  0   1.95e-01
  7 10   8.94e-02
  0  0   8.94e-02
  0  0   8.94e-02
  0  0   8.94e-02
  0  0   8.94e-02
  0  0   8.94e-02
  0  0   8.93e-02
  0  0   8.92e-02
  0  0   8.91e-02
  0  0   8.90e-02
  0  0   8.88e-02
  0  0   8.84e-02
  0  0   8.75e-02
  0  0   8.62e-02
  0  0   8.44e-02
  0  0   8.11e-02
  0  0   7.49e-02
  0  0   6.59e-02
  0  0   5.51e-02
  0  0   4.39e-02
  0  0   3.36e-02
  0  0   2.48e-02
  0  0   1.77e-02
  8  9   1.42e+00
  0  0   1.42e+00
  0  0   1.42e+00
  0  0   1.42e+00
  0  0   1.42e+00
  0  0   1.42e+00
  0  0   1.41e+00
  0  0   1.41e+00
  0  0   1.41e+00
  0  0   1.40e+00
  0  0   1.40e+00
  0  0   1.38e+00
  0  0   1.36e+00
  0  0   1.32e+00
  0  0   1.27e+00
  0  0   1.21e+00
  0  0   1.12e+00
  0  0   1.01e+00
  0  0   8.64e-01
  0  0   7.17e-01
  0  0   5.71e-01
  0  0   4.39e-01
  0  0   3.26e-01
  8 10   1.49e-01
  0  0   1.49e-01
  0  0   1.49e-01
  0  0   1.49e-01
  0  0   1.49e-01
  0  0   1.49e-01
  0  0   1.49e-01
  0  0   1.49e-01
  0  0   1.49e-01
  0  0   1.49e-01
  0  0   1.49e-01
  0  0   1.48e-01
  0  0   1.46e-01
  0  0   1.44e-01
  0  0   1.41e-01
  0  0   1.34e-01
  0  0   1.24e-01
  0  0   1.09e-01
  0  0   9.11e-02
  0  0   7.30e-02
  0  0   5.59e-02
  0  0   4.12e-02
  0  0   2.95e-02
  9 10   3.65e-01
  0  0   3.65e-01
  0  0   3.65e-01
  0  0   3.65e-01
  0  0   3.65e-01
  0  0   3.65e-01
  0  0   3.66e-01
  0  0   3.66e-01
  0  0   3.68e-01
  0  0   3.70e-01
  0  0   3.73e-01
  0  0   3.76e-01
  0  0   3.80e-01
  0  0   3.87e-01
  0  0   3.98e-01
  0  0   4.12e-01
  0  0   4.24e-01
  0  0   4.36e-01
  0  0   4.50e-01
  0  0   4.70e-01
  0  0   4.87e-01
  0  0   5.18e-01
  0  0   5.15e-01
 0 0 0
  1  2   0.000e+00
  1  3   4.830e+02
  1  4   1.180e-02
  1  5   2.460e+09
  1  6   0.000e+00
  1  7   7.940e-03
  1  8   1.160e-01
  1  9   3.000e+03
  1 10   0.000e+00
  2  3   6.360e-06
  2  4   7.390e-12
  2  5   1.210e-02
  2  6   0.000e+00
  2  7   6.240e+08
  2  8   1.870e-02
  2  9   7.810e-02
  2 10   0.000e+00
  3  4   3.860e-05
  3  5   9.415e-03
  3  6   1.860e+09
  3  7   4.670e+08
  3  8   4.690e+08
  3  9   1.240e+04
  3 10   7.120e+03
  4  5   1.524e-02
  4  6   8.920e-02
  4  7   7.750e+08
  4  8   1.400e+09
  4  9   1.110e+05
  4 10   5.250e-01
  5  6   9.270e+02
  5  7   5.440e+01
  5  8   4.490e+03
  5  9   2.280e+08
  5 10   3.310e+09
  6  7   6.370e-06
  6  8   6.460e-12
  6  9   3.560e-08
  6 10   0.000e+00
  7  8   3.680e-05
  7  9   1.751e-03
  7 10   1.200e-01
  8  9   5.076e-03
  8 10   8.770e-03
  9 10   8.630e+01
  1  1        0.0
  2  1    67209.0
  3  3    67272.0
  4  5    67416.0
  5  3   130693.0
  6  1   175535.0
  7  3   175608.0
  8  5   175732.0
  9  5   188882.0
 10  1   235369.0
