 26
** Atomic data from version 6 of the CHIANTI database **
% observed energy levels: Martin, W.C., Sugar, J., Musgrove, A., Dalton, G.R., 1995, 
  NIST Database for Atomic Spectroscopy, Version 1.0, NIST Standard Reference Database 61
% Theoretical energy levels: Bhatia and Doschek, 1999, ADNDT, 71, 69
% produced as part of the Arcetri/Cambridge/NRL 'CHIANTI' atomic data base collaboration
%
%   E. Landi 1998
%filename: ni_16.wgfa
%observed energy levels: Martin, W.C., Sugar, J., Musgrove, A., Dalton, G.R., 1995, 
   NIST Database for Atomic Spectroscopy, Version 1.0, NIST Standard Reference Database 61
%Theoretical energy levels: Bhatia and Doschek, 1999, ADNDT, 71, 69
%Radiative data: Bhatia and Doschek, 1999, ADNDT, 71, 69
%A-value (2-5): Traebert, E., Heckmann, P.H., Hutton , R., & Martinson, I. 1988, J. Opt. Soc. Am. B, 5, 2173
%comment: added transition experimental A-value 2-5 from Traebert et al 1988 (E. Landi, Sept. 20, 2006).
%produced as part of the Arcetri/Cambridge/NRL 'CHIANTI' atomic data base collaboration
% 
%  E. Landi - Sep 2006

%filename: ni_16.splups
%oscillator strengths: Bhatia & Doschek, 1999, ADNDT, 71, 69
%collision strengths: Bhatia & Doschek, 1999, ADNDT, 71, 69
%comment: collision data for transitions involving level 21 have been added. They affect
          level populations only at electron densities higher than 10^11 cm^-3 (Jun 2003).
%produced as part of the Arcetri/Cambridge/NRL 'CHIANTI' atomic data base collaboration
% 
%  E. Landi - June 2003
12 23
  1  3s2.3p 2P1/2
  2  3s2.3p 2P3/2
  3  3s.3p2 4P1/2
  4  3s.3p2 4P3/2
  5  3s.3p2 4P5/2
  6  3s.3p2 2D3/2
  7  3s.3p2 2D5/2
  8  3s.3p2 2S1/2
  9  3s.3p2 2P1/2
 10  3s.3p2 2P3/2
 11  3s2.3d 2D3/2
 12  3s2.3d 2D5/2
     100.0
     158.5
     251.2
     398.1
     631.0
    1000.0
    1584.9
    2511.9
    3981.1
    6309.6
   10000.0
   15848.9
   25118.9
   39810.7
   63095.8
  100000.0
  158489.2
  251188.7
  398107.1
  630957.6
 1000000.0
 1584892.5
 2511887.0
0
  1  2   1.87e-01
  0  0   1.87e-01
  0  0   1.87e-01
  0  0   1.87e-01
  0  0   1.87e-01
  0  0   1.87e-01
  0  0   1.87e-01
  0  0   1.87e-01
  0  0   1.87e-01
  0  0   1.87e-01
  0  0   1.87e-01
  0  0   1.87e-01
  0  0   1.87e-01
  0  0   1.86e-01
  0  0   1.86e-01
  0  0   1.86e-01
  0  0   1.85e-01
  0  0   1.84e-01
  0  0   1.82e-01
  0  0   1.80e-01
  0  0   1.76e-01
  0  0   1.71e-01
  0  0   1.66e-01
  1  3   1.92e-02
  0  0   1.92e-02
  0  0   1.92e-02
  0  0   1.92e-02
  0  0   1.92e-02
  0  0   1.92e-02
  0  0   1.92e-02
  0  0   1.92e-02
  0  0   1.92e-02
  0  0   1.92e-02
  0  0   1.92e-02
  0  0   1.92e-02
  0  0   1.92e-02
  0  0   1.92e-02
  0  0   1.92e-02
  0  0   1.92e-02
  0  0   1.91e-02
  0  0   1.90e-02
  0  0   1.89e-02
  0  0   1.88e-02
  0  0   1.86e-02
  0  0   1.84e-02
  0  0   1.83e-02
  1  4   1.61e-02
  0  0   1.61e-02
  0  0   1.61e-02
  0  0   1.61e-02
  0  0   1.61e-02
  0  0   1.61e-02
  0  0   1.61e-02
  0  0   1.61e-02
  0  0   1.61e-02
  0  0   1.61e-02
  0  0   1.60e-02
  0  0   1.60e-02
  0  0   1.60e-02
  0  0   1.59e-02
  0  0   1.58e-02
  0  0   1.57e-02
  0  0   1.55e-02
  0  0   1.51e-02
  0  0   1.46e-02
  0  0   1.38e-02
  0  0   1.28e-02
  0  0   1.14e-02
  0  0   9.93e-03
  1  5   1.34e-02
  0  0   1.34e-02
  0  0   1.34e-02
  0  0   1.34e-02
  0  0   1.34e-02
  0  0   1.34e-02
  0  0   1.34e-02
  0  0   1.34e-02
  0  0   1.34e-02
  0  0   1.34e-02
  0  0   1.34e-02
  0  0   1.34e-02
  0  0   1.33e-02
  0  0   1.33e-02
  0  0   1.32e-02
  0  0   1.30e-02
  0  0   1.28e-02
  0  0   1.25e-02
  0  0   1.20e-02
  0  0   1.13e-02
  0  0   1.04e-02
  0  0   9.36e-03
  0  0   8.11e-03
  1  6   5.32e-01
  0  0   5.32e-01
  0  0   5.32e-01
  0  0   5.32e-01
  0  0   5.32e-01
  0  0   5.32e-01
  0  0   5.32e-01
  0  0   5.32e-01
  0  0   5.33e-01
  0  0   5.33e-01
  0  0   5.34e-01
  0  0   5.34e-01
  0  0   5.36e-01
  0  0   5.38e-01
  0  0   5.41e-01
  0  0   5.45e-01
  0  0   5.52e-01
  0  0   5.61e-01
  0  0   5.74e-01
  0  0   5.91e-01
  0  0   6.11e-01
  0  0   6.36e-01
  0  0   6.67e-01
  1  7   2.53e-02
  0  0   2.53e-02
  0  0   2.53e-02
  0  0   2.53e-02
  0  0   2.53e-02
  0  0   2.53e-02
  0  0   2.53e-02
  0  0   2.53e-02
  0  0   2.53e-02
  0  0   2.53e-02
  0  0   2.53e-02
  0  0   2.52e-02
  0  0   2.52e-02
  0  0   2.51e-02
  0  0   2.50e-02
  0  0   2.48e-02
  0  0   2.45e-02
  0  0   2.41e-02
  0  0   2.34e-02
  0  0   2.24e-02
  0  0   2.10e-02
  0  0   1.91e-02
  0  0   1.69e-02
  1  8   8.85e-01
  0  0   8.85e-01
  0  0   8.85e-01
  0  0   8.85e-01
  0  0   8.85e-01
  0  0   8.85e-01
  0  0   8.85e-01
  0  0   8.85e-01
  0  0   8.85e-01
  0  0   8.86e-01
  0  0   8.86e-01
  0  0   8.87e-01
  0  0   8.89e-01
  0  0   8.91e-01
  0  0   8.95e-01
  0  0   9.00e-01
  0  0   9.09e-01
  0  0   9.21e-01
  0  0   9.39e-01
  0  0   9.63e-01
  0  0   9.95e-01
  0  0   1.04e+00
  0  0   1.09e+00
  1  9   7.51e-01
  0  0   7.51e-01
  0  0   7.51e-01
  0  0   7.51e-01
  0  0   7.51e-01
  0  0   7.51e-01
  0  0   7.51e-01
  0  0   7.51e-01
  0  0   7.51e-01
  0  0   7.52e-01
  0  0   7.52e-01
  0  0   7.53e-01
  0  0   7.54e-01
  0  0   7.56e-01
  0  0   7.58e-01
  0  0   7.63e-01
  0  0   7.69e-01
  0  0   7.78e-01
  0  0   7.92e-01
  0  0   8.12e-01
  0  0   8.38e-01
  0  0   8.72e-01
  0  0   9.17e-01
  1 10   6.97e-01
  0  0   6.97e-01
  0  0   6.97e-01
  0  0   6.97e-01
  0  0   6.97e-01
  0  0   6.97e-01
  0  0   6.97e-01
  0  0   6.97e-01
  0  0   6.97e-01
  0  0   6.98e-01
  0  0   6.98e-01
  0  0   6.99e-01
  0  0   7.00e-01
  0  0   7.01e-01
  0  0   7.04e-01
  0  0   7.07e-01
  0  0   7.13e-01
  0  0   7.21e-01
  0  0   7.34e-01
  0  0   7.51e-01
  0  0   7.74e-01
  0  0   8.05e-01
  0  0   8.45e-01
  1 11   1.66e+00
  0  0   1.66e+00
  0  0   1.66e+00
  0  0   1.66e+00
  0  0   1.66e+00
  0  0   1.66e+00
  0  0   1.66e+00
  0  0   1.66e+00
  0  0   1.66e+00
  0  0   1.66e+00
  0  0   1.66e+00
  0  0   1.66e+00
  0  0   1.66e+00
  0  0   1.67e+00
  0  0   1.67e+00
  0  0   1.68e+00
  0  0   1.69e+00
  0  0   1.71e+00
  0  0   1.73e+00
  0  0   1.77e+00
  0  0   1.82e+00
  0  0   1.90e+00
  0  0   1.99e+00
  1 12   3.13e-02
  0  0   3.13e-02
  0  0   3.13e-02
  0  0   3.13e-02
  0  0   3.13e-02
  0  0   3.13e-02
  0  0   3.13e-02
  0  0   3.13e-02
  0  0   3.13e-02
  0  0   3.13e-02
  0  0   3.13e-02
  0  0   3.13e-02
  0  0   3.12e-02
  0  0   3.12e-02
  0  0   3.11e-02
  0  0   3.09e-02
  0  0   3.07e-02
  0  0   3.03e-02
  0  0   2.98e-02
  0  0   2.90e-02
  0  0   2.80e-02
  0  0   2.68e-02
  0  0   2.55e-02
  2  3   9.25e-03
  0  0   9.25e-03
  0  0   9.25e-03
  0  0   9.25e-03
  0  0   9.25e-03
  0  0   9.25e-03
  0  0   9.25e-03
  0  0   9.25e-03
  0  0   9.25e-03
  0  0   9.25e-03
  0  0   9.25e-03
  0  0   9.25e-03
  0  0   9.24e-03
  0  0   9.24e-03
  0  0   9.24e-03
  0  0   9.23e-03
  0  0   9.22e-03
  0  0   9.21e-03
  0  0   9.18e-03
  0  0   9.16e-03
  0  0   9.13e-03
  0  0   9.11e-03
  0  0   9.13e-03
  2  4   2.26e-02
  0  0   2.26e-02
  0  0   2.26e-02
  0  0   2.26e-02
  0  0   2.26e-02
  0  0   2.26e-02
  0  0   2.26e-02
  0  0   2.26e-02
  0  0   2.26e-02
  0  0   2.26e-02
  0  0   2.26e-02
  0  0   2.26e-02
  0  0   2.26e-02
  0  0   2.25e-02
  0  0   2.24e-02
  0  0   2.23e-02
  0  0   2.22e-02
  0  0   2.19e-02
  0  0   2.14e-02
  0  0   2.08e-02
  0  0   1.99e-02
  0  0   1.86e-02
  0  0   1.71e-02
  2  5   6.34e-02
  0  0   6.34e-02
  0  0   6.34e-02
  0  0   6.34e-02
  0  0   6.34e-02
  0  0   6.34e-02
  0  0   6.34e-02
  0  0   6.34e-02
  0  0   6.34e-02
  0  0   6.33e-02
  0  0   6.33e-02
  0  0   6.33e-02
  0  0   6.33e-02
  0  0   6.32e-02
  0  0   6.31e-02
  0  0   6.29e-02
  0  0   6.26e-02
  0  0   6.22e-02
  0  0   6.17e-02
  0  0   6.08e-02
  0  0   5.97e-02
  0  0   5.84e-02
  0  0   5.71e-02
  2  6   5.88e-02
  0  0   5.88e-02
  0  0   5.88e-02
  0  0   5.88e-02
  0  0   5.88e-02
  0  0   5.88e-02
  0  0   5.88e-02
  0  0   5.89e-02
  0  0   5.89e-02
  0  0   5.89e-02
  0  0   5.89e-02
  0  0   5.90e-02
  0  0   5.90e-02
  0  0   5.91e-02
  0  0   5.93e-02
  0  0   5.95e-02
  0  0   5.96e-02
  0  0   5.97e-02
  0  0   5.95e-02
  0  0   5.87e-02
  0  0   5.69e-02
  0  0   5.45e-02
  0  0   5.20e-02
  2  7   8.00e-01
  0  0   8.00e-01
  0  0   8.00e-01
  0  0   8.00e-01
  0  0   8.00e-01
  0  0   8.00e-01
  0  0   8.00e-01
  0  0   8.00e-01
  0  0   8.01e-01
  0  0   8.01e-01
  0  0   8.02e-01
  0  0   8.04e-01
  0  0   8.06e-01
  0  0   8.09e-01
  0  0   8.14e-01
  0  0   8.21e-01
  0  0   8.32e-01
  0  0   8.47e-01
  0  0   8.67e-01
  0  0   8.93e-01
  0  0   9.24e-01
  0  0   9.61e-01
  0  0   1.01e+00
  2  8   1.67e-01
  0  0   1.67e-01
  0  0   1.67e-01
  0  0   1.67e-01
  0  0   1.67e-01
  0  0   1.67e-01
  0  0   1.67e-01
  0  0   1.67e-01
  0  0   1.67e-01
  0  0   1.67e-01
  0  0   1.68e-01
  0  0   1.68e-01
  0  0   1.68e-01
  0  0   1.68e-01
  0  0   1.69e-01
  0  0   1.70e-01
  0  0   1.71e-01
  0  0   1.73e-01
  0  0   1.76e-01
  0  0   1.79e-01
  0  0   1.84e-01
  0  0   1.90e-01
  0  0   1.97e-01
  2  9   1.10e+00
  0  0   1.10e+00
  0  0   1.10e+00
  0  0   1.10e+00
  0  0   1.10e+00
  0  0   1.10e+00
  0  0   1.10e+00
  0  0   1.10e+00
  0  0   1.10e+00
  0  0   1.11e+00
  0  0   1.11e+00
  0  0   1.11e+00
  0  0   1.11e+00
  0  0   1.11e+00
  0  0   1.12e+00
  0  0   1.12e+00
  0  0   1.13e+00
  0  0   1.15e+00
  0  0   1.17e+00
  0  0   1.20e+00
  0  0   1.24e+00
  0  0   1.29e+00
  0  0   1.35e+00
  2 10   3.30e+00
  0  0   3.30e+00
  0  0   3.30e+00
  0  0   3.30e+00
  0  0   3.30e+00
  0  0   3.30e+00
  0  0   3.30e+00
  0  0   3.30e+00
  0  0   3.30e+00
  0  0   3.30e+00
  0  0   3.31e+00
  0  0   3.31e+00
  0  0   3.31e+00
  0  0   3.32e+00
  0  0   3.34e+00
  0  0   3.36e+00
  0  0   3.39e+00
  0  0   3.43e+00
  0  0   3.49e+00
  0  0   3.58e+00
  0  0   3.70e+00
  0  0   3.85e+00
  0  0   4.04e+00
  2 11   5.11e-01
  0  0   5.11e-01
  0  0   5.11e-01
  0  0   5.11e-01
  0  0   5.11e-01
  0  0   5.11e-01
  0  0   5.11e-01
  0  0   5.11e-01
  0  0   5.11e-01
  0  0   5.11e-01
  0  0   5.11e-01
  0  0   5.12e-01
  0  0   5.12e-01
  0  0   5.13e-01
  0  0   5.14e-01
  0  0   5.16e-01
  0  0   5.19e-01
  0  0   5.24e-01
  0  0   5.31e-01
  0  0   5.41e-01
  0  0   5.56e-01
  0  0   5.76e-01
  0  0   6.02e-01
  2 12   3.16e+00
  0  0   3.16e+00
  0  0   3.16e+00
  0  0   3.16e+00
  0  0   3.16e+00
  0  0   3.16e+00
  0  0   3.16e+00
  0  0   3.16e+00
  0  0   3.16e+00
  0  0   3.16e+00
  0  0   3.17e+00
  0  0   3.17e+00
  0  0   3.17e+00
  0  0   3.18e+00
  0  0   3.19e+00
  0  0   3.20e+00
  0  0   3.22e+00
  0  0   3.26e+00
  0  0   3.31e+00
  0  0   3.38e+00
  0  0   3.49e+00
  0  0   3.63e+00
  0  0   3.82e+00
  3  4   7.28e-02
  0  0   7.28e-02
  0  0   7.28e-02
  0  0   7.28e-02
  0  0   7.28e-02
  0  0   7.28e-02
  0  0   7.28e-02
  0  0   7.28e-02
  0  0   7.27e-02
  0  0   7.27e-02
  0  0   7.27e-02
  0  0   7.26e-02
  0  0   7.25e-02
  0  0   7.23e-02
  0  0   7.20e-02
  0  0   7.15e-02
  0  0   7.07e-02
  0  0   6.96e-02
  0  0   6.78e-02
  0  0   6.51e-02
  0  0   6.12e-02
  0  0   5.60e-02
  0  0   4.98e-02
  3  5   1.63e-01
  0  0   1.63e-01
  0  0   1.63e-01
  0  0   1.63e-01
  0  0   1.63e-01
  0  0   1.63e-01
  0  0   1.63e-01
  0  0   1.63e-01
  0  0   1.63e-01
  0  0   1.63e-01
  0  0   1.63e-01
  0  0   1.63e-01
  0  0   1.63e-01
  0  0   1.63e-01
  0  0   1.63e-01
  0  0   1.62e-01
  0  0   1.62e-01
  0  0   1.61e-01
  0  0   1.60e-01
  0  0   1.59e-01
  0  0   1.57e-01
  0  0   1.54e-01
  0  0   1.51e-01
  3  6   1.90e-02
  0  0   1.90e-02
  0  0   1.90e-02
  0  0   1.90e-02
  0  0   1.90e-02
  0  0   1.90e-02
  0  0   1.90e-02
  0  0   1.90e-02
  0  0   1.90e-02
  0  0   1.90e-02
  0  0   1.90e-02
  0  0   1.90e-02
  0  0   1.89e-02
  0  0   1.89e-02
  0  0   1.88e-02
  0  0   1.86e-02
  0  0   1.84e-02
  0  0   1.80e-02
  0  0   1.74e-02
  0  0   1.66e-02
  0  0   1.54e-02
  0  0   1.39e-02
  0  0   1.21e-02
  3  7   7.45e-03
  0  0   7.45e-03
  0  0   7.45e-03
  0  0   7.45e-03
  0  0   7.45e-03
  0  0   7.45e-03
  0  0   7.45e-03
  0  0   7.45e-03
  0  0   7.45e-03
  0  0   7.44e-03
  0  0   7.43e-03
  0  0   7.42e-03
  0  0   7.40e-03
  0  0   7.38e-03
  0  0   7.33e-03
  0  0   7.26e-03
  0  0   7.15e-03
  0  0   6.98e-03
  0  0   6.72e-03
  0  0   6.35e-03
  0  0   5.84e-03
  0  0   5.20e-03
  0  0   4.48e-03
  3  8   3.50e-03
  0  0   3.50e-03
  0  0   3.50e-03
  0  0   3.50e-03
  0  0   3.50e-03
  0  0   3.49e-03
  0  0   3.49e-03
  0  0   3.49e-03
  0  0   3.49e-03
  0  0   3.49e-03
  0  0   3.48e-03
  0  0   3.48e-03
  0  0   3.47e-03
  0  0   3.45e-03
  0  0   3.42e-03
  0  0   3.38e-03
  0  0   3.32e-03
  0  0   3.22e-03
  0  0   3.07e-03
  0  0   2.87e-03
  0  0   2.60e-03
  0  0   2.27e-03
  0  0   1.90e-03
  3  9   6.05e-04
  0  0   6.05e-04
  0  0   6.05e-04
  0  0   6.05e-04
  0  0   6.04e-04
  0  0   6.04e-04
  0  0   6.04e-04
  0  0   6.04e-04
  0  0   6.04e-04
  0  0   6.03e-04
  0  0   6.03e-04
  0  0   6.02e-04
  0  0   6.00e-04
  0  0   5.97e-04
  0  0   5.93e-04
  0  0   5.86e-04
  0  0   5.76e-04
  0  0   5.60e-04
  0  0   5.36e-04
  0  0   5.02e-04
  0  0   4.56e-04
  0  0   4.00e-04
  0  0   3.38e-04
  3 10   2.39e-03
  0  0   2.39e-03
  0  0   2.39e-03
  0  0   2.39e-03
  0  0   2.39e-03
  0  0   2.39e-03
  0  0   2.39e-03
  0  0   2.39e-03
  0  0   2.38e-03
  0  0   2.38e-03
  0  0   2.38e-03
  0  0   2.38e-03
  0  0   2.37e-03
  0  0   2.36e-03
  0  0   2.35e-03
  0  0   2.33e-03
  0  0   2.29e-03
  0  0   2.24e-03
  0  0   2.16e-03
  0  0   2.04e-03
  0  0   1.88e-03
  0  0   1.68e-03
  0  0   1.45e-03
  3 11   2.35e-03
  0  0   2.35e-03
  0  0   2.35e-03
  0  0   2.35e-03
  0  0   2.35e-03
  0  0   2.35e-03
  0  0   2.35e-03
  0  0   2.35e-03
  0  0   2.35e-03
  0  0   2.35e-03
  0  0   2.34e-03
  0  0   2.34e-03
  0  0   2.34e-03
  0  0   2.33e-03
  0  0   2.32e-03
  0  0   2.30e-03
  0  0   2.27e-03
  0  0   2.23e-03
  0  0   2.16e-03
  0  0   2.05e-03
  0  0   1.91e-03
  0  0   1.72e-03
  0  0   1.49e-03
  3 12   1.66e-03
  0  0   1.66e-03
  0  0   1.66e-03
  0  0   1.66e-03
  0  0   1.66e-03
  0  0   1.66e-03
  0  0   1.66e-03
  0  0   1.66e-03
  0  0   1.66e-03
  0  0   1.65e-03
  0  0   1.65e-03
  0  0   1.65e-03
  0  0   1.65e-03
  0  0   1.64e-03
  0  0   1.63e-03
  0  0   1.62e-03
  0  0   1.60e-03
  0  0   1.57e-03
  0  0   1.52e-03
  0  0   1.45e-03
  0  0   1.35e-03
  0  0   1.22e-03
  0  0   1.07e-03
  4  5   2.78e-01
  0  0   2.78e-01
  0  0   2.78e-01
  0  0   2.78e-01
  0  0   2.78e-01
  0  0   2.78e-01
  0  0   2.78e-01
  0  0   2.78e-01
  0  0   2.78e-01
  0  0   2.78e-01
  0  0   2.78e-01
  0  0   2.78e-01
  0  0   2.78e-01
  0  0   2.77e-01
  0  0   2.77e-01
  0  0   2.76e-01
  0  0   2.74e-01
  0  0   2.71e-01
  0  0   2.68e-01
  0  0   2.62e-01
  0  0   2.54e-01
  0  0   2.45e-01
  0  0   2.35e-01
  4  6   2.48e-02
  0  0   2.48e-02
  0  0   2.48e-02
  0  0   2.48e-02
  0  0   2.48e-02
  0  0   2.48e-02
  0  0   2.48e-02
  0  0   2.48e-02
  0  0   2.48e-02
  0  0   2.47e-02
  0  0   2.47e-02
  0  0   2.47e-02
  0  0   2.46e-02
  0  0   2.45e-02
  0  0   2.44e-02
  0  0   2.41e-02
  0  0   2.38e-02
  0  0   2.32e-02
  0  0   2.23e-02
  0  0   2.11e-02
  0  0   1.94e-02
  0  0   1.72e-02
  0  0   1.48e-02
  4  7   3.52e-02
  0  0   3.52e-02
  0  0   3.52e-02
  0  0   3.52e-02
  0  0   3.52e-02
  0  0   3.52e-02
  0  0   3.51e-02
  0  0   3.51e-02
  0  0   3.51e-02
  0  0   3.51e-02
  0  0   3.51e-02
  0  0   3.50e-02
  0  0   3.50e-02
  0  0   3.49e-02
  0  0   3.47e-02
  0  0   3.45e-02
  0  0   3.40e-02
  0  0   3.34e-02
  0  0   3.25e-02
  0  0   3.11e-02
  0  0   2.91e-02
  0  0   2.66e-02
  0  0   2.37e-02
  4  8   6.25e-03
  0  0   6.25e-03
  0  0   6.25e-03
  0  0   6.25e-03
  0  0   6.25e-03
  0  0   6.25e-03
  0  0   6.25e-03
  0  0   6.25e-03
  0  0   6.24e-03
  0  0   6.24e-03
  0  0   6.23e-03
  0  0   6.22e-03
  0  0   6.20e-03
  0  0   6.17e-03
  0  0   6.13e-03
  0  0   6.05e-03
  0  0   5.94e-03
  0  0   5.78e-03
  0  0   5.52e-03
  0  0   5.16e-03
  0  0   4.67e-03
  0  0   4.08e-03
  0  0   3.44e-03
  4  9   2.94e-03
  0  0   2.94e-03
  0  0   2.94e-03
  0  0   2.94e-03
  0  0   2.94e-03
  0  0   2.94e-03
  0  0   2.94e-03
  0  0   2.94e-03
  0  0   2.94e-03
  0  0   2.94e-03
  0  0   2.93e-03
  0  0   2.93e-03
  0  0   2.92e-03
  0  0   2.91e-03
  0  0   2.89e-03
  0  0   2.86e-03
  0  0   2.81e-03
  0  0   2.73e-03
  0  0   2.63e-03
  0  0   2.47e-03
  0  0   2.26e-03
  0  0   2.01e-03
  0  0   1.74e-03
  4 10   5.73e-03
  0  0   5.73e-03
  0  0   5.73e-03
  0  0   5.73e-03
  0  0   5.73e-03
  0  0   5.73e-03
  0  0   5.72e-03
  0  0   5.72e-03
  0  0   5.72e-03
  0  0   5.72e-03
  0  0   5.71e-03
  0  0   5.70e-03
  0  0   5.69e-03
  0  0   5.66e-03
  0  0   5.63e-03
  0  0   5.57e-03
  0  0   5.48e-03
  0  0   5.35e-03
  0  0   5.15e-03
  0  0   4.86e-03
  0  0   4.47e-03
  0  0   3.98e-03
  0  0   3.44e-03
  4 11   3.42e-03
  0  0   3.42e-03
  0  0   3.42e-03
  0  0   3.42e-03
  0  0   3.42e-03
  0  0   3.42e-03
  0  0   3.42e-03
  0  0   3.42e-03
  0  0   3.41e-03
  0  0   3.41e-03
  0  0   3.41e-03
  0  0   3.40e-03
  0  0   3.39e-03
  0  0   3.38e-03
  0  0   3.36e-03
  0  0   3.32e-03
  0  0   3.27e-03
  0  0   3.18e-03
  0  0   3.06e-03
  0  0   2.87e-03
  0  0   2.63e-03
  0  0   2.33e-03
  0  0   1.99e-03
  4 12   3.94e-03
  0  0   3.94e-03
  0  0   3.94e-03
  0  0   3.94e-03
  0  0   3.94e-03
  0  0   3.94e-03
  0  0   3.94e-03
  0  0   3.94e-03
  0  0   3.94e-03
  0  0   3.94e-03
  0  0   3.93e-03
  0  0   3.93e-03
  0  0   3.91e-03
  0  0   3.90e-03
  0  0   3.87e-03
  0  0   3.83e-03
  0  0   3.76e-03
  0  0   3.66e-03
  0  0   3.50e-03
  0  0   3.29e-03
  0  0   2.99e-03
  0  0   2.64e-03
  0  0   2.27e-03
  5  6   2.73e-02
  0  0   2.73e-02
  0  0   2.73e-02
  0  0   2.73e-02
  0  0   2.73e-02
  0  0   2.73e-02
  0  0   2.73e-02
  0  0   2.73e-02
  0  0   2.73e-02
  0  0   2.73e-02
  0  0   2.72e-02
  0  0   2.72e-02
  0  0   2.71e-02
  0  0   2.71e-02
  0  0   2.69e-02
  0  0   2.67e-02
  0  0   2.64e-02
  0  0   2.59e-02
  0  0   2.51e-02
  0  0   2.39e-02
  0  0   2.23e-02
  0  0   2.03e-02
  0  0   1.80e-02
  5  7   8.86e-02
  0  0   8.86e-02
  0  0   8.86e-02
  0  0   8.86e-02
  0  0   8.86e-02
  0  0   8.86e-02
  0  0   8.86e-02
  0  0   8.85e-02
  0  0   8.85e-02
  0  0   8.85e-02
  0  0   8.84e-02
  0  0   8.83e-02
  0  0   8.82e-02
  0  0   8.79e-02
  0  0   8.76e-02
  0  0   8.70e-02
  0  0   8.60e-02
  0  0   8.46e-02
  0  0   8.25e-02
  0  0   7.93e-02
  0  0   7.48e-02
  0  0   6.90e-02
  0  0   6.24e-02
  5  8   9.90e-03
  0  0   9.90e-03
  0  0   9.90e-03
  0  0   9.90e-03
  0  0   9.90e-03
  0  0   9.90e-03
  0  0   9.90e-03
  0  0   9.90e-03
  0  0   9.89e-03
  0  0   9.89e-03
  0  0   9.88e-03
  0  0   9.87e-03
  0  0   9.84e-03
  0  0   9.81e-03
  0  0   9.76e-03
  0  0   9.67e-03
  0  0   9.54e-03
  0  0   9.34e-03
  0  0   9.03e-03
  0  0   8.58e-03
  0  0   7.94e-03
  0  0   7.10e-03
  0  0   6.15e-03
  5  9   8.87e-03
  0  0   8.87e-03
  0  0   8.87e-03
  0  0   8.87e-03
  0  0   8.87e-03
  0  0   8.87e-03
  0  0   8.87e-03
  0  0   8.87e-03
  0  0   8.86e-03
  0  0   8.86e-03
  0  0   8.85e-03
  0  0   8.84e-03
  0  0   8.82e-03
  0  0   8.78e-03
  0  0   8.73e-03
  0  0   8.65e-03
  0  0   8.52e-03
  0  0   8.32e-03
  0  0   8.02e-03
  0  0   7.58e-03
  0  0   6.98e-03
  0  0   6.23e-03
  0  0   5.40e-03
  5 10   7.48e-03
  0  0   7.48e-03
  0  0   7.48e-03
  0  0   7.48e-03
  0  0   7.48e-03
  0  0   7.48e-03
  0  0   7.48e-03
  0  0   7.48e-03
  0  0   7.47e-03
  0  0   7.47e-03
  0  0   7.46e-03
  0  0   7.45e-03
  0  0   7.42e-03
  0  0   7.39e-03
  0  0   7.34e-03
  0  0   7.26e-03
  0  0   7.14e-03
  0  0   6.95e-03
  0  0   6.67e-03
  0  0   6.26e-03
  0  0   5.71e-03
  0  0   5.04e-03
  0  0   4.32e-03
  5 11   4.58e-03
  0  0   4.58e-03
  0  0   4.58e-03
  0  0   4.58e-03
  0  0   4.58e-03
  0  0   4.58e-03
  0  0   4.58e-03
  0  0   4.58e-03
  0  0   4.58e-03
  0  0   4.58e-03
  0  0   4.57e-03
  0  0   4.56e-03
  0  0   4.55e-03
  0  0   4.53e-03
  0  0   4.50e-03
  0  0   4.46e-03
  0  0   4.39e-03
  0  0   4.28e-03
  0  0   4.12e-03
  0  0   3.88e-03
  0  0   3.56e-03
  0  0   3.16e-03
  0  0   2.72e-03
  5 12   8.11e-03
  0  0   8.11e-03
  0  0   8.11e-03
  0  0   8.11e-03
  0  0   8.10e-03
  0  0   8.10e-03
  0  0   8.10e-03
  0  0   8.10e-03
  0  0   8.10e-03
  0  0   8.09e-03
  0  0   8.09e-03
  0  0   8.07e-03
  0  0   8.05e-03
  0  0   8.02e-03
  0  0   7.98e-03
  0  0   7.90e-03
  0  0   7.78e-03
  0  0   7.60e-03
  0  0   7.33e-03
  0  0   6.94e-03
  0  0   6.39e-03
  0  0   5.70e-03
  0  0   4.94e-03
  6  7   1.60e-01
  0  0   1.60e-01
  0  0   1.60e-01
  0  0   1.60e-01
  0  0   1.60e-01
  0  0   1.60e-01
  0  0   1.60e-01
  0  0   1.60e-01
  0  0   1.60e-01
  0  0   1.60e-01
  0  0   1.60e-01
  0  0   1.60e-01
  0  0   1.60e-01
  0  0   1.60e-01
  0  0   1.59e-01
  0  0   1.59e-01
  0  0   1.58e-01
  0  0   1.57e-01
  0  0   1.55e-01
  0  0   1.52e-01
  0  0   1.49e-01
  0  0   1.44e-01
  0  0   1.38e-01
  6  8   1.98e-01
  0  0   1.98e-01
  0  0   1.98e-01
  0  0   1.98e-01
  0  0   1.98e-01
  0  0   1.98e-01
  0  0   1.98e-01
  0  0   1.98e-01
  0  0   1.98e-01
  0  0   1.98e-01
  0  0   1.98e-01
  0  0   1.98e-01
  0  0   1.98e-01
  0  0   1.98e-01
  0  0   1.98e-01
  0  0   1.98e-01
  0  0   1.98e-01
  0  0   1.97e-01
  0  0   1.97e-01
  0  0   1.96e-01
  0  0   1.95e-01
  0  0   1.93e-01
  0  0   1.92e-01
  6  9   2.94e-02
  0  0   2.94e-02
  0  0   2.94e-02
  0  0   2.94e-02
  0  0   2.94e-02
  0  0   2.94e-02
  0  0   2.94e-02
  0  0   2.94e-02
  0  0   2.94e-02
  0  0   2.94e-02
  0  0   2.93e-02
  0  0   2.93e-02
  0  0   2.93e-02
  0  0   2.93e-02
  0  0   2.92e-02
  0  0   2.91e-02
  0  0   2.90e-02
  0  0   2.88e-02
  0  0   2.85e-02
  0  0   2.81e-02
  0  0   2.75e-02
  0  0   2.66e-02
  0  0   2.57e-02
  6 10   2.93e-02
  0  0   2.93e-02
  0  0   2.93e-02
  0  0   2.93e-02
  0  0   2.93e-02
  0  0   2.93e-02
  0  0   2.93e-02
  0  0   2.93e-02
  0  0   2.93e-02
  0  0   2.93e-02
  0  0   2.92e-02
  0  0   2.92e-02
  0  0   2.92e-02
  0  0   2.91e-02
  0  0   2.89e-02
  0  0   2.87e-02
  0  0   2.84e-02
  0  0   2.78e-02
  0  0   2.70e-02
  0  0   2.58e-02
  0  0   2.41e-02
  0  0   2.19e-02
  0  0   1.93e-02
  6 11   2.04e-02
  0  0   2.04e-02
  0  0   2.04e-02
  0  0   2.04e-02
  0  0   2.04e-02
  0  0   2.04e-02
  0  0   2.04e-02
  0  0   2.04e-02
  0  0   2.04e-02
  0  0   2.04e-02
  0  0   2.04e-02
  0  0   2.04e-02
  0  0   2.04e-02
  0  0   2.03e-02
  0  0   2.02e-02
  0  0   2.01e-02
  0  0   1.99e-02
  0  0   1.96e-02
  0  0   1.92e-02
  0  0   1.85e-02
  0  0   1.75e-02
  0  0   1.62e-02
  0  0   1.47e-02
  6 12   2.01e-02
  0  0   2.01e-02
  0  0   2.01e-02
  0  0   2.01e-02
  0  0   2.01e-02
  0  0   2.01e-02
  0  0   2.01e-02
  0  0   2.01e-02
  0  0   2.01e-02
  0  0   2.01e-02
  0  0   2.01e-02
  0  0   2.01e-02
  0  0   2.00e-02
  0  0   1.99e-02
  0  0   1.98e-02
  0  0   1.96e-02
  0  0   1.94e-02
  0  0   1.89e-02
  0  0   1.83e-02
  0  0   1.73e-02
  0  0   1.59e-02
  0  0   1.42e-02
  0  0   1.22e-02
  7  8   2.83e-01
  0  0   2.83e-01
  0  0   2.83e-01
  0  0   2.83e-01
  0  0   2.83e-01
  0  0   2.83e-01
  0  0   2.83e-01
  0  0   2.83e-01
  0  0   2.83e-01
  0  0   2.83e-01
  0  0   2.83e-01
  0  0   2.83e-01
  0  0   2.83e-01
  0  0   2.83e-01
  0  0   2.83e-01
  0  0   2.83e-01
  0  0   2.82e-01
  0  0   2.82e-01
  0  0   2.81e-01
  0  0   2.80e-01
  0  0   2.78e-01
  0  0   2.76e-01
  0  0   2.73e-01
  7  9   6.33e-02
  0  0   6.33e-02
  0  0   6.33e-02
  0  0   6.33e-02
  0  0   6.33e-02
  0  0   6.33e-02
  0  0   6.33e-02
  0  0   6.33e-02
  0  0   6.33e-02
  0  0   6.33e-02
  0  0   6.33e-02
  0  0   6.33e-02
  0  0   6.32e-02
  0  0   6.31e-02
  0  0   6.30e-02
  0  0   6.28e-02
  0  0   6.25e-02
  0  0   6.20e-02
  0  0   6.12e-02
  0  0   6.02e-02
  0  0   5.88e-02
  0  0   5.70e-02
  0  0   5.50e-02
  7 10   3.33e-02
  0  0   3.33e-02
  0  0   3.33e-02
  0  0   3.33e-02
  0  0   3.33e-02
  0  0   3.33e-02
  0  0   3.33e-02
  0  0   3.32e-02
  0  0   3.32e-02
  0  0   3.32e-02
  0  0   3.32e-02
  0  0   3.31e-02
  0  0   3.30e-02
  0  0   3.29e-02
  0  0   3.27e-02
  0  0   3.24e-02
  0  0   3.19e-02
  0  0   3.11e-02
  0  0   2.99e-02
  0  0   2.83e-02
  0  0   2.60e-02
  0  0   2.31e-02
  0  0   1.99e-02
  7 11   1.87e-02
  0  0   1.87e-02
  0  0   1.87e-02
  0  0   1.87e-02
  0  0   1.87e-02
  0  0   1.87e-02
  0  0   1.87e-02
  0  0   1.87e-02
  0  0   1.87e-02
  0  0   1.87e-02
  0  0   1.87e-02
  0  0   1.87e-02
  0  0   1.86e-02
  0  0   1.86e-02
  0  0   1.85e-02
  0  0   1.83e-02
  0  0   1.81e-02
  0  0   1.77e-02
  0  0   1.71e-02
  0  0   1.62e-02
  0  0   1.49e-02
  0  0   1.33e-02
  0  0   1.14e-02
  7 12   4.04e-02
  0  0   4.04e-02
  0  0   4.04e-02
  0  0   4.04e-02
  0  0   4.04e-02
  0  0   4.04e-02
  0  0   4.04e-02
  0  0   4.04e-02
  0  0   4.04e-02
  0  0   4.04e-02
  0  0   4.03e-02
  0  0   4.03e-02
  0  0   4.02e-02
  0  0   4.01e-02
  0  0   3.99e-02
  0  0   3.95e-02
  0  0   3.90e-02
  0  0   3.83e-02
  0  0   3.72e-02
  0  0   3.55e-02
  0  0   3.33e-02
  0  0   3.04e-02
  0  0   2.73e-02
  8  9   9.94e-03
  0  0   9.94e-03
  0  0   9.94e-03
  0  0   9.94e-03
  0  0   9.94e-03
  0  0   9.94e-03
  0  0   9.94e-03
  0  0   9.93e-03
  0  0   9.93e-03
  0  0   9.92e-03
  0  0   9.91e-03
  0  0   9.89e-03
  0  0   9.87e-03
  0  0   9.82e-03
  0  0   9.75e-03
  0  0   9.64e-03
  0  0   9.47e-03
  0  0   9.21e-03
  0  0   8.82e-03
  0  0   8.26e-03
  0  0   7.50e-03
  0  0   6.57e-03
  0  0   5.58e-03
  8 10   2.69e-02
  0  0   2.69e-02
  0  0   2.69e-02
  0  0   2.69e-02
  0  0   2.69e-02
  0  0   2.69e-02
  0  0   2.69e-02
  0  0   2.69e-02
  0  0   2.69e-02
  0  0   2.69e-02
  0  0   2.69e-02
  0  0   2.69e-02
  0  0   2.68e-02
  0  0   2.68e-02
  0  0   2.67e-02
  0  0   2.65e-02
  0  0   2.63e-02
  0  0   2.59e-02
  0  0   2.54e-02
  0  0   2.47e-02
  0  0   2.37e-02
  0  0   2.24e-02
  0  0   2.10e-02
  8 11   2.39e-02
  0  0   2.39e-02
  0  0   2.39e-02
  0  0   2.39e-02
  0  0   2.39e-02
  0  0   2.39e-02
  0  0   2.39e-02
  0  0   2.39e-02
  0  0   2.39e-02
  0  0   2.39e-02
  0  0   2.39e-02
  0  0   2.39e-02
  0  0   2.39e-02
  0  0   2.39e-02
  0  0   2.39e-02
  0  0   2.39e-02
  0  0   2.38e-02
  0  0   2.38e-02
  0  0   2.37e-02
  0  0   2.36e-02
  0  0   2.34e-02
  0  0   2.32e-02
  0  0   2.30e-02
  8 12   3.66e-02
  0  0   3.66e-02
  0  0   3.66e-02
  0  0   3.66e-02
  0  0   3.66e-02
  0  0   3.66e-02
  0  0   3.66e-02
  0  0   3.66e-02
  0  0   3.66e-02
  0  0   3.66e-02
  0  0   3.66e-02
  0  0   3.66e-02
  0  0   3.66e-02
  0  0   3.66e-02
  0  0   3.66e-02
  0  0   3.66e-02
  0  0   3.65e-02
  0  0   3.65e-02
  0  0   3.64e-02
  0  0   3.64e-02
  0  0   3.62e-02
  0  0   3.61e-02
  0  0   3.59e-02
  9 10   1.82e-01
  0  0   1.82e-01
  0  0   1.82e-01
  0  0   1.82e-01
  0  0   1.82e-01
  0  0   1.82e-01
  0  0   1.82e-01
  0  0   1.82e-01
  0  0   1.82e-01
  0  0   1.82e-01
  0  0   1.82e-01
  0  0   1.82e-01
  0  0   1.82e-01
  0  0   1.81e-01
  0  0   1.81e-01
  0  0   1.81e-01
  0  0   1.80e-01
  0  0   1.78e-01
  0  0   1.77e-01
  0  0   1.74e-01
  0  0   1.70e-01
  0  0   1.65e-01
  0  0   1.60e-01
  9 11   7.81e-03
  0  0   7.81e-03
  0  0   7.81e-03
  0  0   7.81e-03
  0  0   7.81e-03
  0  0   7.81e-03
  0  0   7.81e-03
  0  0   7.81e-03
  0  0   7.81e-03
  0  0   7.81e-03
  0  0   7.81e-03
  0  0   7.81e-03
  0  0   7.81e-03
  0  0   7.80e-03
  0  0   7.80e-03
  0  0   7.79e-03
  0  0   7.78e-03
  0  0   7.76e-03
  0  0   7.73e-03
  0  0   7.69e-03
  0  0   7.64e-03
  0  0   7.56e-03
  0  0   7.47e-03
  9 12   8.96e-03
  0  0   8.96e-03
  0  0   8.96e-03
  0  0   8.96e-03
  0  0   8.96e-03
  0  0   8.96e-03
  0  0   8.95e-03
  0  0   8.95e-03
  0  0   8.95e-03
  0  0   8.95e-03
  0  0   8.95e-03
  0  0   8.94e-03
  0  0   8.93e-03
  0  0   8.92e-03
  0  0   8.90e-03
  0  0   8.87e-03
  0  0   8.83e-03
  0  0   8.75e-03
  0  0   8.64e-03
  0  0   8.49e-03
  0  0   8.27e-03
  0  0   7.99e-03
  0  0   7.68e-03
 10 11   6.98e-03
  0  0   6.98e-03
  0  0   6.98e-03
  0  0   6.98e-03
  0  0   6.98e-03
  0  0   6.98e-03
  0  0   6.98e-03
  0  0   6.97e-03
  0  0   6.97e-03
  0  0   6.97e-03
  0  0   6.96e-03
  0  0   6.95e-03
  0  0   6.94e-03
  0  0   6.91e-03
  0  0   6.87e-03
  0  0   6.81e-03
  0  0   6.72e-03
  0  0   6.58e-03
  0  0   6.36e-03
  0  0   6.04e-03
  0  0   5.60e-03
  0  0   5.03e-03
  0  0   4.42e-03
 10 12   5.05e-03
  0  0   5.05e-03
  0  0   5.05e-03
  0  0   5.05e-03
  0  0   5.05e-03
  0  0   5.05e-03
  0  0   5.05e-03
  0  0   5.05e-03
  0  0   5.05e-03
  0  0   5.04e-03
  0  0   5.04e-03
  0  0   5.03e-03
  0  0   5.02e-03
  0  0   5.00e-03
  0  0   4.97e-03
  0  0   4.91e-03
  0  0   4.84e-03
  0  0   4.72e-03
  0  0   4.54e-03
  0  0   4.28e-03
  0  0   3.93e-03
  0  0   3.48e-03
  0  0   2.99e-03
 11 12   2.69e-01
  0  0   2.69e-01
  0  0   2.69e-01
  0  0   2.69e-01
  0  0   2.69e-01
  0  0   2.69e-01
  0  0   2.69e-01
  0  0   2.69e-01
  0  0   2.69e-01
  0  0   2.69e-01
  0  0   2.69e-01
  0  0   2.69e-01
  0  0   2.68e-01
  0  0   2.67e-01
  0  0   2.66e-01
  0  0   2.63e-01
  0  0   2.60e-01
  0  0   2.55e-01
  0  0   2.47e-01
  0  0   2.35e-01
  0  0   2.19e-01
  0  0   1.99e-01
  0  0   1.76e-01
 0 0 0
  1  2   1.508e+02
  1  3   4.358e+07
  1  4   9.348e+05
  1  5   0.000e+00
  1  6   3.426e+09
  1  7   0.000e+00
  1  8   2.220e+10
  1  9   2.520e+10
  1 10   1.256e+10
  1 11   4.869e+10
  1 12   0.000e+00
  2  3   1.630e+07
  2  4   8.902e+06
  2  5   6.250e+07
  2  6   1.004e+08
  2  7   2.709e+09
  2  8   3.112e+09
  2  9   3.035e+10
  2 10   5.016e+10
  2 11   1.201e+10
  2 12   5.473e+10
  3  4   2.750e+01
  3  5   0.000e+00
  3  6   0.000e+00
  3  7   0.000e+00
  3  8   0.000e+00
  3  9   0.000e+00
  3 10   0.000e+00
  3 11   0.000e+00
  3 12   0.000e+00
  4  5   0.000e+00
  4  6   0.000e+00
  4  7   0.000e+00
  4  8   0.000e+00
  4  9   0.000e+00
  4 10   0.000e+00
  4 11   0.000e+00
  4 12   0.000e+00
  5  6   0.000e+00
  5  7   0.000e+00
  5  8   0.000e+00
  5  9   0.000e+00
  5 10   0.000e+00
  5 11   0.000e+00
  5 12   0.000e+00
  6  7   0.000e+00
  6  8   0.000e+00
  6  9   0.000e+00
  6 10   0.000e+00
  6 11   0.000e+00
  6 12   0.000e+00
  7  8   0.000e+00
  7  9   0.000e+00
  7 10   0.000e+00
  7 11   0.000e+00
  7 12   0.000e+00
  8  9   0.000e+00
  8 10   0.000e+00
  8 11   0.000e+00
  8 12   0.000e+00
  9 10   0.000e+00
  9 11   0.000e+00
  9 12   0.000e+00
 10 11   0.000e+00
 10 12   0.000e+00
 11 12   0.000e+00
  1  2        0.0
  2  4    27770.0
  3  2   261312.0
  4  4   272064.0
  5  6   285228.0
  6  4   347023.0
  7  6   351210.0
  8  2   417450.0
  9  2   448170.0
 10  4   457910.0
 11  4   539870.0
 12  6   543170.0
