 28
** Atomic data from version 6 of the CHIANTI database **
%observed energy levels (1-5,9,10): Edlen, B. 1983, Physica Scripta, 28, 51
%observed energy levels (6-8): Edlen, B., 1985, Physica Scripta, 32, 86
%observed energy levels (n=3): Boiko, V.A., Pikuz, S.A., Safronova, U.I., & Faenov, A.Ya. 1977, J.Phys.B, 10, 1253 and Edlen, B. 1983, Physica Scripta, 28, 51
%observed energy levels (14,16,22,32,41): Boiko, V.A., Pikuz, S.A., Safronova, U.I., & Faenov, A.Ya. 1977, J.Phys.B, 10, 1253 and Edlen, B., 1985, Physica Scripta, 32, 86
%Theoretical energy levels: 27-conf model from Landi & Bhatia 2009, ADNDT, in press
% produced as part of the Arcetri/Cambridge/NRL 'CHIANTI' atomic data base collaboration
%  
% E. Landi - April 2008
%filename: ni_25.wgfa
%observed energy levels (1-5,9,10): Edlen, B. 1983, Physica Scripta, 28, 51
%observed energy levels (6-8): Edlen, B., 1985, Physica Scripta, 32, 86
%observed energy levels (n=3): Boiko, V.A., Pikuz, S.A., Safronova, U.I., & Faenov, A.Ya. 1977, J.Phys.B, 10, 1253 and Edlen, B. 1983, Physica Scripta, 28, 51
%observed energy levels (14,16,22,32,41): Boiko, V.A., Pikuz, S.A., Safronova, U.I., & Faenov, A.Ya. 1977, J.Phys.B, 10, 1253 and Edlen, B., 1985, Physica Scripta, 32, 86
%Theoretical energy levels: 27-conf model from Landi & Bhatia 2008, ADNDT, in press
%A values and oscillator strengths: 27-conf model from Landi & Bhatia 2008, ADNDT, in press
% produced as part of the Arcetri/Cambridge/NRL 'CHIANTI' atomic data base collaboration
%
%  E. Landi - April 2008

%filename: ni_25.splups
%oscillator strengths: Landi & Bhatia 2009, ADNDT, in press
%effective collision strengths (n=2, 1-13,15, 3-18, 5-12,20): Chidichimo, M.C., Badnell, N.R., & Tully, J.A. 2003, A&A, 401, 1177
%collision strengths n=3 transitions: Landi & Bhatia 2009, ADNDT, in press
%Comment: effective collision strengths were provided in the 6.3 < Log T  < 8.3 temperature range.
%produced as part of the Arcetri/Cambridge/NRL 'CHIANTI' atomic data base collaboration
%
%  Enrico Landi - March 2009
10 23
  1  2s2 1S0
  2  2s.2p 3P0
  3  2s.2p 3P1
  4  2s.2p 3P2
  5  2s.2p 1P1
  6  2p2 3P0
  7  2p2 3P1
  8  2p2 3P2
  9  2p2 1D2
 10  2p2 1S0
     100.0
     158.5
     251.2
     398.1
     631.0
    1000.0
    1584.9
    2511.9
    3981.1
    6309.6
   10000.0
   15848.9
   25118.9
   39810.7
   63095.8
  100000.0
  158489.2
  251188.7
  398107.1
  630957.6
 1000000.0
 1584892.5
 2511887.0
0
  1  2   9.94e-04
  0  0   9.94e-04
  0  0   9.94e-04
  0  0   9.94e-04
  0  0   9.94e-04
  0  0   9.94e-04
  0  0   9.95e-04
  0  0   9.95e-04
  0  0   9.96e-04
  0  0   9.97e-04
  0  0   1.00e-03
  0  0   1.00e-03
  0  0   1.01e-03
  0  0   1.02e-03
  0  0   1.03e-03
  0  0   1.05e-03
  0  0   1.08e-03
  0  0   1.14e-03
  0  0   1.22e-03
  0  0   1.34e-03
  0  0   1.51e-03
  0  0   1.72e-03
  0  0   1.94e-03
  1  3   1.47e-02
  0  0   1.47e-02
  0  0   1.47e-02
  0  0   1.47e-02
  0  0   1.47e-02
  0  0   1.47e-02
  0  0   1.47e-02
  0  0   1.47e-02
  0  0   1.47e-02
  0  0   1.47e-02
  0  0   1.47e-02
  0  0   1.47e-02
  0  0   1.47e-02
  0  0   1.47e-02
  0  0   1.48e-02
  0  0   1.48e-02
  0  0   1.49e-02
  0  0   1.49e-02
  0  0   1.51e-02
  0  0   1.53e-02
  0  0   1.56e-02
  0  0   1.61e-02
  0  0   1.66e-02
  1  4   1.01e-02
  0  0   1.01e-02
  0  0   1.01e-02
  0  0   1.01e-02
  0  0   1.01e-02
  0  0   1.01e-02
  0  0   1.01e-02
  0  0   1.01e-02
  0  0   1.01e-02
  0  0   1.01e-02
  0  0   1.01e-02
  0  0   1.01e-02
  0  0   1.01e-02
  0  0   1.01e-02
  0  0   1.01e-02
  0  0   1.02e-02
  0  0   1.02e-02
  0  0   1.03e-02
  0  0   1.05e-02
  0  0   1.07e-02
  0  0   1.09e-02
  0  0   1.13e-02
  0  0   1.16e-02
  1  5   2.43e-01
  0  0   2.43e-01
  0  0   2.43e-01
  0  0   2.43e-01
  0  0   2.43e-01
  0  0   2.43e-01
  0  0   2.43e-01
  0  0   2.43e-01
  0  0   2.43e-01
  0  0   2.44e-01
  0  0   2.44e-01
  0  0   2.44e-01
  0  0   2.44e-01
  0  0   2.45e-01
  0  0   2.45e-01
  0  0   2.47e-01
  0  0   2.48e-01
  0  0   2.51e-01
  0  0   2.55e-01
  0  0   2.61e-01
  0  0   2.67e-01
  0  0   2.76e-01
  0  0   2.85e-01
  1  6   1.29e-04
  0  0   1.29e-04
  0  0   1.29e-04
  0  0   1.29e-04
  0  0   1.29e-04
  0  0   1.29e-04
  0  0   1.29e-04
  0  0   1.29e-04
  0  0   1.29e-04
  0  0   1.29e-04
  0  0   1.29e-04
  0  0   1.29e-04
  0  0   1.29e-04
  0  0   1.30e-04
  0  0   1.31e-04
  0  0   1.32e-04
  0  0   1.34e-04
  0  0   1.36e-04
  0  0   1.41e-04
  0  0   1.48e-04
  0  0   1.58e-04
  0  0   1.74e-04
  0  0   1.97e-04
  1  7   8.42e-05
  0  0   8.42e-05
  0  0   8.42e-05
  0  0   8.42e-05
  0  0   8.42e-05
  0  0   8.42e-05
  0  0   8.43e-05
  0  0   8.43e-05
  0  0   8.44e-05
  0  0   8.46e-05
  0  0   8.48e-05
  0  0   8.52e-05
  0  0   8.59e-05
  0  0   8.68e-05
  0  0   8.84e-05
  0  0   9.09e-05
  0  0   9.48e-05
  0  0   1.01e-04
  0  0   1.10e-04
  0  0   1.25e-04
  0  0   1.46e-04
  0  0   1.76e-04
  0  0   2.13e-04
  1  8   4.41e-04
  0  0   4.41e-04
  0  0   4.41e-04
  0  0   4.41e-04
  0  0   4.41e-04
  0  0   4.41e-04
  0  0   4.41e-04
  0  0   4.42e-04
  0  0   4.42e-04
  0  0   4.42e-04
  0  0   4.42e-04
  0  0   4.43e-04
  0  0   4.44e-04
  0  0   4.46e-04
  0  0   4.48e-04
  0  0   4.53e-04
  0  0   4.59e-04
  0  0   4.69e-04
  0  0   4.85e-04
  0  0   5.10e-04
  0  0   5.47e-04
  0  0   6.00e-04
  0  0   6.68e-04
  1  9   6.44e-04
  0  0   6.44e-04
  0  0   6.44e-04
  0  0   6.44e-04
  0  0   6.44e-04
  0  0   6.44e-04
  0  0   6.44e-04
  0  0   6.44e-04
  0  0   6.44e-04
  0  0   6.45e-04
  0  0   6.45e-04
  0  0   6.46e-04
  0  0   6.47e-04
  0  0   6.49e-04
  0  0   6.52e-04
  0  0   6.56e-04
  0  0   6.64e-04
  0  0   6.75e-04
  0  0   6.93e-04
  0  0   7.20e-04
  0  0   7.61e-04
  0  0   8.18e-04
  0  0   8.90e-04
  1 10   4.01e-04
  0  0   4.01e-04
  0  0   4.01e-04
  0  0   4.01e-04
  0  0   4.01e-04
  0  0   4.01e-04
  0  0   4.01e-04
  0  0   4.01e-04
  0  0   4.01e-04
  0  0   4.02e-04
  0  0   4.02e-04
  0  0   4.03e-04
  0  0   4.05e-04
  0  0   4.07e-04
  0  0   4.10e-04
  0  0   4.16e-04
  0  0   4.25e-04
  0  0   4.38e-04
  0  0   4.59e-04
  0  0   4.91e-04
  0  0   5.37e-04
  0  0   6.00e-04
  0  0   6.72e-04
  2  3   3.65e-02
  0  0   3.65e-02
  0  0   3.65e-02
  0  0   3.65e-02
  0  0   3.65e-02
  0  0   3.65e-02
  0  0   3.65e-02
  0  0   3.65e-02
  0  0   3.65e-02
  0  0   3.65e-02
  0  0   3.65e-02
  0  0   3.65e-02
  0  0   3.64e-02
  0  0   3.63e-02
  0  0   3.62e-02
  0  0   3.60e-02
  0  0   3.57e-02
  0  0   3.52e-02
  0  0   3.44e-02
  0  0   3.32e-02
  0  0   3.15e-02
  0  0   2.90e-02
  0  0   2.59e-02
  2  4   2.18e-02
  0  0   2.18e-02
  0  0   2.18e-02
  0  0   2.18e-02
  0  0   2.18e-02
  0  0   2.18e-02
  0  0   2.18e-02
  0  0   2.18e-02
  0  0   2.18e-02
  0  0   2.18e-02
  0  0   2.18e-02
  0  0   2.18e-02
  0  0   2.18e-02
  0  0   2.18e-02
  0  0   2.17e-02
  0  0   2.17e-02
  0  0   2.16e-02
  0  0   2.14e-02
  0  0   2.12e-02
  0  0   2.08e-02
  0  0   2.02e-02
  0  0   1.94e-02
  0  0   1.83e-02
  2  5   1.97e-03
  0  0   1.97e-03
  0  0   1.97e-03
  0  0   1.97e-03
  0  0   1.97e-03
  0  0   1.97e-03
  0  0   1.97e-03
  0  0   1.97e-03
  0  0   1.98e-03
  0  0   1.98e-03
  0  0   1.99e-03
  0  0   2.00e-03
  0  0   2.02e-03
  0  0   2.06e-03
  0  0   2.11e-03
  0  0   2.20e-03
  0  0   2.33e-03
  0  0   2.54e-03
  0  0   2.86e-03
  0  0   3.34e-03
  0  0   4.03e-03
  0  0   4.91e-03
  0  0   5.79e-03
  2  6   1.26e-03
  0  0   1.26e-03
  0  0   1.26e-03
  0  0   1.26e-03
  0  0   1.26e-03
  0  0   1.26e-03
  0  0   1.26e-03
  0  0   1.26e-03
  0  0   1.26e-03
  0  0   1.26e-03
  0  0   1.26e-03
  0  0   1.26e-03
  0  0   1.26e-03
  0  0   1.26e-03
  0  0   1.26e-03
  0  0   1.26e-03
  0  0   1.26e-03
  0  0   1.25e-03
  0  0   1.25e-03
  0  0   1.24e-03
  0  0   1.24e-03
  0  0   1.23e-03
  0  0   1.24e-03
  2  7   1.16e-01
  0  0   1.16e-01
  0  0   1.16e-01
  0  0   1.16e-01
  0  0   1.16e-01
  0  0   1.16e-01
  0  0   1.16e-01
  0  0   1.16e-01
  0  0   1.16e-01
  0  0   1.17e-01
  0  0   1.17e-01
  0  0   1.17e-01
  0  0   1.17e-01
  0  0   1.17e-01
  0  0   1.17e-01
  0  0   1.18e-01
  0  0   1.19e-01
  0  0   1.20e-01
  0  0   1.22e-01
  0  0   1.24e-01
  0  0   1.26e-01
  0  0   1.30e-01
  0  0   1.34e-01
  2  8   2.06e-03
  0  0   2.06e-03
  0  0   2.06e-03
  0  0   2.06e-03
  0  0   2.06e-03
  0  0   2.06e-03
  0  0   2.06e-03
  0  0   2.06e-03
  0  0   2.06e-03
  0  0   2.06e-03
  0  0   2.06e-03
  0  0   2.07e-03
  0  0   2.07e-03
  0  0   2.08e-03
  0  0   2.10e-03
  0  0   2.12e-03
  0  0   2.15e-03
  0  0   2.20e-03
  0  0   2.28e-03
  0  0   2.41e-03
  0  0   2.60e-03
  0  0   2.88e-03
  0  0   3.23e-03
  2  9   5.34e-04
  0  0   5.34e-04
  0  0   5.34e-04
  0  0   5.34e-04
  0  0   5.34e-04
  0  0   5.34e-04
  0  0   5.34e-04
  0  0   5.35e-04
  0  0   5.36e-04
  0  0   5.37e-04
  0  0   5.39e-04
  0  0   5.43e-04
  0  0   5.48e-04
  0  0   5.56e-04
  0  0   5.69e-04
  0  0   5.90e-04
  0  0   6.22e-04
  0  0   6.73e-04
  0  0   7.52e-04
  0  0   8.73e-04
  0  0   1.05e-03
  0  0   1.32e-03
  0  0   1.66e-03
  2 10   1.43e-04
  0  0   1.43e-04
  0  0   1.43e-04
  0  0   1.43e-04
  0  0   1.43e-04
  0  0   1.43e-04
  0  0   1.43e-04
  0  0   1.43e-04
  0  0   1.43e-04
  0  0   1.44e-04
  0  0   1.44e-04
  0  0   1.44e-04
  0  0   1.45e-04
  0  0   1.47e-04
  0  0   1.49e-04
  0  0   1.52e-04
  0  0   1.57e-04
  0  0   1.65e-04
  0  0   1.78e-04
  0  0   1.97e-04
  0  0   2.26e-04
  0  0   2.70e-04
  0  0   3.31e-04
  3  4   9.78e-02
  0  0   9.78e-02
  0  0   9.78e-02
  0  0   9.78e-02
  0  0   9.78e-02
  0  0   9.78e-02
  0  0   9.78e-02
  0  0   9.78e-02
  0  0   9.78e-02
  0  0   9.77e-02
  0  0   9.77e-02
  0  0   9.76e-02
  0  0   9.74e-02
  0  0   9.72e-02
  0  0   9.68e-02
  0  0   9.62e-02
  0  0   9.53e-02
  0  0   9.38e-02
  0  0   9.16e-02
  0  0   8.82e-02
  0  0   8.34e-02
  0  0   7.72e-02
  0  0   7.12e-02
  3  5   3.57e-02
  0  0   3.57e-02
  0  0   3.57e-02
  0  0   3.57e-02
  0  0   3.57e-02
  0  0   3.57e-02
  0  0   3.57e-02
  0  0   3.57e-02
  0  0   3.57e-02
  0  0   3.57e-02
  0  0   3.56e-02
  0  0   3.56e-02
  0  0   3.55e-02
  0  0   3.55e-02
  0  0   3.53e-02
  0  0   3.51e-02
  0  0   3.48e-02
  0  0   3.43e-02
  0  0   3.35e-02
  0  0   3.23e-02
  0  0   3.06e-02
  0  0   2.85e-02
  0  0   2.66e-02
  3  6   1.14e-01
  0  0   1.14e-01
  0  0   1.14e-01
  0  0   1.14e-01
  0  0   1.14e-01
  0  0   1.14e-01
  0  0   1.14e-01
  0  0   1.14e-01
  0  0   1.14e-01
  0  0   1.14e-01
  0  0   1.14e-01
  0  0   1.15e-01
  0  0   1.15e-01
  0  0   1.15e-01
  0  0   1.16e-01
  0  0   1.16e-01
  0  0   1.18e-01
  0  0   1.19e-01
  0  0   1.22e-01
  0  0   1.25e-01
  0  0   1.28e-01
  0  0   1.33e-01
  0  0   1.38e-01
  3  7   8.76e-02
  0  0   8.76e-02
  0  0   8.76e-02
  0  0   8.76e-02
  0  0   8.76e-02
  0  0   8.76e-02
  0  0   8.76e-02
  0  0   8.76e-02
  0  0   8.76e-02
  0  0   8.76e-02
  0  0   8.77e-02
  0  0   8.78e-02
  0  0   8.79e-02
  0  0   8.81e-02
  0  0   8.83e-02
  0  0   8.88e-02
  0  0   8.94e-02
  0  0   9.04e-02
  0  0   9.17e-02
  0  0   9.34e-02
  0  0   9.54e-02
  0  0   9.80e-02
  0  0   1.02e-01
  3  8   1.56e-01
  0  0   1.56e-01
  0  0   1.56e-01
  0  0   1.56e-01
  0  0   1.56e-01
  0  0   1.56e-01
  0  0   1.56e-01
  0  0   1.56e-01
  0  0   1.56e-01
  0  0   1.56e-01
  0  0   1.56e-01
  0  0   1.56e-01
  0  0   1.56e-01
  0  0   1.57e-01
  0  0   1.57e-01
  0  0   1.58e-01
  0  0   1.59e-01
  0  0   1.61e-01
  0  0   1.63e-01
  0  0   1.66e-01
  0  0   1.71e-01
  0  0   1.77e-01
  0  0   1.83e-01
  3  9   1.18e-02
  0  0   1.18e-02
  0  0   1.18e-02
  0  0   1.18e-02
  0  0   1.18e-02
  0  0   1.18e-02
  0  0   1.18e-02
  0  0   1.18e-02
  0  0   1.18e-02
  0  0   1.18e-02
  0  0   1.18e-02
  0  0   1.18e-02
  0  0   1.18e-02
  0  0   1.19e-02
  0  0   1.19e-02
  0  0   1.20e-02
  0  0   1.21e-02
  0  0   1.23e-02
  0  0   1.27e-02
  0  0   1.31e-02
  0  0   1.39e-02
  0  0   1.50e-02
  0  0   1.64e-02
  3 10   5.67e-04
  0  0   5.67e-04
  0  0   5.68e-04
  0  0   5.68e-04
  0  0   5.68e-04
  0  0   5.68e-04
  0  0   5.68e-04
  0  0   5.69e-04
  0  0   5.70e-04
  0  0   5.71e-04
  0  0   5.73e-04
  0  0   5.76e-04
  0  0   5.81e-04
  0  0   5.89e-04
  0  0   6.02e-04
  0  0   6.22e-04
  0  0   6.54e-04
  0  0   7.03e-04
  0  0   7.80e-04
  0  0   8.98e-04
  0  0   1.07e-03
  0  0   1.31e-03
  0  0   1.57e-03
  4  5   4.44e-02
  0  0   4.44e-02
  0  0   4.44e-02
  0  0   4.44e-02
  0  0   4.44e-02
  0  0   4.44e-02
  0  0   4.44e-02
  0  0   4.44e-02
  0  0   4.44e-02
  0  0   4.44e-02
  0  0   4.44e-02
  0  0   4.44e-02
  0  0   4.43e-02
  0  0   4.43e-02
  0  0   4.42e-02
  0  0   4.40e-02
  0  0   4.38e-02
  0  0   4.34e-02
  0  0   4.28e-02
  0  0   4.19e-02
  0  0   4.06e-02
  0  0   3.90e-02
  0  0   3.75e-02
  4  6   7.62e-04
  0  0   7.62e-04
  0  0   7.62e-04
  0  0   7.62e-04
  0  0   7.62e-04
  0  0   7.62e-04
  0  0   7.62e-04
  0  0   7.63e-04
  0  0   7.63e-04
  0  0   7.64e-04
  0  0   7.65e-04
  0  0   7.67e-04
  0  0   7.70e-04
  0  0   7.75e-04
  0  0   7.83e-04
  0  0   7.95e-04
  0  0   8.15e-04
  0  0   8.45e-04
  0  0   8.92e-04
  0  0   9.63e-04
  0  0   1.07e-03
  0  0   1.21e-03
  0  0   1.39e-03
  4  7   1.43e-01
  0  0   1.43e-01
  0  0   1.43e-01
  0  0   1.43e-01
  0  0   1.43e-01
  0  0   1.43e-01
  0  0   1.43e-01
  0  0   1.43e-01
  0  0   1.43e-01
  0  0   1.43e-01
  0  0   1.43e-01
  0  0   1.43e-01
  0  0   1.44e-01
  0  0   1.44e-01
  0  0   1.45e-01
  0  0   1.46e-01
  0  0   1.47e-01
  0  0   1.49e-01
  0  0   1.52e-01
  0  0   1.56e-01
  0  0   1.60e-01
  0  0   1.66e-01
  0  0   1.73e-01
  4  8   2.93e-01
  0  0   2.93e-01
  0  0   2.93e-01
  0  0   2.93e-01
  0  0   2.93e-01
  0  0   2.93e-01
  0  0   2.93e-01
  0  0   2.93e-01
  0  0   2.94e-01
  0  0   2.94e-01
  0  0   2.94e-01
  0  0   2.94e-01
  0  0   2.95e-01
  0  0   2.95e-01
  0  0   2.97e-01
  0  0   2.98e-01
  0  0   3.01e-01
  0  0   3.05e-01
  0  0   3.10e-01
  0  0   3.17e-01
  0  0   3.26e-01
  0  0   3.36e-01
  0  0   3.50e-01
  4  9   1.57e-01
  0  0   1.57e-01
  0  0   1.57e-01
  0  0   1.57e-01
  0  0   1.57e-01
  0  0   1.57e-01
  0  0   1.57e-01
  0  0   1.57e-01
  0  0   1.57e-01
  0  0   1.57e-01
  0  0   1.57e-01
  0  0   1.57e-01
  0  0   1.57e-01
  0  0   1.57e-01
  0  0   1.58e-01
  0  0   1.58e-01
  0  0   1.59e-01
  0  0   1.60e-01
  0  0   1.62e-01
  0  0   1.64e-01
  0  0   1.68e-01
  0  0   1.74e-01
  0  0   1.81e-01
  4 10   1.06e-03
  0  0   1.06e-03
  0  0   1.06e-03
  0  0   1.06e-03
  0  0   1.06e-03
  0  0   1.06e-03
  0  0   1.06e-03
  0  0   1.06e-03
  0  0   1.07e-03
  0  0   1.07e-03
  0  0   1.07e-03
  0  0   1.08e-03
  0  0   1.09e-03
  0  0   1.11e-03
  0  0   1.14e-03
  0  0   1.19e-03
  0  0   1.26e-03
  0  0   1.38e-03
  0  0   1.55e-03
  0  0   1.82e-03
  0  0   2.22e-03
  0  0   2.74e-03
  0  0   3.27e-03
  5  6   5.33e-03
  0  0   5.33e-03
  0  0   5.33e-03
  0  0   5.33e-03
  0  0   5.33e-03
  0  0   5.34e-03
  0  0   5.34e-03
  0  0   5.34e-03
  0  0   5.34e-03
  0  0   5.34e-03
  0  0   5.35e-03
  0  0   5.35e-03
  0  0   5.36e-03
  0  0   5.38e-03
  0  0   5.40e-03
  0  0   5.44e-03
  0  0   5.51e-03
  0  0   5.61e-03
  0  0   5.76e-03
  0  0   5.99e-03
  0  0   6.34e-03
  0  0   6.85e-03
  0  0   7.52e-03
  5  7   8.04e-03
  0  0   8.04e-03
  0  0   8.04e-03
  0  0   8.04e-03
  0  0   8.04e-03
  0  0   8.04e-03
  0  0   8.04e-03
  0  0   8.04e-03
  0  0   8.04e-03
  0  0   8.04e-03
  0  0   8.04e-03
  0  0   8.05e-03
  0  0   8.05e-03
  0  0   8.06e-03
  0  0   8.08e-03
  0  0   8.10e-03
  0  0   8.14e-03
  0  0   8.20e-03
  0  0   8.29e-03
  0  0   8.43e-03
  0  0   8.64e-03
  0  0   8.96e-03
  0  0   9.39e-03
  5  8   1.54e-01
  0  0   1.54e-01
  0  0   1.54e-01
  0  0   1.54e-01
  0  0   1.54e-01
  0  0   1.54e-01
  0  0   1.54e-01
  0  0   1.54e-01
  0  0   1.54e-01
  0  0   1.54e-01
  0  0   1.54e-01
  0  0   1.54e-01
  0  0   1.55e-01
  0  0   1.55e-01
  0  0   1.55e-01
  0  0   1.55e-01
  0  0   1.56e-01
  0  0   1.57e-01
  0  0   1.59e-01
  0  0   1.61e-01
  0  0   1.65e-01
  0  0   1.71e-01
  0  0   1.79e-01
  5  9   4.13e-01
  0  0   4.13e-01
  0  0   4.13e-01
  0  0   4.13e-01
  0  0   4.13e-01
  0  0   4.13e-01
  0  0   4.13e-01
  0  0   4.14e-01
  0  0   4.14e-01
  0  0   4.14e-01
  0  0   4.15e-01
  0  0   4.15e-01
  0  0   4.16e-01
  0  0   4.18e-01
  0  0   4.21e-01
  0  0   4.25e-01
  0  0   4.31e-01
  0  0   4.41e-01
  0  0   4.54e-01
  0  0   4.71e-01
  0  0   4.92e-01
  0  0   5.15e-01
  0  0   5.38e-01
  5 10   1.81e-01
  0  0   1.81e-01
  0  0   1.81e-01
  0  0   1.81e-01
  0  0   1.81e-01
  0  0   1.81e-01
  0  0   1.81e-01
  0  0   1.81e-01
  0  0   1.81e-01
  0  0   1.81e-01
  0  0   1.81e-01
  0  0   1.81e-01
  0  0   1.82e-01
  0  0   1.82e-01
  0  0   1.83e-01
  0  0   1.84e-01
  0  0   1.86e-01
  0  0   1.90e-01
  0  0   1.94e-01
  0  0   2.00e-01
  0  0   2.05e-01
  0  0   2.11e-01
  0  0   2.18e-01
  6  7   7.27e-03
  0  0   7.27e-03
  0  0   7.27e-03
  0  0   7.28e-03
  0  0   7.28e-03
  0  0   7.28e-03
  0  0   7.28e-03
  0  0   7.29e-03
  0  0   7.30e-03
  0  0   7.32e-03
  0  0   7.34e-03
  0  0   7.38e-03
  0  0   7.45e-03
  0  0   7.55e-03
  0  0   7.70e-03
  0  0   7.95e-03
  0  0   8.35e-03
  0  0   8.96e-03
  0  0   9.90e-03
  0  0   1.13e-02
  0  0   1.33e-02
  0  0   1.59e-02
  0  0   1.86e-02
  6  8   1.06e-02
  0  0   1.06e-02
  0  0   1.06e-02
  0  0   1.06e-02
  0  0   1.06e-02
  0  0   1.06e-02
  0  0   1.06e-02
  0  0   1.06e-02
  0  0   1.06e-02
  0  0   1.06e-02
  0  0   1.06e-02
  0  0   1.07e-02
  0  0   1.07e-02
  0  0   1.07e-02
  0  0   1.08e-02
  0  0   1.10e-02
  0  0   1.12e-02
  0  0   1.15e-02
  0  0   1.20e-02
  0  0   1.27e-02
  0  0   1.38e-02
  0  0   1.51e-02
  0  0   1.65e-02
  6  9   1.94e-03
  0  0   1.94e-03
  0  0   1.94e-03
  0  0   1.94e-03
  0  0   1.94e-03
  0  0   1.94e-03
  0  0   1.94e-03
  0  0   1.94e-03
  0  0   1.94e-03
  0  0   1.95e-03
  0  0   1.95e-03
  0  0   1.96e-03
  0  0   1.98e-03
  0  0   2.00e-03
  0  0   2.04e-03
  0  0   2.10e-03
  0  0   2.20e-03
  0  0   2.36e-03
  0  0   2.59e-03
  0  0   2.96e-03
  0  0   3.52e-03
  0  0   4.35e-03
  0  0   5.51e-03
  6 10   4.74e-04
  0  0   4.74e-04
  0  0   4.74e-04
  0  0   4.74e-04
  0  0   4.74e-04
  0  0   4.75e-04
  0  0   4.75e-04
  0  0   4.76e-04
  0  0   4.77e-04
  0  0   4.78e-04
  0  0   4.81e-04
  0  0   4.84e-04
  0  0   4.91e-04
  0  0   5.00e-04
  0  0   5.16e-04
  0  0   5.40e-04
  0  0   5.78e-04
  0  0   6.37e-04
  0  0   7.30e-04
  0  0   8.72e-04
  0  0   1.09e-03
  0  0   1.41e-03
  0  0   1.87e-03
  7  8   2.70e-02
  0  0   2.70e-02
  0  0   2.70e-02
  0  0   2.70e-02
  0  0   2.70e-02
  0  0   2.70e-02
  0  0   2.70e-02
  0  0   2.71e-02
  0  0   2.71e-02
  0  0   2.71e-02
  0  0   2.72e-02
  0  0   2.72e-02
  0  0   2.73e-02
  0  0   2.75e-02
  0  0   2.78e-02
  0  0   2.83e-02
  0  0   2.90e-02
  0  0   3.01e-02
  0  0   3.19e-02
  0  0   3.45e-02
  0  0   3.84e-02
  0  0   4.35e-02
  0  0   4.90e-02
  7  9   1.09e-02
  0  0   1.09e-02
  0  0   1.09e-02
  0  0   1.09e-02
  0  0   1.09e-02
  0  0   1.10e-02
  0  0   1.10e-02
  0  0   1.10e-02
  0  0   1.10e-02
  0  0   1.10e-02
  0  0   1.11e-02
  0  0   1.12e-02
  0  0   1.13e-02
  0  0   1.15e-02
  0  0   1.18e-02
  0  0   1.23e-02
  0  0   1.31e-02
  0  0   1.43e-02
  0  0   1.61e-02
  0  0   1.89e-02
  0  0   2.29e-02
  0  0   2.79e-02
  0  0   3.29e-02
  7 10   2.11e-03
  0  0   2.11e-03
  0  0   2.11e-03
  0  0   2.11e-03
  0  0   2.11e-03
  0  0   2.11e-03
  0  0   2.11e-03
  0  0   2.11e-03
  0  0   2.12e-03
  0  0   2.12e-03
  0  0   2.13e-03
  0  0   2.15e-03
  0  0   2.17e-03
  0  0   2.21e-03
  0  0   2.27e-03
  0  0   2.36e-03
  0  0   2.51e-03
  0  0   2.75e-03
  0  0   3.12e-03
  0  0   3.68e-03
  0  0   4.51e-03
  0  0   5.65e-03
  0  0   6.97e-03
  8  9   3.83e-02
  0  0   3.83e-02
  0  0   3.83e-02
  0  0   3.83e-02
  0  0   3.83e-02
  0  0   3.83e-02
  0  0   3.84e-02
  0  0   3.84e-02
  0  0   3.84e-02
  0  0   3.84e-02
  0  0   3.85e-02
  0  0   3.86e-02
  0  0   3.88e-02
  0  0   3.91e-02
  0  0   3.96e-02
  0  0   4.03e-02
  0  0   4.15e-02
  0  0   4.33e-02
  0  0   4.61e-02
  0  0   5.04e-02
  0  0   5.69e-02
  0  0   6.58e-02
  0  0   7.65e-02
  8 10   5.12e-03
  0  0   5.12e-03
  0  0   5.12e-03
  0  0   5.12e-03
  0  0   5.12e-03
  0  0   5.12e-03
  0  0   5.12e-03
  0  0   5.13e-03
  0  0   5.13e-03
  0  0   5.14e-03
  0  0   5.16e-03
  0  0   5.18e-03
  0  0   5.21e-03
  0  0   5.27e-03
  0  0   5.36e-03
  0  0   5.49e-03
  0  0   5.71e-03
  0  0   6.05e-03
  0  0   6.58e-03
  0  0   7.38e-03
  0  0   8.58e-03
  0  0   1.02e-02
  0  0   1.21e-02
  9 10   1.46e-02
  0  0   1.46e-02
  0  0   1.46e-02
  0  0   1.46e-02
  0  0   1.46e-02
  0  0   1.46e-02
  0  0   1.46e-02
  0  0   1.46e-02
  0  0   1.46e-02
  0  0   1.46e-02
  0  0   1.46e-02
  0  0   1.46e-02
  0  0   1.46e-02
  0  0   1.47e-02
  0  0   1.48e-02
  0  0   1.49e-02
  0  0   1.51e-02
  0  0   1.54e-02
  0  0   1.59e-02
  0  0   1.66e-02
  0  0   1.77e-02
  0  0   1.92e-02
  0  0   2.10e-02
 0 0 0
  1  2   0.000e+00
  1  3   8.562e+07
  1  4   0.000e+00
  1  5   2.357e+10
  1  6   0.000e+00
  1  7   2.397e+04
  1  8   3.745e+03
  1  9   1.170e+04
  1 10   0.000e+00
  2  3   1.105e+03
  2  4   2.592e+00
  2  5   6.914e+04
  2  6   0.000e+00
  2  7   8.225e+09
  2  8   0.000e+00
  2  9   0.000e+00
  2 10   0.000e+00
  3  4   2.915e+04
  3  5   3.832e+04
  3  6   1.360e+10
  3  7   5.055e+09
  3  8   6.824e+09
  3  9   7.176e+08
  3 10   2.375e+08
  4  5   2.222e+04
  4  6   0.000e+00
  4  7   4.816e+09
  4  8   7.524e+09
  4  9   7.468e+09
  4 10   0.000e+00
  5  6   2.320e+07
  5  7   1.373e+07
  5  8   5.576e+08
  5  9   5.774e+09
  5 10   3.792e+10
  6  7   1.947e+04
  6  8   2.144e+00
  6  9   5.648e-01
  6 10   0.000e+00
  7  8   1.350e+03
  7  9   5.065e+04
  7 10   4.424e+05
  8  9   4.567e+04
  8 10   6.379e+02
  9 10   1.686e+02
  1  1        0.0
  2  1   378687.0
  3  3   418653.0
  4  5   549599.0
  5  3   847894.0
  6  1  1049246.0
  7  3  1155102.0
  8  5  1208115.0
  9  5  1380464.0
 10  1  1611675.0
