 23
** Atomic data from version 6 of the CHIANTI database **
%observed energy levels: Martin, W.C., Sugar, J., Musgrove, A., Dalton, G.R., 1995, 
    NIST Database for Atomic Spectroscopy, Version 1.0, NIST Standard Reference Database 61.
%comment:      5380089.3     Limit
%produced as part of the Arcetri/Cambridge/NRL 'CHIANTI' atomic data base collaboration
%
% K.P.Dere 2000
%filename: n_7.wgfa
%energy levels: Martin,W.C., Sugar,J., Musgrove,A., Dalton,G.R., 1995, 
   NIST Database for Atomic Spectroscopy, Version 1.0, NIST Standard Reference Database 61
%A values: Parpia, F.A., Johnson, W.R., 1982, Phys.Rev.A, 26, 1142
%oscillator strengths: Wiese, W.L., Smith, M.W., Glennon, B.M., 1966, Atomic Transition Probabilities, NSRDS-NBS-4.
%comment: Wiese's oscillator strengths are hydrogenic
%produced as part of the Arcetri/Cambridge/NRL 'CHIANTI' atomic data base collaboration
%  
% Ken Dere - 1998

%filename: n_7.splups
%oscillator strengths: Wiese, W.L., Smith, M.W., Glennon, B.M., 1966, Atomic Transition Probabilities, NSRDS-NBS-4
%collision strengths: interpolation of R-matrix calculations of Aggarwal and Kingston
%produced as part of the Arcetri/Cambridge/NRL 'CHIANTI' atomic data base collaboration
%
%  K.P. Dere - Aug 1998
 9 23
  1  1s 2S1/2
  2  2s 2S1/2
  3  2p 2P1/2
  4  2p 2P3/2
  5  3s 2S1/2
  6  3p 2P1/2
  7  3p 2P3/2
  8  3d 2D3/2
  9  3d 2D5/2
     100.0
     158.5
     251.2
     398.1
     631.0
    1000.0
    1584.9
    2511.9
    3981.1
    6309.6
   10000.0
   15848.9
   25118.9
   39810.7
   63095.8
  100000.0
  158489.2
  251188.7
  398107.1
  630957.6
 1000000.0
 1584892.5
 2511887.0
0
  1  2   1.34e-02
  0  0   1.34e-02
  0  0   1.34e-02
  0  0   1.34e-02
  0  0   1.34e-02
  0  0   1.34e-02
  0  0   1.34e-02
  0  0   1.34e-02
  0  0   1.34e-02
  0  0   1.34e-02
  0  0   1.34e-02
  0  0   1.34e-02
  0  0   1.34e-02
  0  0   1.35e-02
  0  0   1.35e-02
  0  0   1.35e-02
  0  0   1.36e-02
  0  0   1.37e-02
  0  0   1.38e-02
  0  0   1.39e-02
  0  0   1.40e-02
  0  0   1.38e-02
  0  0   1.37e-02
  1  3   1.70e-02
  0  0   1.70e-02
  0  0   1.70e-02
  0  0   1.70e-02
  0  0   1.70e-02
  0  0   1.70e-02
  0  0   1.70e-02
  0  0   1.70e-02
  0  0   1.70e-02
  0  0   1.70e-02
  0  0   1.70e-02
  0  0   1.71e-02
  0  0   1.72e-02
  0  0   1.73e-02
  0  0   1.75e-02
  0  0   1.77e-02
  0  0   1.82e-02
  0  0   1.87e-02
  0  0   1.95e-02
  0  0   2.04e-02
  0  0   2.11e-02
  0  0   2.18e-02
  0  0   2.35e-02
  1  4   3.40e-02
  0  0   3.40e-02
  0  0   3.40e-02
  0  0   3.40e-02
  0  0   3.40e-02
  0  0   3.40e-02
  0  0   3.40e-02
  0  0   3.40e-02
  0  0   3.41e-02
  0  0   3.41e-02
  0  0   3.42e-02
  0  0   3.42e-02
  0  0   3.44e-02
  0  0   3.46e-02
  0  0   3.50e-02
  0  0   3.55e-02
  0  0   3.64e-02
  0  0   3.75e-02
  0  0   3.91e-02
  0  0   4.08e-02
  0  0   4.22e-02
  0  0   4.37e-02
  0  0   4.71e-02
  1  5   3.85e-03
  0  0   3.85e-03
  0  0   3.85e-03
  0  0   3.85e-03
  0  0   3.85e-03
  0  0   3.85e-03
  0  0   3.85e-03
  0  0   3.85e-03
  0  0   3.85e-03
  0  0   3.85e-03
  0  0   3.84e-03
  0  0   3.84e-03
  0  0   3.83e-03
  0  0   3.81e-03
  0  0   3.79e-03
  0  0   3.75e-03
  0  0   3.70e-03
  0  0   3.62e-03
  0  0   3.51e-03
  0  0   3.36e-03
  0  0   3.21e-03
  0  0   3.09e-03
  0  0   3.01e-03
  1  6   4.36e-03
  0  0   4.36e-03
  0  0   4.36e-03
  0  0   4.36e-03
  0  0   4.36e-03
  0  0   4.36e-03
  0  0   4.36e-03
  0  0   4.36e-03
  0  0   4.36e-03
  0  0   4.36e-03
  0  0   4.36e-03
  0  0   4.36e-03
  0  0   4.36e-03
  0  0   4.36e-03
  0  0   4.36e-03
  0  0   4.36e-03
  0  0   4.36e-03
  0  0   4.36e-03
  0  0   4.37e-03
  0  0   4.39e-03
  0  0   4.45e-03
  0  0   4.58e-03
  0  0   4.84e-03
  1  7   8.70e-03
  0  0   8.70e-03
  0  0   8.70e-03
  0  0   8.70e-03
  0  0   8.70e-03
  0  0   8.70e-03
  0  0   8.70e-03
  0  0   8.70e-03
  0  0   8.70e-03
  0  0   8.70e-03
  0  0   8.70e-03
  0  0   8.70e-03
  0  0   8.70e-03
  0  0   8.70e-03
  0  0   8.71e-03
  0  0   8.71e-03
  0  0   8.72e-03
  0  0   8.73e-03
  0  0   8.76e-03
  0  0   8.81e-03
  0  0   8.93e-03
  0  0   9.18e-03
  0  0   9.65e-03
  1  8   1.87e-03
  0  0   1.87e-03
  0  0   1.87e-03
  0  0   1.87e-03
  0  0   1.87e-03
  0  0   1.87e-03
  0  0   1.87e-03
  0  0   1.87e-03
  0  0   1.86e-03
  0  0   1.86e-03
  0  0   1.86e-03
  0  0   1.85e-03
  0  0   1.84e-03
  0  0   1.83e-03
  0  0   1.80e-03
  0  0   1.77e-03
  0  0   1.71e-03
  0  0   1.63e-03
  0  0   1.51e-03
  0  0   1.36e-03
  0  0   1.19e-03
  0  0   1.05e-03
  0  0   9.55e-04
  1  9   2.83e-03
  0  0   2.83e-03
  0  0   2.83e-03
  0  0   2.83e-03
  0  0   2.83e-03
  0  0   2.83e-03
  0  0   2.83e-03
  0  0   2.83e-03
  0  0   2.82e-03
  0  0   2.82e-03
  0  0   2.81e-03
  0  0   2.80e-03
  0  0   2.79e-03
  0  0   2.76e-03
  0  0   2.73e-03
  0  0   2.67e-03
  0  0   2.58e-03
  0  0   2.45e-03
  0  0   2.27e-03
  0  0   2.03e-03
  0  0   1.78e-03
  0  0   1.57e-03
  0  0   1.42e-03
  2  5   1.22e-01
  0  0   1.22e-01
  0  0   1.22e-01
  0  0   1.22e-01
  0  0   1.22e-01
  0  0   1.22e-01
  0  0   1.22e-01
  0  0   1.22e-01
  0  0   1.22e-01
  0  0   1.22e-01
  0  0   1.23e-01
  0  0   1.23e-01
  0  0   1.24e-01
  0  0   1.25e-01
  0  0   1.27e-01
  0  0   1.30e-01
  0  0   1.33e-01
  0  0   1.37e-01
  0  0   1.41e-01
  0  0   1.46e-01
  0  0   1.52e-01
  0  0   1.58e-01
  0  0   1.62e-01
  2  6   7.45e-02
  0  0   7.45e-02
  0  0   7.45e-02
  0  0   7.45e-02
  0  0   7.45e-02
  0  0   7.45e-02
  0  0   7.45e-02
  0  0   7.44e-02
  0  0   7.43e-02
  0  0   7.42e-02
  0  0   7.41e-02
  0  0   7.38e-02
  0  0   7.35e-02
  0  0   7.29e-02
  0  0   7.23e-02
  0  0   7.18e-02
  0  0   7.19e-02
  0  0   7.41e-02
  0  0   7.89e-02
  0  0   8.52e-02
  0  0   9.38e-02
  0  0   1.11e-01
  0  0   1.39e-01
  2  7   1.49e-01
  0  0   1.49e-01
  0  0   1.49e-01
  0  0   1.49e-01
  0  0   1.49e-01
  0  0   1.49e-01
  0  0   1.49e-01
  0  0   1.49e-01
  0  0   1.49e-01
  0  0   1.49e-01
  0  0   1.48e-01
  0  0   1.48e-01
  0  0   1.47e-01
  0  0   1.46e-01
  0  0   1.45e-01
  0  0   1.44e-01
  0  0   1.44e-01
  0  0   1.48e-01
  0  0   1.58e-01
  0  0   1.71e-01
  0  0   1.88e-01
  0  0   2.22e-01
  0  0   2.79e-01
  2  8   1.17e-01
  0  0   1.17e-01
  0  0   1.17e-01
  0  0   1.17e-01
  0  0   1.17e-01
  0  0   1.17e-01
  0  0   1.17e-01
  0  0   1.17e-01
  0  0   1.18e-01
  0  0   1.18e-01
  0  0   1.18e-01
  0  0   1.19e-01
  0  0   1.20e-01
  0  0   1.22e-01
  0  0   1.24e-01
  0  0   1.27e-01
  0  0   1.30e-01
  0  0   1.33e-01
  0  0   1.36e-01
  0  0   1.42e-01
  0  0   1.54e-01
  0  0   1.65e-01
  0  0   1.73e-01
  2  9   1.71e-01
  0  0   1.71e-01
  0  0   1.71e-01
  0  0   1.71e-01
  0  0   1.71e-01
  0  0   1.72e-01
  0  0   1.72e-01
  0  0   1.72e-01
  0  0   1.72e-01
  0  0   1.73e-01
  0  0   1.74e-01
  0  0   1.75e-01
  0  0   1.78e-01
  0  0   1.81e-01
  0  0   1.86e-01
  0  0   1.91e-01
  0  0   1.96e-01
  0  0   1.98e-01
  0  0   2.02e-01
  0  0   2.15e-01
  0  0   2.32e-01
  0  0   2.47e-01
  0  0   2.58e-01
 0 0 0
  1  2   7.070e+02
 -1 -2   9.666e+05
  1  3   1.505e+12
  1  4   1.508e+12
  1  5   0.000e+00
  1  6   4.019e+11
  1  7   4.025e+11
  1  8   0.000e+00
  1  9   0.000e+00
  2  3   0.000e+00
  2  4   0.000e+00
  2  5   0.000e+00
  2  6   5.398e+10
  2  7   5.410e+10
  2  8   0.000e+00
  2  9   0.000e+00
  3  4   0.000e+00
  3  5   5.066e+09
  3  6   0.000e+00
  3  7   0.000e+00
  3  8   1.298e+11
  3  9   0.000e+00
  4  5   1.011e+10
  4  6   0.000e+00
  4  7   0.000e+00
  4  8   2.589e+10
  4  9   1.554e+11
  5  6   0.000e+00
  5  7   0.000e+00
  5  8   0.000e+00
  5  9   0.000e+00
  6  7   0.000e+00
  6  8   0.000e+00
  6  9   0.000e+00
  7  8   0.000e+00
  7  9   0.000e+00
  8  9   0.000e+00
  1  2        0.0
  2  2  4034806.8
  3  2  4034761.2
  4  4  4035641.6
  5  2  4782277.1
  6  2  4782263.5
  7  4  4782524.3
  8  4  4782523.9
  9  6  4782610.8
