 22
** Atomic data from version 7 of the CHIANTI database **
%observed energies: downloaded from online NIST database, 2-Feb-2010
%theoretical energies: Zatsarinny, O., & Tayal, S.S. 2003, ApJS, 148, 575
% produced as part of the Arcetri/Cambridge/NRL 'CHIANTI' atomic data base collaboration
%
%   Peter Young, 2-Feb-2010
%filename: o_1.wgfa
%observed energies: downloaded from online NIST database, 2-Feb-2010
%A-values:  Froese Fischer, C., & Tachiev, G. 2004, ADNDT, 87, 1 
% produced as part of the Arcetri/Cambridge/NRL 'CHIANTI' atomic data base collaboration
%
%   Peter Young, 2-Feb-2010

%filename:  o_1.splups
%oscillator strengths: Froese Fischer, C., & Tachiev, G. 2004, ADNDT, 87, 1 
%effective collision strengths: Zatsarinny, O., & Tayal, S.S. 2003, ApJS, 148, 575
%effective collision strengths (levels 1-3): Bell, K.L., Berrington, K.A., & Thomas, M.R.J., 1998, MNRAS, 293, L83
% produced as part of the Arcetri/Cambridge/NRL 'CHIANTI' atomic data base collaboration
%
%   Peter Young, 2-Feb-2010
%   Peter Young, 20-Sep-2011
%     Updated fits for 2-3 and 4-5 transitions
 7 23
  1  2s2.2p4 3P2
  2  2s2.2p4 3P1
  3  2s2.2p4 3P0
  4  2s2.2p4 1D2
  5  2s2.2p4 1S0
  6  2s2.2p3(4S).3s 5S2
  7  2s2.2p3(4S).3s 3S1
     100.0
     158.5
     251.2
     398.1
     631.0
    1000.0
    1584.9
    2511.9
    3981.1
    6309.6
   10000.0
   15848.9
   25118.9
   39810.7
   63095.8
  100000.0
  158489.2
  251188.7
  398107.1
  630957.6
 1000000.0
 1584892.5
 2511887.0
0
  1  2   1.23e-03
  0  0   1.60e-03
  0  0   2.02e-03
  0  0   2.41e-03
  0  0   2.80e-03
  0  0   3.30e-03
  0  0   4.13e-03
  0  0   5.34e-03
  0  0   6.62e-03
  0  0   7.68e-03
  0  0   8.46e-03
  0  0   9.00e-03
  0  0   9.35e-03
  0  0   9.58e-03
  0  0   9.73e-03
  0  0   9.83e-03
  0  0   9.89e-03
  0  0   9.92e-03
  0  0   9.95e-03
  0  0   9.96e-03
  0  0   9.97e-03
  0  0   9.98e-03
  0  0   9.98e-03
  1  3   4.91e-04
  0  0   6.50e-04
  0  0   8.37e-04
  0  0   1.03e-03
  0  0   1.23e-03
  0  0   1.47e-03
  0  0   1.86e-03
  0  0   2.39e-03
  0  0   2.96e-03
  0  0   3.42e-03
  0  0   3.76e-03
  0  0   4.00e-03
  0  0   4.15e-03
  0  0   4.25e-03
  0  0   4.32e-03
  0  0   4.36e-03
  0  0   4.39e-03
  0  0   4.40e-03
  0  0   4.41e-03
  0  0   4.42e-03
  0  0   4.42e-03
  0  0   4.43e-03
  0  0   4.43e-03
  1  4   4.58e-03
  0  0   5.45e-03
  0  0   6.81e-03
  0  0   8.95e-03
  0  0   1.23e-02
  0  0   1.76e-02
  0  0   2.62e-02
  0  0   4.07e-02
  0  0   6.46e-02
  0  0   1.03e-01
  0  0   1.63e-01
  0  0   2.48e-01
  0  0   3.57e-01
  0  0   4.80e-01
  0  0   6.02e-01
  0  0   7.12e-01
  0  0   7.98e-01
  0  0   8.58e-01
  0  0   8.99e-01
  0  0   9.26e-01
  0  0   9.43e-01
  0  0   9.54e-01
  0  0   9.61e-01
  1  5   1.83e-03
  0  0   1.81e-03
  0  0   1.78e-03
  0  0   1.74e-03
  0  0   1.71e-03
  0  0   1.74e-03
  0  0   2.07e-03
  0  0   3.20e-03
  0  0   5.85e-03
  0  0   1.07e-02
  0  0   1.79e-02
  0  0   2.79e-02
  0  0   4.00e-02
  0  0   5.34e-02
  0  0   6.64e-02
  0  0   7.75e-02
  0  0   8.58e-02
  0  0   9.16e-02
  0  0   9.54e-02
  0  0   9.79e-02
  0  0   9.95e-02
  0  0   1.01e-01
  0  0   1.01e-01
  1  6   8.65e-02
  0  0   8.88e-02
  0  0   9.23e-02
  0  0   9.78e-02
  0  0   1.06e-01
  0  0   1.16e-01
  0  0   1.25e-01
  0  0   1.31e-01
  0  0   1.34e-01
  0  0   1.33e-01
  0  0   1.30e-01
  0  0   1.27e-01
  0  0   1.26e-01
  0  0   1.27e-01
  0  0   1.27e-01
  0  0   1.27e-01
  0  0   1.28e-01
  0  0   1.28e-01
  0  0   1.28e-01
  0  0   1.28e-01
  0  0   1.28e-01
  0  0   1.28e-01
  0  0   1.28e-01
  1  7   2.85e-01
  0  0   2.82e-01
  0  0   2.76e-01
  0  0   2.68e-01
  0  0   2.55e-01
  0  0   2.37e-01
  0  0   2.15e-01
  0  0   1.98e-01
  0  0   1.90e-01
  0  0   1.89e-01
  0  0   1.96e-01
  0  0   2.14e-01
  0  0   2.50e-01
  0  0   3.20e-01
  0  0   4.42e-01
  0  0   6.53e-01
  0  0   9.48e-01
  0  0   1.30e+00
  0  0   1.69e+00
  0  0   2.14e+00
  0  0   2.62e+00
  0  0   3.15e+00
  0  0   3.71e+00
  2  3   8.44e-07
  0  0   1.95e-06
  0  0   4.15e-06
  0  0   7.84e-06
  0  0   1.37e-05
  0  0   2.33e-05
  0  0   3.86e-05
  0  0   5.91e-05
  0  0   8.15e-05
  0  0   1.02e-04
  0  0   1.19e-04
  0  0   1.31e-04
  0  0   1.40e-04
  0  0   1.46e-04
  0  0   1.50e-04
  0  0   1.52e-04
  0  0   1.54e-04
  0  0   1.55e-04
  0  0   1.56e-04
  0  0   1.56e-04
  0  0   1.56e-04
  0  0   1.56e-04
  0  0   1.56e-04
  2  4   2.75e-03
  0  0   3.27e-03
  0  0   4.09e-03
  0  0   5.37e-03
  0  0   7.39e-03
  0  0   1.06e-02
  0  0   1.57e-02
  0  0   2.44e-02
  0  0   3.87e-02
  0  0   6.17e-02
  0  0   9.76e-02
  0  0   1.49e-01
  0  0   2.14e-01
  0  0   2.88e-01
  0  0   3.61e-01
  0  0   4.27e-01
  0  0   4.79e-01
  0  0   5.15e-01
  0  0   5.39e-01
  0  0   5.55e-01
  0  0   5.66e-01
  0  0   5.72e-01
  0  0   5.77e-01
  2  5   1.13e-03
  0  0   1.12e-03
  0  0   1.10e-03
  0  0   1.07e-03
  0  0   1.04e-03
  0  0   1.05e-03
  0  0   1.24e-03
  0  0   1.92e-03
  0  0   3.51e-03
  0  0   6.39e-03
  0  0   1.08e-02
  0  0   1.67e-02
  0  0   2.40e-02
  0  0   3.20e-02
  0  0   3.98e-02
  0  0   4.65e-02
  0  0   5.14e-02
  0  0   5.48e-02
  0  0   5.70e-02
  0  0   5.85e-02
  0  0   5.94e-02
  0  0   6.00e-02
  0  0   6.04e-02
  2  6   5.70e-02
  0  0   5.78e-02
  0  0   5.92e-02
  0  0   6.14e-02
  0  0   6.47e-02
  0  0   6.93e-02
  0  0   7.47e-02
  0  0   7.87e-02
  0  0   7.99e-02
  0  0   7.96e-02
  0  0   7.78e-02
  0  0   7.60e-02
  0  0   7.55e-02
  0  0   7.59e-02
  0  0   7.61e-02
  0  0   7.62e-02
  0  0   7.63e-02
  0  0   7.63e-02
  0  0   7.63e-02
  0  0   7.63e-02
  0  0   7.63e-02
  0  0   7.63e-02
  0  0   7.63e-02
  2  7   1.71e-01
  0  0   1.69e-01
  0  0   1.66e-01
  0  0   1.61e-01
  0  0   1.53e-01
  0  0   1.42e-01
  0  0   1.29e-01
  0  0   1.19e-01
  0  0   1.14e-01
  0  0   1.13e-01
  0  0   1.18e-01
  0  0   1.28e-01
  0  0   1.50e-01
  0  0   1.91e-01
  0  0   2.63e-01
  0  0   3.89e-01
  0  0   5.65e-01
  0  0   7.75e-01
  0  0   1.01e+00
  0  0   1.28e+00
  0  0   1.57e+00
  0  0   1.88e+00
  0  0   2.22e+00
  3  4   9.14e-04
  0  0   1.09e-03
  0  0   1.36e-03
  0  0   1.79e-03
  0  0   2.46e-03
  0  0   3.52e-03
  0  0   5.25e-03
  0  0   8.14e-03
  0  0   1.29e-02
  0  0   2.06e-02
  0  0   3.26e-02
  0  0   4.96e-02
  0  0   7.14e-02
  0  0   9.59e-02
  0  0   1.20e-01
  0  0   1.43e-01
  0  0   1.60e-01
  0  0   1.72e-01
  0  0   1.81e-01
  0  0   1.86e-01
  0  0   1.89e-01
  0  0   1.92e-01
  0  0   1.93e-01
  3  5   3.87e-04
  0  0   3.81e-04
  0  0   3.72e-04
  0  0   3.60e-04
  0  0   3.47e-04
  0  0   3.49e-04
  0  0   4.14e-04
  0  0   6.40e-04
  0  0   1.17e-03
  0  0   2.13e-03
  0  0   3.59e-03
  0  0   5.57e-03
  0  0   7.99e-03
  0  0   1.07e-02
  0  0   1.33e-02
  0  0   1.55e-02
  0  0   1.71e-02
  0  0   1.81e-02
  0  0   1.89e-02
  0  0   1.93e-02
  0  0   1.96e-02
  0  0   1.98e-02
  0  0   1.99e-02
  3  6   1.80e-02
  0  0   1.84e-02
  0  0   1.90e-02
  0  0   1.99e-02
  0  0   2.12e-02
  0  0   2.30e-02
  0  0   2.49e-02
  0  0   2.61e-02
  0  0   2.66e-02
  0  0   2.64e-02
  0  0   2.58e-02
  0  0   2.52e-02
  0  0   2.50e-02
  0  0   2.52e-02
  0  0   2.52e-02
  0  0   2.50e-02
  0  0   2.47e-02
  0  0   2.45e-02
  0  0   2.44e-02
  0  0   2.43e-02
  0  0   2.43e-02
  0  0   2.42e-02
  0  0   2.42e-02
  3  7   5.71e-02
  0  0   5.64e-02
  0  0   5.53e-02
  0  0   5.36e-02
  0  0   5.10e-02
  0  0   4.75e-02
  0  0   4.32e-02
  0  0   3.96e-02
  0  0   3.81e-02
  0  0   3.78e-02
  0  0   3.92e-02
  0  0   4.27e-02
  0  0   4.99e-02
  0  0   6.38e-02
  0  0   8.79e-02
  0  0   1.30e-01
  0  0   1.88e-01
  0  0   2.58e-01
  0  0   3.37e-01
  0  0   4.25e-01
  0  0   5.23e-01
  0  0   6.28e-01
  0  0   7.39e-01
  4  5   2.86e-03
  0  0   3.14e-03
  0  0   3.62e-03
  0  0   4.49e-03
  0  0   6.24e-03
  0  0   1.01e-02
  0  0   1.85e-02
  0  0   3.11e-02
  0  0   4.67e-02
  0  0   6.54e-02
  0  0   8.82e-02
  0  0   1.16e-01
  0  0   1.49e-01
  0  0   1.96e-01
  0  0   2.50e-01
  0  0   3.00e-01
  0  0   3.40e-01
  0  0   3.69e-01
  0  0   3.90e-01
  0  0   4.03e-01
  0  0   4.12e-01
  0  0   4.18e-01
  0  0   4.22e-01
  4  7   4.62e-04
  0  0   4.64e-04
  0  0   4.66e-04
  0  0   4.69e-04
  0  0   4.74e-04
  0  0   4.82e-04
  0  0   4.93e-04
  0  0   5.09e-04
  0  0   5.47e-04
  0  0   6.44e-04
  0  0   8.23e-04
  0  0   1.12e-03
  0  0   1.59e-03
  0  0   2.22e-03
  0  0   2.94e-03
  0  0   3.54e-03
  0  0   3.92e-03
  0  0   4.12e-03
  0  0   4.24e-03
  0  0   4.31e-03
  0  0   4.35e-03
  0  0   4.38e-03
  0  0   4.40e-03
 0 0 0
  1  2   8.542e-05
  1  3   1.380e-10
  1  4   6.503e-03
  1  5   3.494e-04
  1  6   1.438e+03
  1  7   3.149e+08
  2  3   1.643e-05
  2  4   2.101e-03
  2  5   7.842e-02
  2  6   4.094e+02
  2  7   1.874e+08
  3  4   6.181e-07
  3  5   0.000e+00
  3  6   0.000e+00
  3  7   6.227e+07
  4  5   1.260e+00
  4  6   1.367e+00
  4  7   1.754e+03
  5  6   0.000e+00
  5  7   0.000e+00
  6  7   0.000e+00
  1  5        0.0
  2  3      158.3
  3  1      227.0
  4  5    15867.9
  5  1    33792.6
  6  5    73768.2
  7  3    76795.0
