3
 upsilons Lennon D.J., Burke V.M., (A&ASuppl.,103,273,1994)
 OIII : Upsilons from Aggarwal (Ap.J.Suppl.,85,197,1993)  MJB 13/4/93
 Aij's from Nussbaumer & Storey (A&A,99,177,1981)
6 11 0
2p2  3Pe0
2p2  3Pe1
2p2  3Pe2
2p2  1D2
2p2  1S0
2p3  5S2
    1000.00
    1585.00
    2512.00
    3981.00
    6310.00
   10000.00
   15849.00
   25119.00
   39811.00
   63096.00
  100000.00
 0 
   1 2 0.4975
   0 0 0.5066
   0 0 0.5115
   0 0 0.5180
   0 0 0.5296
   0 0 0.5454
   0 0 0.5590
   0 0 0.5678
   0 0 0.5788
   0 0 0.5918
   0 0 0.5938
   1 3 0.2455
   0 0 0.2493
   0 0 0.2509
   0 0 0.2541
   0 0 0.2609
   0 0 0.2713
   0 0 0.2832
   0 0 0.2955
   0 0 0.3101
   0 0 0.3245
   0 0 0.3314
   1 4 0.2470
   0 0 0.2432
   0 0 0.2380
   0 0 0.2346
   0 0 0.2398
   0 0 0.2544
   0 0 0.2722
   0 0 0.2872
   0 0 0.2970
   0 0 0.3002
   0 0 0.2955
   1 5 0.0306
   0 0 0.0304
   0 0 0.0301
   0 0 0.0299
   0 0 0.0305
   0 0 0.0325
   0 0 0.0353
   0 0 0.0378
   0 0 0.0396
   0 0 0.0402
   0 0 0.0397
   1 6 0.1084
   0 0 0.1075
   0 0 0.1079
   0 0 0.1136
   0 0 0.1244
   0 0 0.1342
   0 0 0.1397
   0 0 0.1413
   0 0 0.1383
   0 0 0.1300
   0 0 0.1178
   2 3 1.1730
   0 0 1.1930
   0 0 1.2030
   0 0 1.2180
   0 0 1.2480
   0 0 1.2910
   0 0 1.3350
   0 0 1.3730
   0 0 1.4190
   0 0 1.4680
   0 0 1.4820
   2 4 0.7411
   0 0 0.7296
   0 0 0.7139
   0 0 0.7039
   0 0 0.7193
   0 0 0.7631
   0 0 0.8166
   0 0 0.8617
   0 0 0.8910
   0 0 0.9006
   0 0 0.8865
   2 5 0.0918
   0 0 0.0913
   0 0 0.0904
   0 0 0.0898
   0 0 0.0916
   0 0 0.0975
   0 0 0.1058
   0 0 0.1135
   0 0 0.1188
   0 0 0.1207
   0 0 0.1190
   2 6 0.3253
   0 0 0.3224
   0 0 0.3237
   0 0 0.3408
   0 0 0.3732
   0 0 0.4025
   0 0 0.4191
   0 0 0.4240
   0 0 0.4150
   0 0 0.3901
   0 0 0.3533
   3 4 1.2352
   0 0 1.2160
   0 0 1.1898
   0 0 1.1732
   0 0 1.1988
   0 0 1.2718
   0 0 1.3609
   0 0 1.4362
   0 0 1.4850
   0 0 1.5011
   0 0 1.4774
   3 5 0.1530
   0 0 0.1521
   0 0 0.1507
   0 0 0.1496
   0 0 0.1526
   0 0 0.1625
   0 0 0.1763
   0 0 0.1892
   0 0 0.1979
   0 0 0.2012
   0 0 0.1984
   3 6 0.5422
   0 0 0.5374
   0 0 0.5396
   0 0 0.5680
   0 0 0.6220
   0 0 0.6708
   0 0 0.6986
   0 0 0.7067
   0 0 0.6917
   0 0 0.6502
   0 0 0.5889
   4 5 0.4241
   0 0 0.4268
   0 0 0.4357
   0 0 0.4652
   0 0 0.5232
   0 0 0.5815
   0 0 0.6100
   0 0 0.6090
   0 0 0.5971
   0 0 0.5865
   0 0 0.5725
0 0 0
 1 2 2.62-5
 1 3 3.02-11
 1 4 2.74-6
 1 5 0.0
 1 6 0.0
 2 3 9.76-5
 2 4 6.74-3
 2 5 2.23-1
 2 6 2.12+2
 3 4 1.96-2
 3 5 7.85-4
 3 6 5.22+2
 4 5 1.78
 4 6 0.0
 5 6 0.0
 1 1 0.0
 2 3 113.2
 3 5 306.2
 4 5 20273.3
 5 1 43185.7
 6 5 60325
