8
**** O IV 5 levels only ****
O IV upsilions Zhang H.L., Graziani M., Pradhan A.K., (A&A,283,319,1994)
 Upsilons from Hayes & Nussbaumer (A&A,134,94,1984)
 Aij's from Nussbaumer & Storey (A&A,115,205,1982)  Entered by RESC
 Eijs from NIST database (Moore,C.E., CRC Tables of Spectra,H,C,N,O, 1993)
                                                                  CJP 24-4-96
NB original Eijs were a horrible mess - confusion between levs 5,6 & 7 
  so I followed the sequence of levels given by the configs listed below (CJP)
5 32 0
2s22p2 2P1/2
2s22p2 2P3/2
2s22p2 4P1/2
2s22p2 4P3/2
2s22p2 4P5/2
100
200
300
400
500
600
800
1000
1500
2000
2500
3000
3500
4000
5000
6000
7000
8000
9000
10000
12000
14000
16000
18000
20000
23000
26000
30000
35000
40000
45000
50000
0
   1    2      1.610000014
   0    0      1.750000000
   0    0      1.799999952
   0    0      1.870000005
   0    0      1.960000038
   0    0      2.059999943
   0    0      2.240000010
   0    0      2.369999886
   0    0      2.509999990
   0    0      2.559999943
   0    0      2.589999914
   0    0      2.609999895
   0    0      2.640000105
   0    0      2.660000086
   0    0      2.690000057
   0    0      2.700000048
   0    0      2.690000057
   0    0      2.670000076
   0    0      2.640000105
   0    0      2.599999905
   0    0      2.509999990
   0    0      2.420000076
   0    0      2.319999933
   0    0      2.230000019
   0    0      2.150000095
   0    0      2.029999971
   0    0      1.919999957
   0    0      1.799999952
   0    0      1.659999967
   0    0      1.549999952
   0    0      1.450000048
   0    0      1.370000005
   1    3      0.123999998
   0    0      0.120999999
   0    0      0.119000003
   0    0      0.119000003
   0    0      0.119999997
   0    0      0.122000001
   0    0      0.126000002
   0    0      0.130999997
   0    0      0.140000001
   0    0      0.145999998
   0    0      0.150000006
   0    0      0.152999997
   0    0      0.153999999
   0    0      0.153999999
   0    0      0.152999997
   0    0      0.150999993
   0    0      0.148000002
   0    0      0.144999996
   0    0      0.142000005
   0    0      0.138999999
   0    0      0.134000003
   0    0      0.128000006
   0    0      0.123999998
   0    0      0.119999997
   0    0      0.115999997
   0    0      0.111000001
   0    0      0.105999999
   0    0      0.101000004
   0    0      0.096000001
   0    0      0.091600001
   0    0      0.087800004
   0    0      0.084500000
   1    4      0.184000000
   0    0      0.180000007
   0    0      0.177000001
   0    0      0.177000001
   0    0      0.178000003
   0    0      0.180999994
   0    0      0.188999996
   0    0      0.195999995
   0    0      0.211999997
   0    0      0.224000007
   0    0      0.231999993
   0    0      0.237000003
   0    0      0.238999993
   0    0      0.239999995
   0    0      0.238999993
   0    0      0.236000001
   0    0      0.231000006
   0    0      0.226999998
   0    0      0.222000003
   0    0      0.216999993
   0    0      0.207000002
   0    0      0.199000001
   0    0      0.191000000
   0    0      0.184000000
   0    0      0.178000003
   0    0      0.170000002
   0    0      0.163000003
   0    0      0.155000001
   0    0      0.145999998
   0    0      0.138999999
   0    0      0.133000001
   0    0      0.128000006
   1    5      0.115999997
   0    0      0.112999998
   0    0      0.111000001
   0    0      0.111000001
   0    0      0.112999998
   0    0      0.115999997
   0    0      0.123999998
   0    0      0.131999999
   0    0      0.150999993
   0    0      0.165000007
   0    0      0.174999997
   0    0      0.181999996
   0    0      0.186000004
   0    0      0.187999994
   0    0      0.188999996
   0    0      0.186000004
   0    0      0.182999998
   0    0      0.178000003
   0    0      0.173999995
   0    0      0.169000000
   0    0      0.160999998
   0    0      0.152999997
   0    0      0.145999998
   0    0      0.138999999
   0    0      0.134000003
   0    0      0.126000002
   0    0      0.119999997
   0    0      0.112999998
   0    0      0.104999997
   0    0      0.099200003
   0    0      0.094200000
   0    0      0.090000004
   2    3      0.088100001
   0    0      0.085600004
   0    0      0.084299996
   0    0      0.084299996
   0    0      0.085500002
   0    0      0.087600000
   0    0      0.093000002
   0    0      0.098700002
   0    0      0.112000003
   0    0      0.120999999
   0    0      0.128000006
   0    0      0.133000001
   0    0      0.135000005
   0    0      0.136999995
   0    0      0.136999995
   0    0      0.135000005
   0    0      0.133000001
   0    0      0.129999995
   0    0      0.127000004
   0    0      0.123000003
   0    0      0.116999999
   0    0      0.112000003
   0    0      0.107000001
   0    0      0.101999998
   0    0      0.097999997
   0    0      0.092699997
   0    0      0.088200003
   0    0      0.083099999
   0    0      0.077799998
   0    0      0.073600002
   0    0      0.070000000
   0    0      0.067000002
   2    4      0.239999995
   0    0      0.233999997
   0    0      0.230000004
   0    0      0.230000004
   0    0      0.232999995
   0    0      0.238000005
   0    0      0.250000000
   0    0      0.261999995
   0    0      0.291000009
   0    0      0.310999990
   0    0      0.326000005
   0    0      0.335000008
   0    0      0.340000004
   0    0      0.342000008
   0    0      0.342000008
   0    0      0.338000000
   0    0      0.331000000
   0    0      0.324000001
   0    0      0.317000002
   0    0      0.308999985
   0    0      0.294999987
   0    0      0.280999988
   0    0      0.270000011
   0    0      0.259000003
   0    0      0.250000000
   0    0      0.237000003
   0    0      0.225999996
   0    0      0.214000002
   0    0      0.201000005
   0    0      0.191000000
   0    0      0.181999996
   0    0      0.173999995
   2    5      0.519999981
   0    0      0.507000029
   0    0      0.500000000
   0    0      0.499000013
   0    0      0.504000008
   0    0      0.512000024
   0    0      0.533999979
   0    0      0.555999994
   0    0      0.603999972
   0    0      0.638000011
   0    0      0.661000013
   0    0      0.675000012
   0    0      0.683000028
   0    0      0.685999990
   0    0      0.683000028
   0    0      0.674000025
   0    0      0.661000013
   0    0      0.647000015
   0    0      0.633000016
   0    0      0.619000018
   0    0      0.592000008
   0    0      0.568000019
   0    0      0.546000004
   0    0      0.526000023
   0    0      0.508000016
   0    0      0.485000014
   0    0      0.463999987
   0    0      0.441000015
   0    0      0.416000009
   0    0      0.395999998
   0    0      0.379000008
   0    0      0.363999993
   3    4      1.009999990
   0    0      1.039999962
   0    0      1.039999962
   0    0      1.039999962
   0    0      1.039999962
   0    0      1.039999962
   0    0      1.059999943
   0    0      1.080000043
   0    0      1.120000005
   0    0      1.149999976
   0    0      1.179999948
   0    0      1.200000048
   0    0      1.220000029
   0    0      1.220000029
   0    0      1.230000019
   0    0      1.230000019
   0    0      1.230000019
   0    0      1.220000029
   0    0      1.210000038
   0    0      1.200000048
   0    0      1.169999957
   0    0      1.139999986
   0    0      1.110000014
   0    0      1.080000043
   0    0      1.049999952
   0    0      1.009999990
   0    0      0.967999995
   0    0      0.921000004
   0    0      0.869000018
   0    0      0.824000001
   0    0      0.783999979
   0    0      0.749000013
   3    5      0.825999975
   0    0      0.810999990
   0    0      0.777000010
   0    0      0.745999992
   0    0      0.722999990
   0    0      0.707000017
   0    0      0.689999998
   0    0      0.685000002
   0    0      0.697000027
   0    0      0.723999977
   0    0      0.751999974
   0    0      0.774999976
   0    0      0.794000030
   0    0      0.808000028
   0    0      0.825999975
   0    0      0.834999979
   0    0      0.836000025
   0    0      0.833999991
   0    0      0.828999996
   0    0      0.822000027
   0    0      0.804000020
   0    0      0.782999992
   0    0      0.762000024
   0    0      0.740999997
   0    0      0.721000016
   0    0      0.693000019
   0    0      0.666999996
   0    0      0.635999978
   0    0      0.602999985
   0    0      0.574000001
   0    0      0.549000025
   0    0      0.527999997
   4    5      2.150000095
   0    0      2.160000086
   0    0      2.119999886
   0    0      2.079999924
   0    0      2.049999952
   0    0      2.029999971
   0    0      2.029999971
   0    0      2.039999962
   0    0      2.099999905
   0    0      2.170000076
   0    0      2.240000010
   0    0      2.289999962
   0    0      2.329999924
   0    0      2.359999895
   0    0      2.390000105
   0    0      2.400000095
   0    0      2.400000095
   0    0      2.390000105
   0    0      2.369999886
   0    0      2.349999905
   0    0      2.289999962
   0    0      2.230000019
   0    0      2.170000076
   0    0      2.109999895
   0    0      2.059999943
   0    0      1.970000029
   0    0      1.899999976
   0    0      1.809999943
   0    0      1.710000038
   0    0      1.620000005
   0    0      1.549999952
   0    0      1.480000019
0 0 0
 1 2 5.2E-4
 1 3 1.54E3
 1 4 4.50E1
 1 5 0.
 2 3 1.56E3
 2 4 2.56E2
 2 5 1.24E3
 3 4 5.07E-5
 3 5 0.
 4 5 1.02E-4
1 2  0.
2 4  385.9                         
3 2  71439.8                       
4 4  71570.1                       
5 6  71755.5                       
