58
** Atomic data from version 10 of the CHIANTI database **

Theoretical energies:
Fernandez-Menchero, Del Zanna and Badnell, A&A, 2014, 566, A104
doi = {10.1051/0004-6361/201423864}

Observed energies: NIST Atomic Spectra Database, (ver. 5.7.1), [Online].
https://physics.nist.gov/PhysRefData/ASD/levels_form.html


Note: only the bound levels up to n=5 have been retained as the rates
for the n=6,7 are not accurate.

Produced as part of the 'CHIANTI' atomic data base collaboration by
Giulio Del Zanna, May 2020


-1

gf-values, A-values and theoretical energies:
Fernandez-Menchero, Del Zanna and Badnell, A&A, 2014, 566, A104
doi = {10.1051/0004-6361/201423864}
Only transition probabilities with a branching ratio
greater than 10^(-5) have been retained.

gf-values, A-values for the n=2,3 (lowest 20 levels):
MCHF calculation by
G. Tachiev and C. Froese Fischer, Method: MCHF (ab initio), J. Phys. B 32 5805, 1999
https://nlte.nist.gov/MCHF/periodic.html


Observed energies: NIST Atomic Spectra Database, (ver. 5.7.1), [Online]
https://physics.nist.gov/PhysRefData/ASD/levels_form.html


Note: only the bound levels up to n=5 have been retained as the rates
for the n=6,7 are not accurate.


Produced as part of the 'CHIANTI' atomic data base collaboration by
Giulio Del Zanna, May 2020



-1

oscillator strengths and effective collision strengths:
Fernandez-Menchero, Del Zanna and Badnell, A&A, 2014, 566, A104
doi = {10.1051/0004-6361/201423864}

Note: only the bound levels up to n=5 have been retained as the rates
for the n=6,7 are not accurate. The calculations also included autoionizing levels.


Produced as part of the 'CHIANTI' atomic data base collaboration by
Giulio Del Zanna, May 2020


10 23
  1  2s2 1S0
  2  2s 2p 3P0
  3  2s 2p 3P1
  4  2s 2p 3P2
  5  2s 2p 1P1
  6  2p2 3P0
  7  2p2 3P1
  8  2p2 3P2
  9  2p2 1D2
 10  2p2 1S0
     100.0
     158.5
     251.2
     398.1
     631.0
    1000.0
    1584.9
    2511.9
    3981.1
    6309.6
   10000.0
   15848.9
   25118.9
   39810.7
   63095.7
  100000.0
  158489.3
  251188.6
  398107.2
  630957.3
 1000000.0
 1584893.2
 2511886.4
0
  1  2   9.35e-02
  0  0   9.35e-02
  0  0   9.36e-02
  0  0   9.36e-02
  0  0   9.37e-02
  0  0   9.37e-02
  0  0   9.36e-02
  0  0   9.30e-02
  0  0   9.14e-02
  0  0   8.76e-02
  0  0   8.01e-02
  0  0   7.15e-02
  0  0   6.76e-02
  0  0   6.38e-02
  0  0   5.83e-02
  0  0   5.26e-02
  0  0   4.71e-02
  0  0   4.18e-02
  0  0   3.64e-02
  0  0   3.07e-02
  0  0   2.49e-02
  0  0   1.95e-02
  0  0   1.48e-02
  1  3   3.00e-01
  0  0   3.00e-01
  0  0   3.00e-01
  0  0   3.01e-01
  0  0   3.01e-01
  0  0   3.01e-01
  0  0   3.01e-01
  0  0   2.99e-01
  0  0   2.93e-01
  0  0   2.78e-01
  0  0   2.49e-01
  0  0   2.19e-01
  0  0   2.06e-01
  0  0   1.93e-01
  0  0   1.76e-01
  0  0   1.58e-01
  0  0   1.42e-01
  0  0   1.26e-01
  0  0   1.09e-01
  0  0   9.21e-02
  0  0   7.47e-02
  0  0   5.88e-02
  0  0   4.53e-02
  1  4   5.28e-01
  0  0   5.28e-01
  0  0   5.29e-01
  0  0   5.29e-01
  0  0   5.30e-01
  0  0   5.31e-01
  0  0   5.31e-01
  0  0   5.28e-01
  0  0   5.16e-01
  0  0   4.87e-01
  0  0   4.30e-01
  0  0   3.66e-01
  0  0   3.45e-01
  0  0   3.26e-01
  0  0   2.92e-01
  0  0   2.62e-01
  0  0   2.37e-01
  0  0   2.10e-01
  0  0   1.82e-01
  0  0   1.53e-01
  0  0   1.24e-01
  0  0   9.75e-02
  0  0   7.39e-02
  1  5   2.21e+00
  0  0   2.21e+00
  0  0   2.21e+00
  0  0   2.21e+00
  0  0   2.21e+00
  0  0   2.21e+00
  0  0   2.21e+00
  0  0   2.22e+00
  0  0   2.24e+00
  0  0   2.27e+00
  0  0   2.33e+00
  0  0   2.39e+00
  0  0   2.45e+00
  0  0   2.51e+00
  0  0   2.58e+00
  0  0   2.66e+00
  0  0   2.77e+00
  0  0   2.92e+00
  0  0   3.13e+00
  0  0   3.40e+00
  0  0   3.74e+00
  0  0   4.17e+00
  0  0   4.66e+00
  1  6   1.09e-03
  0  0   1.09e-03
  0  0   1.08e-03
  0  0   1.08e-03
  0  0   1.07e-03
  0  0   1.06e-03
  0  0   1.05e-03
  0  0   1.04e-03
  0  0   1.05e-03
  0  0   1.11e-03
  0  0   1.23e-03
  0  0   1.33e-03
  0  0   1.25e-03
  0  0   1.19e-03
  0  0   1.24e-03
  0  0   1.30e-03
  0  0   1.37e-03
  0  0   1.40e-03
  0  0   1.31e-03
  0  0   1.13e-03
  0  0   9.00e-04
  0  0   6.83e-04
  0  0   4.99e-04
  1  7   3.50e-03
  0  0   3.49e-03
  0  0   3.48e-03
  0  0   3.47e-03
  0  0   3.45e-03
  0  0   3.42e-03
  0  0   3.38e-03
  0  0   3.36e-03
  0  0   3.37e-03
  0  0   3.51e-03
  0  0   3.82e-03
  0  0   4.06e-03
  0  0   3.78e-03
  0  0   3.59e-03
  0  0   3.73e-03
  0  0   3.90e-03
  0  0   4.10e-03
  0  0   4.21e-03
  0  0   3.94e-03
  0  0   3.37e-03
  0  0   2.70e-03
  0  0   2.04e-03
  0  0   1.48e-03
  1  8   6.05e-03
  0  0   6.04e-03
  0  0   6.02e-03
  0  0   6.00e-03
  0  0   5.96e-03
  0  0   5.91e-03
  0  0   5.85e-03
  0  0   5.81e-03
  0  0   5.82e-03
  0  0   6.02e-03
  0  0   6.50e-03
  0  0   6.85e-03
  0  0   6.34e-03
  0  0   6.02e-03
  0  0   6.25e-03
  0  0   6.52e-03
  0  0   6.83e-03
  0  0   7.02e-03
  0  0   6.57e-03
  0  0   5.62e-03
  0  0   4.49e-03
  0  0   3.41e-03
  0  0   2.49e-03
  1  9   1.00e-01
  0  0   1.00e-01
  0  0   1.00e-01
  0  0   9.99e-02
  0  0   9.99e-02
  0  0   9.99e-02
  0  0   9.99e-02
  0  0   9.98e-02
  0  0   9.99e-02
  0  0   1.00e-01
  0  0   1.01e-01
  0  0   1.01e-01
  0  0   1.01e-01
  0  0   1.02e-01
  0  0   1.04e-01
  0  0   1.07e-01
  0  0   1.09e-01
  0  0   1.09e-01
  0  0   1.06e-01
  0  0   1.00e-01
  0  0   9.38e-02
  0  0   8.80e-02
  0  0   8.33e-02
  1 10   3.02e-02
  0  0   3.03e-02
  0  0   3.03e-02
  0  0   3.03e-02
  0  0   3.04e-02
  0  0   3.05e-02
  0  0   3.06e-02
  0  0   3.05e-02
  0  0   3.02e-02
  0  0   2.90e-02
  0  0   2.65e-02
  0  0   2.39e-02
  0  0   2.39e-02
  0  0   2.45e-02
  0  0   2.57e-02
  0  0   2.92e-02
  0  0   3.27e-02
  0  0   3.32e-02
  0  0   3.18e-02
  0  0   2.95e-02
  0  0   2.69e-02
  0  0   2.44e-02
  0  0   2.21e-02
  2  3   6.30e-01
  0  0   6.30e-01
  0  0   6.30e-01
  0  0   6.29e-01
  0  0   6.28e-01
  0  0   6.27e-01
  0  0   6.27e-01
  0  0   6.30e-01
  0  0   6.40e-01
  0  0   6.66e-01
  0  0   7.20e-01
  0  0   7.80e-01
  0  0   7.95e-01
  0  0   7.75e-01
  0  0   7.29e-01
  0  0   6.62e-01
  0  0   5.80e-01
  0  0   4.95e-01
  0  0   4.12e-01
  0  0   3.33e-01
  0  0   2.60e-01
  0  0   1.99e-01
  0  0   1.47e-01
  2  4   4.41e-01
  0  0   4.41e-01
  0  0   4.40e-01
  0  0   4.38e-01
  0  0   4.37e-01
  0  0   4.35e-01
  0  0   4.36e-01
  0  0   4.45e-01
  0  0   4.72e-01
  0  0   5.43e-01
  0  0   6.81e-01
  0  0   8.39e-01
  0  0   8.95e-01
  0  0   8.85e-01
  0  0   8.33e-01
  0  0   7.46e-01
  0  0   6.35e-01
  0  0   5.25e-01
  0  0   4.25e-01
  0  0   3.40e-01
  0  0   2.73e-01
  0  0   2.24e-01
  0  0   1.90e-01
  2  5   7.83e-02
  0  0   7.82e-02
  0  0   7.80e-02
  0  0   7.77e-02
  0  0   7.72e-02
  0  0   7.68e-02
  0  0   7.66e-02
  0  0   7.76e-02
  0  0   8.15e-02
  0  0   9.23e-02
  0  0   1.14e-01
  0  0   1.38e-01
  0  0   1.43e-01
  0  0   1.39e-01
  0  0   1.31e-01
  0  0   1.20e-01
  0  0   1.10e-01
  0  0   1.01e-01
  0  0   8.82e-02
  0  0   7.32e-02
  0  0   5.81e-02
  0  0   4.43e-02
  0  0   3.26e-02
  2  6   1.62e-02
  0  0   1.62e-02
  0  0   1.61e-02
  0  0   1.61e-02
  0  0   1.61e-02
  0  0   1.61e-02
  0  0   1.61e-02
  0  0   1.61e-02
  0  0   1.62e-02
  0  0   1.65e-02
  0  0   1.72e-02
  0  0   1.79e-02
  0  0   1.79e-02
  0  0   1.78e-02
  0  0   1.78e-02
  0  0   1.78e-02
  0  0   1.78e-02
  0  0   1.75e-02
  0  0   1.64e-02
  0  0   1.45e-02
  0  0   1.23e-02
  0  0   9.89e-03
  0  0   7.65e-03
  2  7   1.20e+00
  0  0   1.20e+00
  0  0   1.20e+00
  0  0   1.20e+00
  0  0   1.20e+00
  0  0   1.20e+00
  0  0   1.20e+00
  0  0   1.20e+00
  0  0   1.20e+00
  0  0   1.22e+00
  0  0   1.24e+00
  0  0   1.27e+00
  0  0   1.29e+00
  0  0   1.31e+00
  0  0   1.35e+00
  0  0   1.39e+00
  0  0   1.45e+00
  0  0   1.53e+00
  0  0   1.64e+00
  0  0   1.77e+00
  0  0   1.95e+00
  0  0   2.15e+00
  0  0   2.37e+00
  2  8   2.90e-02
  0  0   2.90e-02
  0  0   2.90e-02
  0  0   2.90e-02
  0  0   2.89e-02
  0  0   2.89e-02
  0  0   2.89e-02
  0  0   2.88e-02
  0  0   2.89e-02
  0  0   2.92e-02
  0  0   2.98e-02
  0  0   3.03e-02
  0  0   3.00e-02
  0  0   2.95e-02
  0  0   2.95e-02
  0  0   3.03e-02
  0  0   3.18e-02
  0  0   3.27e-02
  0  0   3.13e-02
  0  0   2.79e-02
  0  0   2.33e-02
  0  0   1.85e-02
  0  0   1.42e-02
  2  9   4.37e-02
  0  0   4.37e-02
  0  0   4.37e-02
  0  0   4.37e-02
  0  0   4.37e-02
  0  0   4.38e-02
  0  0   4.38e-02
  0  0   4.38e-02
  0  0   4.38e-02
  0  0   4.38e-02
  0  0   4.37e-02
  0  0   4.36e-02
  0  0   4.38e-02
  0  0   4.42e-02
  0  0   4.57e-02
  0  0   4.97e-02
  0  0   5.43e-02
  0  0   5.62e-02
  0  0   5.35e-02
  0  0   4.70e-02
  0  0   3.87e-02
  0  0   3.04e-02
  0  0   2.29e-02
  2 10   7.49e-03
  0  0   7.49e-03
  0  0   7.50e-03
  0  0   7.51e-03
  0  0   7.52e-03
  0  0   7.53e-03
  0  0   7.54e-03
  0  0   7.54e-03
  0  0   7.50e-03
  0  0   7.37e-03
  0  0   7.09e-03
  0  0   6.81e-03
  0  0   6.85e-03
  0  0   7.11e-03
  0  0   7.72e-03
  0  0   8.90e-03
  0  0   9.92e-03
  0  0   9.90e-03
  0  0   8.95e-03
  0  0   7.44e-03
  0  0   5.80e-03
  0  0   4.33e-03
  0  0   3.13e-03
  3  4   1.79e+00
  0  0   1.78e+00
  0  0   1.78e+00
  0  0   1.78e+00
  0  0   1.77e+00
  0  0   1.77e+00
  0  0   1.77e+00
  0  0   1.79e+00
  0  0   1.86e+00
  0  0   2.06e+00
  0  0   2.44e+00
  0  0   2.87e+00
  0  0   3.01e+00
  0  0   2.96e+00
  0  0   2.79e+00
  0  0   2.51e+00
  0  0   2.16e+00
  0  0   1.81e+00
  0  0   1.47e+00
  0  0   1.18e+00
  0  0   9.40e-01
  0  0   7.53e-01
  0  0   6.13e-01
  3  5   2.36e-01
  0  0   2.35e-01
  0  0   2.35e-01
  0  0   2.34e-01
  0  0   2.32e-01
  0  0   2.31e-01
  0  0   2.30e-01
  0  0   2.33e-01
  0  0   2.44e-01
  0  0   2.77e-01
  0  0   3.43e-01
  0  0   4.14e-01
  0  0   4.28e-01
  0  0   4.15e-01
  0  0   3.93e-01
  0  0   3.61e-01
  0  0   3.30e-01
  0  0   3.02e-01
  0  0   2.65e-01
  0  0   2.20e-01
  0  0   1.75e-01
  0  0   1.33e-01
  0  0   9.84e-02
  3  6   1.13e+00
  0  0   1.13e+00
  0  0   1.13e+00
  0  0   1.13e+00
  0  0   1.13e+00
  0  0   1.13e+00
  0  0   1.13e+00
  0  0   1.13e+00
  0  0   1.14e+00
  0  0   1.16e+00
  0  0   1.21e+00
  0  0   1.25e+00
  0  0   1.27e+00
  0  0   1.30e+00
  0  0   1.34e+00
  0  0   1.38e+00
  0  0   1.45e+00
  0  0   1.53e+00
  0  0   1.64e+00
  0  0   1.77e+00
  0  0   1.95e+00
  0  0   2.15e+00
  0  0   2.37e+00
  3  7   9.72e-01
  0  0   9.72e-01
  0  0   9.72e-01
  0  0   9.72e-01
  0  0   9.71e-01
  0  0   9.71e-01
  0  0   9.71e-01
  0  0   9.73e-01
  0  0   9.78e-01
  0  0   9.89e-01
  0  0   1.01e+00
  0  0   1.03e+00
  0  0   1.04e+00
  0  0   1.06e+00
  0  0   1.09e+00
  0  0   1.12e+00
  0  0   1.16e+00
  0  0   1.22e+00
  0  0   1.29e+00
  0  0   1.39e+00
  0  0   1.52e+00
  0  0   1.65e+00
  0  0   1.81e+00
  3  8   1.64e+00
  0  0   1.64e+00
  0  0   1.64e+00
  0  0   1.64e+00
  0  0   1.64e+00
  0  0   1.64e+00
  0  0   1.64e+00
  0  0   1.65e+00
  0  0   1.65e+00
  0  0   1.65e+00
  0  0   1.66e+00
  0  0   1.68e+00
  0  0   1.69e+00
  0  0   1.71e+00
  0  0   1.75e+00
  0  0   1.80e+00
  0  0   1.89e+00
  0  0   1.99e+00
  0  0   2.12e+00
  0  0   2.27e+00
  0  0   2.48e+00
  0  0   2.72e+00
  0  0   3.00e+00
  3  9   1.32e-01
  0  0   1.32e-01
  0  0   1.32e-01
  0  0   1.32e-01
  0  0   1.32e-01
  0  0   1.32e-01
  0  0   1.32e-01
  0  0   1.32e-01
  0  0   1.32e-01
  0  0   1.32e-01
  0  0   1.32e-01
  0  0   1.32e-01
  0  0   1.32e-01
  0  0   1.33e-01
  0  0   1.39e-01
  0  0   1.50e-01
  0  0   1.64e-01
  0  0   1.70e-01
  0  0   1.61e-01
  0  0   1.41e-01
  0  0   1.17e-01
  0  0   9.24e-02
  0  0   7.08e-02
  3 10   2.25e-02
  0  0   2.25e-02
  0  0   2.25e-02
  0  0   2.26e-02
  0  0   2.26e-02
  0  0   2.26e-02
  0  0   2.27e-02
  0  0   2.27e-02
  0  0   2.25e-02
  0  0   2.21e-02
  0  0   2.13e-02
  0  0   2.06e-02
  0  0   2.07e-02
  0  0   2.14e-02
  0  0   2.33e-02
  0  0   2.69e-02
  0  0   2.97e-02
  0  0   2.97e-02
  0  0   2.69e-02
  0  0   2.23e-02
  0  0   1.75e-02
  0  0   1.31e-02
  0  0   9.58e-03
  4  5   3.94e-01
  0  0   3.94e-01
  0  0   3.93e-01
  0  0   3.91e-01
  0  0   3.89e-01
  0  0   3.86e-01
  0  0   3.85e-01
  0  0   3.90e-01
  0  0   4.09e-01
  0  0   4.63e-01
  0  0   5.72e-01
  0  0   6.91e-01
  0  0   7.14e-01
  0  0   6.93e-01
  0  0   6.57e-01
  0  0   6.03e-01
  0  0   5.49e-01
  0  0   5.03e-01
  0  0   4.41e-01
  0  0   3.66e-01
  0  0   2.90e-01
  0  0   2.22e-01
  0  0   1.64e-01
  4  6   2.91e-02
  0  0   2.91e-02
  0  0   2.90e-02
  0  0   2.90e-02
  0  0   2.90e-02
  0  0   2.90e-02
  0  0   2.89e-02
  0  0   2.89e-02
  0  0   2.89e-02
  0  0   2.92e-02
  0  0   2.97e-02
  0  0   3.02e-02
  0  0   2.98e-02
  0  0   2.92e-02
  0  0   2.91e-02
  0  0   2.99e-02
  0  0   3.13e-02
  0  0   3.21e-02
  0  0   3.08e-02
  0  0   2.74e-02
  0  0   2.29e-02
  0  0   1.82e-02
  0  0   1.39e-02
  4  7   1.59e+00
  0  0   1.59e+00
  0  0   1.59e+00
  0  0   1.59e+00
  0  0   1.59e+00
  0  0   1.59e+00
  0  0   1.59e+00
  0  0   1.59e+00
  0  0   1.59e+00
  0  0   1.61e+00
  0  0   1.63e+00
  0  0   1.66e+00
  0  0   1.68e+00
  0  0   1.71e+00
  0  0   1.75e+00
  0  0   1.81e+00
  0  0   1.88e+00
  0  0   1.98e+00
  0  0   2.11e+00
  0  0   2.27e+00
  0  0   2.48e+00
  0  0   2.72e+00
  0  0   3.00e+00
  4  8   4.86e+00
  0  0   4.86e+00
  0  0   4.86e+00
  0  0   4.86e+00
  0  0   4.86e+00
  0  0   4.87e+00
  0  0   4.87e+00
  0  0   4.87e+00
  0  0   4.88e+00
  0  0   4.90e+00
  0  0   4.92e+00
  0  0   4.96e+00
  0  0   5.02e+00
  0  0   5.09e+00
  0  0   5.20e+00
  0  0   5.36e+00
  0  0   5.59e+00
  0  0   5.88e+00
  0  0   6.27e+00
  0  0   6.77e+00
  0  0   7.39e+00
  0  0   8.12e+00
  0  0   8.97e+00
  4  9   2.24e-01
  0  0   2.24e-01
  0  0   2.24e-01
  0  0   2.24e-01
  0  0   2.24e-01
  0  0   2.24e-01
  0  0   2.24e-01
  0  0   2.24e-01
  0  0   2.24e-01
  0  0   2.24e-01
  0  0   2.23e-01
  0  0   2.23e-01
  0  0   2.24e-01
  0  0   2.26e-01
  0  0   2.35e-01
  0  0   2.54e-01
  0  0   2.76e-01
  0  0   2.86e-01
  0  0   2.72e-01
  0  0   2.38e-01
  0  0   1.97e-01
  0  0   1.56e-01
  0  0   1.21e-01
  4 10   3.79e-02
  0  0   3.79e-02
  0  0   3.79e-02
  0  0   3.80e-02
  0  0   3.80e-02
  0  0   3.81e-02
  0  0   3.81e-02
  0  0   3.81e-02
  0  0   3.79e-02
  0  0   3.73e-02
  0  0   3.60e-02
  0  0   3.46e-02
  0  0   3.48e-02
  0  0   3.60e-02
  0  0   3.91e-02
  0  0   4.51e-02
  0  0   5.02e-02
  0  0   5.01e-02
  0  0   4.52e-02
  0  0   3.76e-02
  0  0   2.95e-02
  0  0   2.20e-02
  0  0   1.58e-02
  5  6   7.83e-02
  0  0   7.81e-02
  0  0   7.79e-02
  0  0   7.75e-02
  0  0   7.70e-02
  0  0   7.63e-02
  0  0   7.54e-02
  0  0   7.48e-02
  0  0   7.51e-02
  0  0   7.79e-02
  0  0   8.41e-02
  0  0   8.78e-02
  0  0   8.01e-02
  0  0   7.11e-02
  0  0   6.38e-02
  0  0   5.60e-02
  0  0   4.96e-02
  0  0   4.46e-02
  0  0   3.88e-02
  0  0   3.23e-02
  0  0   2.58e-02
  0  0   2.01e-02
  0  0   1.53e-02
  5  7   2.52e-01
  0  0   2.52e-01
  0  0   2.51e-01
  0  0   2.50e-01
  0  0   2.49e-01
  0  0   2.47e-01
  0  0   2.44e-01
  0  0   2.42e-01
  0  0   2.42e-01
  0  0   2.48e-01
  0  0   2.62e-01
  0  0   2.68e-01
  0  0   2.44e-01
  0  0   2.16e-01
  0  0   1.92e-01
  0  0   1.68e-01
  0  0   1.49e-01
  0  0   1.34e-01
  0  0   1.17e-01
  0  0   9.71e-02
  0  0   7.76e-02
  0  0   6.01e-02
  0  0   4.55e-02
  5  8   4.41e-01
  0  0   4.41e-01
  0  0   4.39e-01
  0  0   4.38e-01
  0  0   4.35e-01
  0  0   4.32e-01
  0  0   4.28e-01
  0  0   4.24e-01
  0  0   4.23e-01
  0  0   4.30e-01
  0  0   4.48e-01
  0  0   4.53e-01
  0  0   4.10e-01
  0  0   3.62e-01
  0  0   3.22e-01
  0  0   2.82e-01
  0  0   2.50e-01
  0  0   2.24e-01
  0  0   1.95e-01
  0  0   1.63e-01
  0  0   1.31e-01
  0  0   1.02e-01
  0  0   7.73e-02
  5  9   6.83e+00
  0  0   6.83e+00
  0  0   6.83e+00
  0  0   6.83e+00
  0  0   6.84e+00
  0  0   6.84e+00
  0  0   6.84e+00
  0  0   6.86e+00
  0  0   6.88e+00
  0  0   6.93e+00
  0  0   7.01e+00
  0  0   7.12e+00
  0  0   7.23e+00
  0  0   7.38e+00
  0  0   7.58e+00
  0  0   7.86e+00
  0  0   8.23e+00
  0  0   8.72e+00
  0  0   9.34e+00
  0  0   1.01e+01
  0  0   1.10e+01
  0  0   1.21e+01
  0  0   1.33e+01
  5 10   2.21e+00
  0  0   2.21e+00
  0  0   2.21e+00
  0  0   2.21e+00
  0  0   2.21e+00
  0  0   2.21e+00
  0  0   2.21e+00
  0  0   2.21e+00
  0  0   2.22e+00
  0  0   2.22e+00
  0  0   2.23e+00
  0  0   2.24e+00
  0  0   2.27e+00
  0  0   2.31e+00
  0  0   2.36e+00
  0  0   2.44e+00
  0  0   2.55e+00
  0  0   2.70e+00
  0  0   2.90e+00
  0  0   3.16e+00
  0  0   3.48e+00
  0  0   3.87e+00
  0  0   4.32e+00
  6  7   2.91e-01
  0  0   2.91e-01
  0  0   2.91e-01
  0  0   2.90e-01
  0  0   2.90e-01
  0  0   2.89e-01
  0  0   2.89e-01
  0  0   2.88e-01
  0  0   2.90e-01
  0  0   2.96e-01
  0  0   3.08e-01
  0  0   3.20e-01
  0  0   3.16e-01
  0  0   3.08e-01
  0  0   3.04e-01
  0  0   3.00e-01
  0  0   2.99e-01
  0  0   2.97e-01
  0  0   2.79e-01
  0  0   2.48e-01
  0  0   2.08e-01
  0  0   1.67e-01
  0  0   1.29e-01
  6  8   1.68e-01
  0  0   1.68e-01
  0  0   1.68e-01
  0  0   1.68e-01
  0  0   1.67e-01
  0  0   1.67e-01
  0  0   1.67e-01
  0  0   1.67e-01
  0  0   1.67e-01
  0  0   1.69e-01
  0  0   1.74e-01
  0  0   1.78e-01
  0  0   1.76e-01
  0  0   1.73e-01
  0  0   1.71e-01
  0  0   1.72e-01
  0  0   1.77e-01
  0  0   1.82e-01
  0  0   1.81e-01
  0  0   1.72e-01
  0  0   1.60e-01
  0  0   1.50e-01
  0  0   1.42e-01
  6  9   1.53e-01
  0  0   1.53e-01
  0  0   1.53e-01
  0  0   1.53e-01
  0  0   1.53e-01
  0  0   1.53e-01
  0  0   1.53e-01
  0  0   1.53e-01
  0  0   1.53e-01
  0  0   1.53e-01
  0  0   1.53e-01
  0  0   1.53e-01
  0  0   1.53e-01
  0  0   1.52e-01
  0  0   1.50e-01
  0  0   1.51e-01
  0  0   1.51e-01
  0  0   1.48e-01
  0  0   1.38e-01
  0  0   1.21e-01
  0  0   1.00e-01
  0  0   7.97e-02
  0  0   6.10e-02
  6 10   1.93e-02
  0  0   1.93e-02
  0  0   1.93e-02
  0  0   1.93e-02
  0  0   1.93e-02
  0  0   1.93e-02
  0  0   1.93e-02
  0  0   1.93e-02
  0  0   1.93e-02
  0  0   1.93e-02
  0  0   1.94e-02
  0  0   1.95e-02
  0  0   1.94e-02
  0  0   1.94e-02
  0  0   2.01e-02
  0  0   2.17e-02
  0  0   2.32e-02
  0  0   2.30e-02
  0  0   2.08e-02
  0  0   1.74e-02
  0  0   1.37e-02
  0  0   1.03e-02
  0  0   7.52e-03
  7  8   7.60e-01
  0  0   7.60e-01
  0  0   7.59e-01
  0  0   7.58e-01
  0  0   7.57e-01
  0  0   7.56e-01
  0  0   7.54e-01
  0  0   7.54e-01
  0  0   7.56e-01
  0  0   7.65e-01
  0  0   7.86e-01
  0  0   8.05e-01
  0  0   7.94e-01
  0  0   7.75e-01
  0  0   7.64e-01
  0  0   7.62e-01
  0  0   7.73e-01
  0  0   7.81e-01
  0  0   7.54e-01
  0  0   6.95e-01
  0  0   6.21e-01
  0  0   5.46e-01
  0  0   4.80e-01
  7  9   4.62e-01
  0  0   4.62e-01
  0  0   4.62e-01
  0  0   4.62e-01
  0  0   4.62e-01
  0  0   4.62e-01
  0  0   4.62e-01
  0  0   4.62e-01
  0  0   4.62e-01
  0  0   4.62e-01
  0  0   4.62e-01
  0  0   4.62e-01
  0  0   4.62e-01
  0  0   4.59e-01
  0  0   4.55e-01
  0  0   4.55e-01
  0  0   4.56e-01
  0  0   4.47e-01
  0  0   4.15e-01
  0  0   3.63e-01
  0  0   3.02e-01
  0  0   2.39e-01
  0  0   1.83e-01
  7 10   5.83e-02
  0  0   5.83e-02
  0  0   5.82e-02
  0  0   5.82e-02
  0  0   5.82e-02
  0  0   5.81e-02
  0  0   5.81e-02
  0  0   5.80e-02
  0  0   5.80e-02
  0  0   5.82e-02
  0  0   5.86e-02
  0  0   5.89e-02
  0  0   5.84e-02
  0  0   5.83e-02
  0  0   6.03e-02
  0  0   6.54e-02
  0  0   7.00e-02
  0  0   6.92e-02
  0  0   6.25e-02
  0  0   5.23e-02
  0  0   4.12e-02
  0  0   3.10e-02
  0  0   2.25e-02
  8  9   7.79e-01
  0  0   7.79e-01
  0  0   7.79e-01
  0  0   7.79e-01
  0  0   7.79e-01
  0  0   7.78e-01
  0  0   7.78e-01
  0  0   7.78e-01
  0  0   7.78e-01
  0  0   7.78e-01
  0  0   7.79e-01
  0  0   7.79e-01
  0  0   7.77e-01
  0  0   7.72e-01
  0  0   7.67e-01
  0  0   7.66e-01
  0  0   7.67e-01
  0  0   7.51e-01
  0  0   6.96e-01
  0  0   6.09e-01
  0  0   5.07e-01
  0  0   4.03e-01
  0  0   3.09e-01
  8 10   9.78e-02
  0  0   9.78e-02
  0  0   9.78e-02
  0  0   9.78e-02
  0  0   9.77e-02
  0  0   9.76e-02
  0  0   9.76e-02
  0  0   9.75e-02
  0  0   9.75e-02
  0  0   9.78e-02
  0  0   9.84e-02
  0  0   9.88e-02
  0  0   9.81e-02
  0  0   9.79e-02
  0  0   1.01e-01
  0  0   1.09e-01
  0  0   1.17e-01
  0  0   1.16e-01
  0  0   1.05e-01
  0  0   8.75e-02
  0  0   6.90e-02
  0  0   5.20e-02
  0  0   3.79e-02
  9 10   2.41e-01
  0  0   2.41e-01
  0  0   2.41e-01
  0  0   2.41e-01
  0  0   2.41e-01
  0  0   2.42e-01
  0  0   2.42e-01
  0  0   2.42e-01
  0  0   2.43e-01
  0  0   2.43e-01
  0  0   2.44e-01
  0  0   2.46e-01
  0  0   2.49e-01
  0  0   2.55e-01
  0  0   2.65e-01
  0  0   2.82e-01
  0  0   3.00e-01
  0  0   3.13e-01
  0  0   3.21e-01
  0  0   3.29e-01
  0  0   3.39e-01
  0  0   3.54e-01
  0  0   3.70e-01
 0 0 0
  1  2   0.000e+00
  1  3   2.288e+03
  1  4   2.173e-02
  1  5   2.873e+09
  1  6   0.000e+00
  1  7   0.000e+00
  1  8   0.000e+00
  1  9   3.910e+03
  1 10   0.000e+00
  2  3   0.000e+00
  2  4   0.000e+00
  2  5   0.000e+00
  2  6   0.000e+00
  2  7   7.409e+08
  2  8   0.000e+00
  2  9   0.000e+00
  2 10   0.000e+00
  3  4   3.913e-04
  3  5   0.000e+00
  3  6   2.208e+09
  3  7   5.539e+08
  3  8   5.574e+08
  3  9   3.739e+04
  3 10   0.000e+00
  4  5   0.000e+00
  4  6   0.000e+00
  4  7   9.167e+08
  4  8   1.660e+09
  4  9   3.717e+05
  4 10   0.000e+00
  5  6   0.000e+00
  5  7   0.000e+00
  5  8   0.000e+00
  5  9   3.365e+08
  5 10   3.832e+09
  6  7   0.000e+00
  6  8   0.000e+00
  6  9   0.000e+00
  6 10   0.000e+00
  7  8   0.000e+00
  7  9   0.000e+00
  7 10   0.000e+00
  8  9   0.000e+00
  8 10   0.000e+00
  9 10   0.000e+00
  1  1        0.0
  2  1    81942.5
  3  3    82078.6
  4  5    82385.3
  5  3   158797.7
  6  1   213462.5
  7  3   213618.2
  8  5   213887.0
  9  5   231721.4
 10  1   287910.3
