30
** Atomic data from version 10 of the CHIANTI database **
%filename: o_8.elvlc
%energy levels: Martin, W.C., Sugar, J., Musgrove, A., Dalton, G.R., 1995,
NIST Database for Atomic Spectroscopy, Version 1.0, NIST Standard Reference Database 61.
%comment:      7028393.6     Limit
%comment: theoreical energy levels are identical to the observed ones.
%produced as part of the Arcetri/Cambridge/NRL 'CHIANTI' atomic data base collaboration
%
%  K.P.Dere 1999
%filename: o_8.wgfa
%energy levels: Martin, W.C., Sugar, J., Musgrove, A., Dalton, G.R., 1995,
NIST Database for Atomic Spectroscopy, Version 1.0, NIST Standard Reference Database 61.
%A values (1-2): Parpia, F.A., Johnson, W.R., 1982, Phys.Rev.A, 26, 1142.
%Radiative data: SUPERSTRUCTURE calculation including all levels up to n=5.
%comment: level ordering does not follow energy ordering.
%
%  Giulio Del Zanna  -  May 2006
% edited wavelengths at line 224 to provide a space between the wavelength and the level2 numbers
% K Dere 7 oct 2015
%File processed with wgfa_tidy by pryoung on  6-Mar-2019
-1
%filename: o_8.splups
%oscillator strengths: SUPERSTRUCTURE calculation including all levels up to n=5.
%effective collision strengths: Ballance, Badnell, & Smith 2003, J. Phys. B, 36, 3707
%comment: The fine structure collision strengths have been obtained assuming a distribution 
          according to statistical weights.
%comment: Only excitations from the 1s and 2s levels are retained from the original dataset.
%produced as part of the Arcetri/Cambridge/NRL 'CHIANTI' atomic data base collaboration
%
%   G. Del Zanna  -  May 2006
9 23
  1  1s 2S0
  2  2s 2S0
  3  2p 2P0
  4  2p 2P1
  5  3s 2S0
  6  3p 2P0
  7  3p 2P1
  8  3d 2D1
  9  3d 2D2
     100.0
     158.5
     251.2
     398.1
     631.0
    1000.0
    1584.9
    2511.9
    3981.1
    6309.6
   10000.0
   15848.9
   25118.9
   39810.7
   63095.7
  100000.0
  158489.3
  251188.6
  398107.2
  630957.3
 1000000.0
 1584893.2
 2511886.4
0
  1  2   9.97e-03
  0  0   9.97e-03
  0  0   9.97e-03
  0  0   9.97e-03
  0  0   9.97e-03
  0  0   9.97e-03
  0  0   9.96e-03
  0  0   9.96e-03
  0  0   9.95e-03
  0  0   9.93e-03
  0  0   9.91e-03
  0  0   9.88e-03
  0  0   9.85e-03
  0  0   9.82e-03
  0  0   9.82e-03
  0  0   9.90e-03
  0  0   1.01e-02
  0  0   1.05e-02
  0  0   1.09e-02
  0  0   1.11e-02
  0  0   1.12e-02
  0  0   1.12e-02
  0  0   1.11e-02
  1  3   1.40e-02
  0  0   1.40e-02
  0  0   1.40e-02
  0  0   1.40e-02
  0  0   1.40e-02
  0  0   1.40e-02
  0  0   1.40e-02
  0  0   1.40e-02
  0  0   1.40e-02
  0  0   1.41e-02
  0  0   1.41e-02
  0  0   1.41e-02
  0  0   1.41e-02
  0  0   1.42e-02
  0  0   1.43e-02
  0  0   1.45e-02
  0  0   1.47e-02
  0  0   1.50e-02
  0  0   1.54e-02
  0  0   1.58e-02
  0  0   1.63e-02
  0  0   1.69e-02
  0  0   1.78e-02
  1  4   2.81e-02
  0  0   2.81e-02
  0  0   2.81e-02
  0  0   2.81e-02
  0  0   2.81e-02
  0  0   2.81e-02
  0  0   2.81e-02
  0  0   2.81e-02
  0  0   2.81e-02
  0  0   2.81e-02
  0  0   2.82e-02
  0  0   2.82e-02
  0  0   2.83e-02
  0  0   2.84e-02
  0  0   2.86e-02
  0  0   2.89e-02
  0  0   2.94e-02
  0  0   3.00e-02
  0  0   3.07e-02
  0  0   3.16e-02
  0  0   3.25e-02
  0  0   3.37e-02
  0  0   3.55e-02
  1  5   2.87e-03
  0  0   2.87e-03
  0  0   2.87e-03
  0  0   2.87e-03
  0  0   2.87e-03
  0  0   2.86e-03
  0  0   2.86e-03
  0  0   2.86e-03
  0  0   2.85e-03
  0  0   2.84e-03
  0  0   2.82e-03
  0  0   2.80e-03
  0  0   2.77e-03
  0  0   2.74e-03
  0  0   2.71e-03
  0  0   2.71e-03
  0  0   2.74e-03
  0  0   2.75e-03
  0  0   2.68e-03
  0  0   2.59e-03
  0  0   2.50e-03
  0  0   2.41e-03
  0  0   2.34e-03
  1  6   3.10e-03
  0  0   3.10e-03
  0  0   3.10e-03
  0  0   3.10e-03
  0  0   3.10e-03
  0  0   3.10e-03
  0  0   3.10e-03
  0  0   3.10e-03
  0  0   3.10e-03
  0  0   3.11e-03
  0  0   3.11e-03
  0  0   3.12e-03
  0  0   3.14e-03
  0  0   3.16e-03
  0  0   3.19e-03
  0  0   3.23e-03
  0  0   3.27e-03
  0  0   3.32e-03
  0  0   3.36e-03
  0  0   3.38e-03
  0  0   3.41e-03
  0  0   3.50e-03
  0  0   3.62e-03
  1  7   6.19e-03
  0  0   6.19e-03
  0  0   6.19e-03
  0  0   6.19e-03
  0  0   6.19e-03
  0  0   6.19e-03
  0  0   6.20e-03
  0  0   6.20e-03
  0  0   6.20e-03
  0  0   6.21e-03
  0  0   6.22e-03
  0  0   6.24e-03
  0  0   6.27e-03
  0  0   6.31e-03
  0  0   6.37e-03
  0  0   6.45e-03
  0  0   6.55e-03
  0  0   6.64e-03
  0  0   6.72e-03
  0  0   6.76e-03
  0  0   6.83e-03
  0  0   7.01e-03
  0  0   7.25e-03
  1  8   1.07e-03
  0  0   1.07e-03
  0  0   1.07e-03
  0  0   1.07e-03
  0  0   1.07e-03
  0  0   1.07e-03
  0  0   1.07e-03
  0  0   1.06e-03
  0  0   1.06e-03
  0  0   1.06e-03
  0  0   1.06e-03
  0  0   1.05e-03
  0  0   1.05e-03
  0  0   1.05e-03
  0  0   1.07e-03
  0  0   1.11e-03
  0  0   1.18e-03
  0  0   1.20e-03
  0  0   1.14e-03
  0  0   1.04e-03
  0  0   9.21e-04
  0  0   8.13e-04
  0  0   7.14e-04
  1  9   1.60e-03
  0  0   1.60e-03
  0  0   1.60e-03
  0  0   1.60e-03
  0  0   1.60e-03
  0  0   1.60e-03
  0  0   1.60e-03
  0  0   1.60e-03
  0  0   1.59e-03
  0  0   1.59e-03
  0  0   1.58e-03
  0  0   1.58e-03
  0  0   1.58e-03
  0  0   1.58e-03
  0  0   1.61e-03
  0  0   1.67e-03
  0  0   1.76e-03
  0  0   1.80e-03
  0  0   1.70e-03
  0  0   1.55e-03
  0  0   1.38e-03
  0  0   1.22e-03
  0  0   1.07e-03
  2  5   9.69e-02
  0  0   9.69e-02
  0  0   9.69e-02
  0  0   9.70e-02
  0  0   9.70e-02
  0  0   9.70e-02
  0  0   9.70e-02
  0  0   9.71e-02
  0  0   9.72e-02
  0  0   9.73e-02
  0  0   9.75e-02
  0  0   9.79e-02
  0  0   9.84e-02
  0  0   9.92e-02
  0  0   1.01e-01
  0  0   1.02e-01
  0  0   1.05e-01
  0  0   1.08e-01
  0  0   1.11e-01
  0  0   1.14e-01
  0  0   1.18e-01
  0  0   1.23e-01
  0  0   1.29e-01
  2  6   4.58e-02
  0  0   4.58e-02
  0  0   4.58e-02
  0  0   4.58e-02
  0  0   4.58e-02
  0  0   4.58e-02
  0  0   4.59e-02
  0  0   4.59e-02
  0  0   4.60e-02
  0  0   4.62e-02
  0  0   4.64e-02
  0  0   4.67e-02
  0  0   4.72e-02
  0  0   4.80e-02
  0  0   4.91e-02
  0  0   5.08e-02
  0  0   5.30e-02
  0  0   5.56e-02
  0  0   5.82e-02
  0  0   6.21e-02
  0  0   6.84e-02
  0  0   7.83e-02
  0  0   9.34e-02
  2  7   9.16e-02
  0  0   9.16e-02
  0  0   9.16e-02
  0  0   9.16e-02
  0  0   9.17e-02
  0  0   9.17e-02
  0  0   9.18e-02
  0  0   9.19e-02
  0  0   9.21e-02
  0  0   9.23e-02
  0  0   9.28e-02
  0  0   9.34e-02
  0  0   9.44e-02
  0  0   9.60e-02
  0  0   9.83e-02
  0  0   1.02e-01
  0  0   1.06e-01
  0  0   1.11e-01
  0  0   1.16e-01
  0  0   1.24e-01
  0  0   1.37e-01
  0  0   1.57e-01
  0  0   1.87e-01
  2  8   9.41e-02
  0  0   9.41e-02
  0  0   9.41e-02
  0  0   9.41e-02
  0  0   9.42e-02
  0  0   9.42e-02
  0  0   9.43e-02
  0  0   9.44e-02
  0  0   9.45e-02
  0  0   9.47e-02
  0  0   9.51e-02
  0  0   9.57e-02
  0  0   9.65e-02
  0  0   9.78e-02
  0  0   9.97e-02
  0  0   1.02e-01
  0  0   1.05e-01
  0  0   1.09e-01
  0  0   1.11e-01
  0  0   1.14e-01
  0  0   1.18e-01
  0  0   1.25e-01
  0  0   1.36e-01
  2  9   1.41e-01
  0  0   1.41e-01
  0  0   1.41e-01
  0  0   1.41e-01
  0  0   1.41e-01
  0  0   1.41e-01
  0  0   1.41e-01
  0  0   1.42e-01
  0  0   1.42e-01
  0  0   1.42e-01
  0  0   1.43e-01
  0  0   1.44e-01
  0  0   1.45e-01
  0  0   1.47e-01
  0  0   1.50e-01
  0  0   1.53e-01
  0  0   1.58e-01
  0  0   1.63e-01
  0  0   1.67e-01
  0  0   1.71e-01
  0  0   1.77e-01
  0  0   1.88e-01
  0  0   2.03e-01
 0 0 0
  1  2   2.153e+06
  1  3   2.564e+12
  1  4   2.564e+12
  1  5   0.000e+00
  1  6   6.807e+11
  1  7   6.826e+11
  1  8   1.565e+08
  1  9   1.564e+08
  2  3   0.000e+00
  2  4   0.000e+00
  2  5   0.000e+00
  2  6   9.199e+10
  2  7   9.179e+10
  2  8   1.342e+07
  2  9   1.343e+07
  3  4   0.000e+00
  3  5   8.581e+09
  3  6   0.000e+00
  3  7   3.134e+06
  3  8   2.210e+11
  3  9   0.000e+00
  4  5   1.735e+10
  4  6   6.266e+06
  4  7   3.132e+06
  4  8   4.414e+10
  4  9   2.649e+11
  5  6   0.000e+00
  5  7   0.000e+00
  5  8   0.000e+00
  5  9   0.000e+00
  6  7   0.000e+00
  6  8   0.000e+00
  6  9   0.000e+00
  7  8   0.000e+00
  7  9   0.000e+00
  8  9   0.000e+00
  1  2        0.0
  2  2   5270855.4
  3  2   5270781.8
  4  4   5272284.4
  5  2   6247421.7
  6  2   6247399.7
  7  4   6247845.0
  8  4   6247844.2
  9  6   6247992.4
