56
** Atomic data from version 10 of the CHIANTI database **

Theoretical energies:

Mao, J. , Badnell, N. R., Del Zanna, G., 2020, A&A, 634, A7
DOI:  10.1051/0004-6361/201936931

Observed energies:

NIST Atomic Spectra Database, (ver. 5.7.1), [Online].
https://physics.nist.gov/PhysRefData/ASD/levels_form.html

Note: several energies were uncertain and were not included.


Produced as part of the 'CHIANTI' atomic data base collaboration by
Giulio Del Zanna, June 2020


-1


gf-values, A-values and theoretical energies:

Mao, J. , Badnell, N. R., Del Zanna, G., 2020, A&A, 634, A7
DOI:  10.1051/0004-6361/201936931

Only transition probabilities with a branching ratio
greater than 10^(-5) have been retained.

gf-values, A-values for the ground configuration 2s2 2p2 and  the 2s 2p3 are from the ab-initio
MCHF calculation by G. Tachiev (2004), following
G. Tachiev and C. Froese Fischer,  (energy adjusted), 2001, Can. J. Phys. 79,955
http://adsabs.harvard.edu/abs/2001CaJPh..79..955T

Observed energies:

NIST Atomic Spectra Database, (ver. 5.7.1), [Online].
https://physics.nist.gov/PhysRefData/ASD/levels_form.html

Note: several energies were uncertain and were not included.

Produced as part of the 'CHIANTI' atomic data base collaboration by
Giulio Del Zanna, June 2020

-1

oscillator strengths and effective collision strengths:

Mao, J. , Badnell, N. R., Del Zanna, G., 2020, A&A, 634, A7
DOI:  10.1051/0004-6361/201936931 

Produced as part of the 'CHIANTI' atomic data base collaboration by
Giulio Del Zanna, June 2020


15 23
  1  2s2 2p2 3P0
  2  2s2 2p2 3P1
  3  2s2 2p2 3P2
  4  2s2 2p2 1D2
  5  2s2 2p2 1S0
  6  2s 2p3 5S2
  7  2s 2p3 3D2
  8  2s 2p3 3D1
  9  2s 2p3 3D3
 10  2s 2p3 3P0
 11  2s 2p3 3P1
 12  2s 2p3 3P2
 13  2s 2p3 1D2
 14  2s 2p3 3S1
 15  2s 2p3 1P1
     100.0
     158.5
     251.2
     398.1
     631.0
    1000.0
    1584.9
    2511.9
    3981.1
    6309.6
   10000.0
   15848.9
   25118.9
   39810.7
   63095.7
  100000.0
  158489.3
  251188.6
  398107.2
  630957.3
 1000000.0
 1584893.2
 2511886.4
0
  1  2   4.19e-01
  0  0   4.19e-01
  0  0   4.19e-01
  0  0   4.20e-01
  0  0   4.20e-01
  0  0   4.21e-01
  0  0   4.22e-01
  0  0   4.23e-01
  0  0   4.25e-01
  0  0   4.26e-01
  0  0   4.26e-01
  0  0   4.20e-01
  0  0   4.01e-01
  0  0   3.62e-01
  0  0   3.22e-01
  0  0   3.25e-01
  0  0   3.22e-01
  0  0   2.94e-01
  0  0   2.61e-01
  0  0   2.26e-01
  0  0   1.88e-01
  0  0   1.53e-01
  0  0   1.22e-01
  1  3   2.59e-01
  0  0   2.59e-01
  0  0   2.59e-01
  0  0   2.59e-01
  0  0   2.59e-01
  0  0   2.59e-01
  0  0   2.59e-01
  0  0   2.59e-01
  0  0   2.59e-01
  0  0   2.59e-01
  0  0   2.58e-01
  0  0   2.54e-01
  0  0   2.46e-01
  0  0   2.29e-01
  0  0   2.10e-01
  0  0   2.02e-01
  0  0   1.93e-01
  0  0   1.76e-01
  0  0   1.54e-01
  0  0   1.32e-01
  0  0   1.12e-01
  0  0   9.40e-02
  0  0   7.78e-02
  1  4   6.31e-02
  0  0   6.31e-02
  0  0   6.31e-02
  0  0   6.31e-02
  0  0   6.31e-02
  0  0   6.31e-02
  0  0   6.31e-02
  0  0   6.31e-02
  0  0   6.31e-02
  0  0   6.31e-02
  0  0   6.32e-02
  0  0   6.36e-02
  0  0   6.44e-02
  0  0   6.60e-02
  0  0   6.79e-02
  0  0   6.87e-02
  0  0   6.74e-02
  0  0   6.38e-02
  0  0   5.90e-02
  0  0   5.42e-02
  0  0   5.00e-02
  0  0   4.47e-02
  0  0   3.81e-02
  1  5   1.14e-02
  0  0   1.14e-02
  0  0   1.14e-02
  0  0   1.14e-02
  0  0   1.14e-02
  0  0   1.14e-02
  0  0   1.13e-02
  0  0   1.13e-02
  0  0   1.13e-02
  0  0   1.12e-02
  0  0   1.12e-02
  0  0   1.12e-02
  0  0   1.14e-02
  0  0   1.19e-02
  0  0   1.24e-02
  0  0   1.20e-02
  0  0   1.12e-02
  0  0   1.03e-02
  0  0   9.58e-03
  0  0   9.40e-03
  0  0   9.48e-03
  0  0   9.01e-03
  0  0   7.84e-03
  1  6   3.47e-02
  0  0   3.46e-02
  0  0   3.46e-02
  0  0   3.45e-02
  0  0   3.45e-02
  0  0   3.43e-02
  0  0   3.41e-02
  0  0   3.39e-02
  0  0   3.35e-02
  0  0   3.31e-02
  0  0   3.28e-02
  0  0   3.32e-02
  0  0   3.51e-02
  0  0   3.97e-02
  0  0   4.37e-02
  0  0   4.05e-02
  0  0   3.58e-02
  0  0   3.20e-02
  0  0   2.70e-02
  0  0   2.26e-02
  0  0   2.00e-02
  0  0   1.74e-02
  0  0   1.45e-02
  1  7   2.08e-02
  0  0   2.08e-02
  0  0   2.08e-02
  0  0   2.08e-02
  0  0   2.08e-02
  0  0   2.08e-02
  0  0   2.07e-02
  0  0   2.07e-02
  0  0   2.06e-02
  0  0   2.05e-02
  0  0   2.04e-02
  0  0   2.03e-02
  0  0   2.03e-02
  0  0   2.05e-02
  0  0   2.05e-02
  0  0   1.94e-02
  0  0   1.75e-02
  0  0   1.56e-02
  0  0   1.43e-02
  0  0   1.39e-02
  0  0   1.36e-02
  0  0   1.27e-02
  0  0   1.10e-02
  1  8   3.13e-01
  0  0   3.13e-01
  0  0   3.13e-01
  0  0   3.13e-01
  0  0   3.13e-01
  0  0   3.13e-01
  0  0   3.13e-01
  0  0   3.13e-01
  0  0   3.12e-01
  0  0   3.12e-01
  0  0   3.12e-01
  0  0   3.13e-01
  0  0   3.13e-01
  0  0   3.15e-01
  0  0   3.17e-01
  0  0   3.18e-01
  0  0   3.19e-01
  0  0   3.21e-01
  0  0   3.27e-01
  0  0   3.37e-01
  0  0   3.52e-01
  0  0   3.71e-01
  0  0   3.96e-01
  1  9   2.08e-02
  0  0   2.07e-02
  0  0   2.07e-02
  0  0   2.07e-02
  0  0   2.06e-02
  0  0   2.05e-02
  0  0   2.04e-02
  0  0   2.02e-02
  0  0   1.99e-02
  0  0   1.96e-02
  0  0   1.92e-02
  0  0   1.91e-02
  0  0   1.96e-02
  0  0   2.12e-02
  0  0   2.20e-02
  0  0   1.84e-02
  0  0   1.42e-02
  0  0   1.13e-02
  0  0   8.56e-03
  0  0   6.76e-03
  0  0   6.07e-03
  0  0   5.37e-03
  0  0   4.42e-03
  1 10   2.02e-03
  0  0   2.02e-03
  0  0   2.02e-03
  0  0   2.02e-03
  0  0   2.02e-03
  0  0   2.01e-03
  0  0   2.01e-03
  0  0   2.01e-03
  0  0   2.00e-03
  0  0   1.99e-03
  0  0   1.97e-03
  0  0   1.96e-03
  0  0   1.94e-03
  0  0   1.93e-03
  0  0   1.89e-03
  0  0   1.76e-03
  0  0   1.63e-03
  0  0   1.57e-03
  0  0   1.60e-03
  0  0   1.71e-03
  0  0   1.80e-03
  0  0   1.77e-03
  0  0   1.58e-03
  1 11   2.22e-01
  0  0   2.22e-01
  0  0   2.22e-01
  0  0   2.22e-01
  0  0   2.22e-01
  0  0   2.22e-01
  0  0   2.22e-01
  0  0   2.22e-01
  0  0   2.22e-01
  0  0   2.21e-01
  0  0   2.21e-01
  0  0   2.21e-01
  0  0   2.21e-01
  0  0   2.20e-01
  0  0   2.20e-01
  0  0   2.20e-01
  0  0   2.21e-01
  0  0   2.23e-01
  0  0   2.28e-01
  0  0   2.37e-01
  0  0   2.48e-01
  0  0   2.62e-01
  0  0   2.80e-01
  1 12   2.04e-02
  0  0   2.04e-02
  0  0   2.04e-02
  0  0   2.04e-02
  0  0   2.04e-02
  0  0   2.04e-02
  0  0   2.05e-02
  0  0   2.05e-02
  0  0   2.05e-02
  0  0   2.05e-02
  0  0   2.02e-02
  0  0   1.95e-02
  0  0   1.78e-02
  0  0   1.44e-02
  0  0   1.05e-02
  0  0   8.71e-03
  0  0   7.19e-03
  0  0   5.52e-03
  0  0   5.16e-03
  0  0   5.70e-03
  0  0   6.03e-03
  0  0   5.93e-03
  0  0   5.28e-03
  1 13   5.79e-03
  0  0   5.79e-03
  0  0   5.79e-03
  0  0   5.79e-03
  0  0   5.79e-03
  0  0   5.79e-03
  0  0   5.79e-03
  0  0   5.79e-03
  0  0   5.79e-03
  0  0   5.79e-03
  0  0   5.78e-03
  0  0   5.76e-03
  0  0   5.73e-03
  0  0   5.68e-03
  0  0   5.60e-03
  0  0   5.54e-03
  0  0   5.48e-03
  0  0   5.62e-03
  0  0   6.27e-03
  0  0   7.32e-03
  0  0   8.18e-03
  0  0   8.16e-03
  0  0   7.32e-03
  1 14   1.76e-01
  0  0   1.76e-01
  0  0   1.76e-01
  0  0   1.76e-01
  0  0   1.76e-01
  0  0   1.76e-01
  0  0   1.76e-01
  0  0   1.76e-01
  0  0   1.76e-01
  0  0   1.76e-01
  0  0   1.76e-01
  0  0   1.76e-01
  0  0   1.78e-01
  0  0   1.80e-01
  0  0   1.83e-01
  0  0   1.85e-01
  0  0   1.87e-01
  0  0   1.90e-01
  0  0   1.94e-01
  0  0   2.01e-01
  0  0   2.10e-01
  0  0   2.22e-01
  0  0   2.37e-01
  1 15   2.35e-03
  0  0   2.35e-03
  0  0   2.35e-03
  0  0   2.35e-03
  0  0   2.35e-03
  0  0   2.35e-03
  0  0   2.35e-03
  0  0   2.35e-03
  0  0   2.35e-03
  0  0   2.35e-03
  0  0   2.34e-03
  0  0   2.33e-03
  0  0   2.30e-03
  0  0   2.25e-03
  0  0   2.19e-03
  0  0   2.16e-03
  0  0   2.14e-03
  0  0   2.26e-03
  0  0   2.70e-03
  0  0   3.38e-03
  0  0   3.94e-03
  0  0   3.99e-03
  0  0   3.57e-03
  2  3   1.15e+00
  0  0   1.15e+00
  0  0   1.15e+00
  0  0   1.15e+00
  0  0   1.15e+00
  0  0   1.15e+00
  0  0   1.15e+00
  0  0   1.15e+00
  0  0   1.15e+00
  0  0   1.15e+00
  0  0   1.14e+00
  0  0   1.13e+00
  0  0   1.10e+00
  0  0   1.05e+00
  0  0   9.91e-01
  0  0   9.55e-01
  0  0   9.04e-01
  0  0   8.18e-01
  0  0   7.10e-01
  0  0   5.99e-01
  0  0   5.01e-01
  0  0   4.12e-01
  0  0   3.31e-01
  2  4   2.08e-01
  0  0   2.08e-01
  0  0   2.08e-01
  0  0   2.08e-01
  0  0   2.08e-01
  0  0   2.07e-01
  0  0   2.07e-01
  0  0   2.07e-01
  0  0   2.07e-01
  0  0   2.07e-01
  0  0   2.07e-01
  0  0   2.07e-01
  0  0   2.09e-01
  0  0   2.12e-01
  0  0   2.15e-01
  0  0   2.15e-01
  0  0   2.09e-01
  0  0   1.98e-01
  0  0   1.83e-01
  0  0   1.69e-01
  0  0   1.56e-01
  0  0   1.39e-01
  0  0   1.18e-01
  2  5   3.48e-02
  0  0   3.48e-02
  0  0   3.48e-02
  0  0   3.48e-02
  0  0   3.48e-02
  0  0   3.48e-02
  0  0   3.47e-02
  0  0   3.47e-02
  0  0   3.46e-02
  0  0   3.45e-02
  0  0   3.43e-02
  0  0   3.41e-02
  0  0   3.37e-02
  0  0   3.31e-02
  0  0   3.21e-02
  0  0   3.06e-02
  0  0   2.89e-02
  0  0   2.74e-02
  0  0   2.64e-02
  0  0   2.63e-02
  0  0   2.65e-02
  0  0   2.49e-02
  0  0   2.15e-02
  2  6   9.73e-02
  0  0   9.72e-02
  0  0   9.72e-02
  0  0   9.70e-02
  0  0   9.69e-02
  0  0   9.66e-02
  0  0   9.61e-02
  0  0   9.55e-02
  0  0   9.47e-02
  0  0   9.39e-02
  0  0   9.35e-02
  0  0   9.47e-02
  0  0   9.95e-02
  0  0   1.10e-01
  0  0   1.17e-01
  0  0   1.11e-01
  0  0   1.00e-01
  0  0   8.85e-02
  0  0   7.55e-02
  0  0   6.49e-02
  0  0   5.76e-02
  0  0   5.04e-02
  0  0   4.25e-02
  2  7   7.36e-01
  0  0   7.36e-01
  0  0   7.36e-01
  0  0   7.36e-01
  0  0   7.35e-01
  0  0   7.35e-01
  0  0   7.35e-01
  0  0   7.34e-01
  0  0   7.33e-01
  0  0   7.32e-01
  0  0   7.32e-01
  0  0   7.32e-01
  0  0   7.35e-01
  0  0   7.42e-01
  0  0   7.46e-01
  0  0   7.41e-01
  0  0   7.36e-01
  0  0   7.37e-01
  0  0   7.46e-01
  0  0   7.65e-01
  0  0   7.97e-01
  0  0   8.40e-01
  0  0   8.93e-01
  2  8   2.22e-01
  0  0   2.22e-01
  0  0   2.22e-01
  0  0   2.22e-01
  0  0   2.22e-01
  0  0   2.22e-01
  0  0   2.22e-01
  0  0   2.22e-01
  0  0   2.21e-01
  0  0   2.21e-01
  0  0   2.21e-01
  0  0   2.21e-01
  0  0   2.22e-01
  0  0   2.24e-01
  0  0   2.25e-01
  0  0   2.23e-01
  0  0   2.18e-01
  0  0   2.14e-01
  0  0   2.14e-01
  0  0   2.17e-01
  0  0   2.24e-01
  0  0   2.33e-01
  0  0   2.44e-01
  2  9   6.40e-02
  0  0   6.39e-02
  0  0   6.39e-02
  0  0   6.38e-02
  0  0   6.37e-02
  0  0   6.34e-02
  0  0   6.31e-02
  0  0   6.27e-02
  0  0   6.20e-02
  0  0   6.11e-02
  0  0   6.03e-02
  0  0   6.00e-02
  0  0   6.12e-02
  0  0   6.51e-02
  0  0   6.71e-02
  0  0   5.86e-02
  0  0   4.83e-02
  0  0   4.08e-02
  0  0   3.44e-02
  0  0   3.07e-02
  0  0   2.94e-02
  0  0   2.71e-02
  0  0   2.33e-02
  2 10   2.38e-01
  0  0   2.38e-01
  0  0   2.38e-01
  0  0   2.38e-01
  0  0   2.38e-01
  0  0   2.38e-01
  0  0   2.38e-01
  0  0   2.38e-01
  0  0   2.38e-01
  0  0   2.38e-01
  0  0   2.37e-01
  0  0   2.38e-01
  0  0   2.39e-01
  0  0   2.40e-01
  0  0   2.42e-01
  0  0   2.42e-01
  0  0   2.44e-01
  0  0   2.48e-01
  0  0   2.54e-01
  0  0   2.63e-01
  0  0   2.75e-01
  0  0   2.91e-01
  0  0   3.10e-01
  2 11   2.58e-01
  0  0   2.58e-01
  0  0   2.58e-01
  0  0   2.58e-01
  0  0   2.58e-01
  0  0   2.58e-01
  0  0   2.58e-01
  0  0   2.58e-01
  0  0   2.58e-01
  0  0   2.57e-01
  0  0   2.57e-01
  0  0   2.56e-01
  0  0   2.54e-01
  0  0   2.51e-01
  0  0   2.47e-01
  0  0   2.45e-01
  0  0   2.44e-01
  0  0   2.45e-01
  0  0   2.49e-01
  0  0   2.57e-01
  0  0   2.69e-01
  0  0   2.84e-01
  0  0   3.02e-01
  2 12   2.76e-01
  0  0   2.76e-01
  0  0   2.76e-01
  0  0   2.76e-01
  0  0   2.76e-01
  0  0   2.76e-01
  0  0   2.76e-01
  0  0   2.76e-01
  0  0   2.76e-01
  0  0   2.76e-01
  0  0   2.75e-01
  0  0   2.73e-01
  0  0   2.69e-01
  0  0   2.61e-01
  0  0   2.53e-01
  0  0   2.49e-01
  0  0   2.46e-01
  0  0   2.46e-01
  0  0   2.51e-01
  0  0   2.60e-01
  0  0   2.72e-01
  0  0   2.87e-01
  0  0   3.04e-01
  2 13   1.83e-02
  0  0   1.83e-02
  0  0   1.83e-02
  0  0   1.83e-02
  0  0   1.83e-02
  0  0   1.83e-02
  0  0   1.83e-02
  0  0   1.83e-02
  0  0   1.83e-02
  0  0   1.83e-02
  0  0   1.82e-02
  0  0   1.82e-02
  0  0   1.82e-02
  0  0   1.81e-02
  0  0   1.80e-02
  0  0   1.78e-02
  0  0   1.75e-02
  0  0   1.80e-02
  0  0   1.99e-02
  0  0   2.31e-02
  0  0   2.59e-02
  0  0   2.58e-02
  0  0   2.32e-02
  2 14   5.45e-01
  0  0   5.45e-01
  0  0   5.45e-01
  0  0   5.45e-01
  0  0   5.45e-01
  0  0   5.45e-01
  0  0   5.45e-01
  0  0   5.45e-01
  0  0   5.46e-01
  0  0   5.46e-01
  0  0   5.46e-01
  0  0   5.48e-01
  0  0   5.51e-01
  0  0   5.56e-01
  0  0   5.62e-01
  0  0   5.68e-01
  0  0   5.75e-01
  0  0   5.84e-01
  0  0   5.97e-01
  0  0   6.17e-01
  0  0   6.45e-01
  0  0   6.82e-01
  0  0   7.28e-01
  2 15   1.11e-02
  0  0   1.11e-02
  0  0   1.11e-02
  0  0   1.11e-02
  0  0   1.11e-02
  0  0   1.11e-02
  0  0   1.11e-02
  0  0   1.11e-02
  0  0   1.11e-02
  0  0   1.11e-02
  0  0   1.11e-02
  0  0   1.11e-02
  0  0   1.09e-02
  0  0   1.07e-02
  0  0   1.05e-02
  0  0   1.04e-02
  0  0   1.04e-02
  0  0   1.09e-02
  0  0   1.23e-02
  0  0   1.44e-02
  0  0   1.61e-02
  0  0   1.64e-02
  0  0   1.54e-02
  3  4   4.38e-01
  0  0   4.38e-01
  0  0   4.38e-01
  0  0   4.37e-01
  0  0   4.37e-01
  0  0   4.37e-01
  0  0   4.37e-01
  0  0   4.36e-01
  0  0   4.36e-01
  0  0   4.35e-01
  0  0   4.34e-01
  0  0   4.32e-01
  0  0   4.32e-01
  0  0   4.32e-01
  0  0   4.30e-01
  0  0   4.19e-01
  0  0   3.97e-01
  0  0   3.68e-01
  0  0   3.35e-01
  0  0   3.06e-01
  0  0   2.79e-01
  0  0   2.48e-01
  0  0   2.11e-01
  3  5   6.45e-02
  0  0   6.45e-02
  0  0   6.45e-02
  0  0   6.45e-02
  0  0   6.45e-02
  0  0   6.45e-02
  0  0   6.45e-02
  0  0   6.44e-02
  0  0   6.43e-02
  0  0   6.41e-02
  0  0   6.38e-02
  0  0   6.32e-02
  0  0   6.21e-02
  0  0   6.02e-02
  0  0   5.75e-02
  0  0   5.47e-02
  0  0   5.12e-02
  0  0   4.75e-02
  0  0   4.54e-02
  0  0   4.52e-02
  0  0   4.50e-02
  0  0   4.21e-02
  0  0   3.63e-02
  3  6   1.49e-01
  0  0   1.49e-01
  0  0   1.49e-01
  0  0   1.48e-01
  0  0   1.48e-01
  0  0   1.48e-01
  0  0   1.47e-01
  0  0   1.46e-01
  0  0   1.45e-01
  0  0   1.44e-01
  0  0   1.44e-01
  0  0   1.47e-01
  0  0   1.57e-01
  0  0   1.78e-01
  0  0   1.96e-01
  0  0   1.90e-01
  0  0   1.75e-01
  0  0   1.56e-01
  0  0   1.33e-01
  0  0   1.13e-01
  0  0   9.91e-02
  0  0   8.58e-02
  0  0   7.19e-02
  3  7   2.31e-01
  0  0   2.31e-01
  0  0   2.31e-01
  0  0   2.31e-01
  0  0   2.31e-01
  0  0   2.30e-01
  0  0   2.29e-01
  0  0   2.28e-01
  0  0   2.27e-01
  0  0   2.25e-01
  0  0   2.24e-01
  0  0   2.25e-01
  0  0   2.31e-01
  0  0   2.43e-01
  0  0   2.51e-01
  0  0   2.38e-01
  0  0   2.21e-01
  0  0   2.07e-01
  0  0   1.96e-01
  0  0   1.92e-01
  0  0   1.93e-01
  0  0   1.96e-01
  0  0   2.00e-01
  3  8   9.06e-02
  0  0   9.05e-02
  0  0   9.05e-02
  0  0   9.04e-02
  0  0   9.02e-02
  0  0   9.00e-02
  0  0   8.97e-02
  0  0   8.92e-02
  0  0   8.84e-02
  0  0   8.75e-02
  0  0   8.64e-02
  0  0   8.56e-02
  0  0   8.58e-02
  0  0   8.72e-02
  0  0   8.61e-02
  0  0   7.65e-02
  0  0   6.37e-02
  0  0   5.13e-02
  0  0   4.08e-02
  0  0   3.38e-02
  0  0   2.97e-02
  0  0   2.65e-02
  0  0   2.33e-02
  3  9   1.33e+00
  0  0   1.33e+00
  0  0   1.33e+00
  0  0   1.33e+00
  0  0   1.32e+00
  0  0   1.32e+00
  0  0   1.32e+00
  0  0   1.32e+00
  0  0   1.32e+00
  0  0   1.32e+00
  0  0   1.31e+00
  0  0   1.31e+00
  0  0   1.31e+00
  0  0   1.32e+00
  0  0   1.32e+00
  0  0   1.29e+00
  0  0   1.27e+00
  0  0   1.27e+00
  0  0   1.27e+00
  0  0   1.30e+00
  0  0   1.35e+00
  0  0   1.42e+00
  0  0   1.50e+00
  3 10   1.66e-02
  0  0   1.66e-02
  0  0   1.66e-02
  0  0   1.66e-02
  0  0   1.66e-02
  0  0   1.66e-02
  0  0   1.66e-02
  0  0   1.65e-02
  0  0   1.65e-02
  0  0   1.64e-02
  0  0   1.62e-02
  0  0   1.57e-02
  0  0   1.47e-02
  0  0   1.27e-02
  0  0   1.02e-02
  0  0   8.56e-03
  0  0   7.11e-03
  0  0   5.86e-03
  0  0   5.50e-03
  0  0   5.88e-03
  0  0   6.23e-03
  0  0   6.11e-03
  0  0   5.43e-03
  3 11   3.30e-01
  0  0   3.30e-01
  0  0   3.30e-01
  0  0   3.30e-01
  0  0   3.30e-01
  0  0   3.30e-01
  0  0   3.30e-01
  0  0   3.30e-01
  0  0   3.29e-01
  0  0   3.29e-01
  0  0   3.28e-01
  0  0   3.26e-01
  0  0   3.23e-01
  0  0   3.17e-01
  0  0   3.11e-01
  0  0   3.06e-01
  0  0   3.03e-01
  0  0   3.02e-01
  0  0   3.07e-01
  0  0   3.17e-01
  0  0   3.31e-01
  0  0   3.48e-01
  0  0   3.69e-01
  3 12   1.01e+00
  0  0   1.01e+00
  0  0   1.01e+00
  0  0   1.01e+00
  0  0   1.01e+00
  0  0   1.01e+00
  0  0   1.01e+00
  0  0   1.01e+00
  0  0   1.01e+00
  0  0   1.01e+00
  0  0   1.01e+00
  0  0   1.01e+00
  0  0   1.01e+00
  0  0   1.01e+00
  0  0   1.01e+00
  0  0   1.01e+00
  0  0   1.02e+00
  0  0   1.03e+00
  0  0   1.05e+00
  0  0   1.08e+00
  0  0   1.13e+00
  0  0   1.19e+00
  0  0   1.27e+00
  3 13   3.89e-02
  0  0   3.89e-02
  0  0   3.89e-02
  0  0   3.89e-02
  0  0   3.89e-02
  0  0   3.89e-02
  0  0   3.89e-02
  0  0   3.89e-02
  0  0   3.89e-02
  0  0   3.88e-02
  0  0   3.87e-02
  0  0   3.86e-02
  0  0   3.84e-02
  0  0   3.79e-02
  0  0   3.75e-02
  0  0   3.71e-02
  0  0   3.66e-02
  0  0   3.73e-02
  0  0   4.07e-02
  0  0   4.62e-02
  0  0   5.08e-02
  0  0   5.11e-02
  0  0   4.73e-02
  3 14   9.80e-01
  0  0   9.80e-01
  0  0   9.80e-01
  0  0   9.80e-01
  0  0   9.80e-01
  0  0   9.80e-01
  0  0   9.80e-01
  0  0   9.80e-01
  0  0   9.80e-01
  0  0   9.80e-01
  0  0   9.81e-01
  0  0   9.82e-01
  0  0   9.86e-01
  0  0   9.94e-01
  0  0   1.00e+00
  0  0   1.01e+00
  0  0   1.02e+00
  0  0   1.04e+00
  0  0   1.06e+00
  0  0   1.10e+00
  0  0   1.15e+00
  0  0   1.21e+00
  0  0   1.30e+00
  3 15   1.57e-02
  0  0   1.57e-02
  0  0   1.57e-02
  0  0   1.57e-02
  0  0   1.57e-02
  0  0   1.57e-02
  0  0   1.57e-02
  0  0   1.57e-02
  0  0   1.57e-02
  0  0   1.57e-02
  0  0   1.57e-02
  0  0   1.56e-02
  0  0   1.53e-02
  0  0   1.48e-02
  0  0   1.43e-02
  0  0   1.41e-02
  0  0   1.40e-02
  0  0   1.46e-02
  0  0   1.67e-02
  0  0   1.98e-02
  0  0   2.22e-02
  0  0   2.21e-02
  0  0   1.97e-02
  4  5   1.24e-01
  0  0   1.24e-01
  0  0   1.24e-01
  0  0   1.24e-01
  0  0   1.24e-01
  0  0   1.24e-01
  0  0   1.23e-01
  0  0   1.23e-01
  0  0   1.22e-01
  0  0   1.23e-01
  0  0   1.25e-01
  0  0   1.35e-01
  0  0   1.58e-01
  0  0   2.03e-01
  0  0   2.56e-01
  0  0   2.76e-01
  0  0   2.75e-01
  0  0   2.61e-01
  0  0   2.32e-01
  0  0   1.98e-01
  0  0   1.71e-01
  0  0   1.48e-01
  0  0   1.30e-01
  4  6   4.68e-02
  0  0   4.68e-02
  0  0   4.68e-02
  0  0   4.68e-02
  0  0   4.68e-02
  0  0   4.68e-02
  0  0   4.67e-02
  0  0   4.67e-02
  0  0   4.66e-02
  0  0   4.63e-02
  0  0   4.57e-02
  0  0   4.43e-02
  0  0   4.15e-02
  0  0   3.66e-02
  0  0   3.08e-02
  0  0   2.62e-02
  0  0   2.14e-02
  0  0   1.64e-02
  0  0   1.21e-02
  0  0   8.90e-03
  0  0   6.74e-03
  0  0   5.38e-03
  0  0   4.30e-03
  4  7   7.82e-02
  0  0   7.82e-02
  0  0   7.81e-02
  0  0   7.80e-02
  0  0   7.79e-02
  0  0   7.76e-02
  0  0   7.73e-02
  0  0   7.69e-02
  0  0   7.63e-02
  0  0   7.59e-02
  0  0   7.61e-02
  0  0   7.85e-02
  0  0   8.54e-02
  0  0   9.91e-02
  0  0   1.12e-01
  0  0   1.12e-01
  0  0   1.05e-01
  0  0   9.65e-02
  0  0   8.72e-02
  0  0   8.05e-02
  0  0   7.59e-02
  0  0   6.95e-02
  0  0   6.04e-02
  4  8   4.94e-02
  0  0   4.94e-02
  0  0   4.93e-02
  0  0   4.93e-02
  0  0   4.92e-02
  0  0   4.90e-02
  0  0   4.89e-02
  0  0   4.86e-02
  0  0   4.83e-02
  0  0   4.81e-02
  0  0   4.82e-02
  0  0   4.96e-02
  0  0   5.36e-02
  0  0   6.15e-02
  0  0   6.93e-02
  0  0   6.92e-02
  0  0   6.52e-02
  0  0   5.97e-02
  0  0   5.38e-02
  0  0   4.94e-02
  0  0   4.65e-02
  0  0   4.24e-02
  0  0   3.67e-02
  4  9   1.11e-01
  0  0   1.11e-01
  0  0   1.11e-01
  0  0   1.11e-01
  0  0   1.11e-01
  0  0   1.11e-01
  0  0   1.10e-01
  0  0   1.09e-01
  0  0   1.09e-01
  0  0   1.08e-01
  0  0   1.09e-01
  0  0   1.13e-01
  0  0   1.24e-01
  0  0   1.45e-01
  0  0   1.65e-01
  0  0   1.65e-01
  0  0   1.56e-01
  0  0   1.43e-01
  0  0   1.29e-01
  0  0   1.19e-01
  0  0   1.12e-01
  0  0   1.03e-01
  0  0   9.05e-02
  4 10   1.67e-02
  0  0   1.67e-02
  0  0   1.67e-02
  0  0   1.67e-02
  0  0   1.67e-02
  0  0   1.67e-02
  0  0   1.66e-02
  0  0   1.66e-02
  0  0   1.65e-02
  0  0   1.64e-02
  0  0   1.63e-02
  0  0   1.61e-02
  0  0   1.59e-02
  0  0   1.57e-02
  0  0   1.53e-02
  0  0   1.40e-02
  0  0   1.21e-02
  0  0   1.02e-02
  0  0   8.99e-03
  0  0   8.58e-03
  0  0   8.42e-03
  0  0   7.87e-03
  0  0   6.80e-03
  4 11   6.08e-02
  0  0   6.08e-02
  0  0   6.08e-02
  0  0   6.08e-02
  0  0   6.08e-02
  0  0   6.07e-02
  0  0   6.07e-02
  0  0   6.06e-02
  0  0   6.04e-02
  0  0   6.02e-02
  0  0   5.97e-02
  0  0   5.88e-02
  0  0   5.72e-02
  0  0   5.45e-02
  0  0   5.09e-02
  0  0   4.66e-02
  0  0   4.05e-02
  0  0   3.42e-02
  0  0   3.02e-02
  0  0   2.87e-02
  0  0   2.81e-02
  0  0   2.64e-02
  0  0   2.33e-02
  4 12   1.01e-01
  0  0   1.01e-01
  0  0   1.01e-01
  0  0   1.01e-01
  0  0   1.01e-01
  0  0   1.01e-01
  0  0   1.01e-01
  0  0   1.01e-01
  0  0   1.00e-01
  0  0   1.00e-01
  0  0   9.92e-02
  0  0   9.77e-02
  0  0   9.49e-02
  0  0   9.01e-02
  0  0   8.38e-02
  0  0   7.68e-02
  0  0   6.69e-02
  0  0   5.64e-02
  0  0   5.00e-02
  0  0   4.75e-02
  0  0   4.63e-02
  0  0   4.30e-02
  0  0   3.72e-02
  4 13   2.23e+00
  0  0   2.23e+00
  0  0   2.23e+00
  0  0   2.23e+00
  0  0   2.23e+00
  0  0   2.23e+00
  0  0   2.23e+00
  0  0   2.23e+00
  0  0   2.23e+00
  0  0   2.22e+00
  0  0   2.22e+00
  0  0   2.23e+00
  0  0   2.23e+00
  0  0   2.25e+00
  0  0   2.27e+00
  0  0   2.27e+00
  0  0   2.28e+00
  0  0   2.32e+00
  0  0   2.37e+00
  0  0   2.44e+00
  0  0   2.54e+00
  0  0   2.68e+00
  0  0   2.87e+00
  4 14   2.65e-02
  0  0   2.65e-02
  0  0   2.64e-02
  0  0   2.64e-02
  0  0   2.64e-02
  0  0   2.63e-02
  0  0   2.63e-02
  0  0   2.61e-02
  0  0   2.59e-02
  0  0   2.56e-02
  0  0   2.52e-02
  0  0   2.45e-02
  0  0   2.34e-02
  0  0   2.18e-02
  0  0   1.90e-02
  0  0   1.48e-02
  0  0   1.11e-02
  0  0   8.88e-03
  0  0   7.81e-03
  0  0   8.14e-03
  0  0   9.00e-03
  0  0   8.97e-03
  0  0   7.94e-03
  4 15   1.08e+00
  0  0   1.08e+00
  0  0   1.08e+00
  0  0   1.08e+00
  0  0   1.08e+00
  0  0   1.08e+00
  0  0   1.08e+00
  0  0   1.08e+00
  0  0   1.08e+00
  0  0   1.09e+00
  0  0   1.09e+00
  0  0   1.09e+00
  0  0   1.09e+00
  0  0   1.10e+00
  0  0   1.10e+00
  0  0   1.12e+00
  0  0   1.13e+00
  0  0   1.15e+00
  0  0   1.18e+00
  0  0   1.22e+00
  0  0   1.28e+00
  0  0   1.35e+00
  0  0   1.45e+00
  5  6   3.96e-03
  0  0   3.96e-03
  0  0   3.95e-03
  0  0   3.94e-03
  0  0   3.93e-03
  0  0   3.91e-03
  0  0   3.88e-03
  0  0   3.84e-03
  0  0   3.78e-03
  0  0   3.70e-03
  0  0   3.63e-03
  0  0   3.60e-03
  0  0   3.73e-03
  0  0   4.12e-03
  0  0   4.33e-03
  0  0   3.58e-03
  0  0   2.85e-03
  0  0   2.46e-03
  0  0   1.86e-03
  0  0   1.30e-03
  0  0   1.08e-03
  0  0   9.29e-04
  0  0   7.71e-04
  5  7   7.39e-03
  0  0   7.38e-03
  0  0   7.37e-03
  0  0   7.36e-03
  0  0   7.35e-03
  0  0   7.32e-03
  0  0   7.28e-03
  0  0   7.22e-03
  0  0   7.15e-03
  0  0   7.06e-03
  0  0   6.99e-03
  0  0   7.04e-03
  0  0   7.38e-03
  0  0   8.21e-03
  0  0   8.91e-03
  0  0   8.16e-03
  0  0   6.99e-03
  0  0   5.90e-03
  0  0   4.68e-03
  0  0   3.76e-03
  0  0   3.39e-03
  0  0   3.04e-03
  0  0   2.54e-03
  5  8   6.34e-03
  0  0   6.34e-03
  0  0   6.33e-03
  0  0   6.32e-03
  0  0   6.31e-03
  0  0   6.29e-03
  0  0   6.25e-03
  0  0   6.21e-03
  0  0   6.14e-03
  0  0   6.07e-03
  0  0   6.02e-03
  0  0   6.07e-03
  0  0   6.35e-03
  0  0   6.96e-03
  0  0   7.39e-03
  0  0   6.76e-03
  0  0   5.84e-03
  0  0   4.92e-03
  0  0   3.98e-03
  0  0   3.33e-03
  0  0   3.04e-03
  0  0   2.80e-03
  0  0   2.51e-03
  5  9   9.01e-03
  0  0   9.01e-03
  0  0   9.00e-03
  0  0   8.98e-03
  0  0   8.96e-03
  0  0   8.93e-03
  0  0   8.88e-03
  0  0   8.81e-03
  0  0   8.72e-03
  0  0   8.62e-03
  0  0   8.56e-03
  0  0   8.68e-03
  0  0   9.25e-03
  0  0   1.05e-02
  0  0   1.17e-02
  0  0   1.10e-02
  0  0   9.58e-03
  0  0   8.11e-03
  0  0   6.41e-03
  0  0   5.08e-03
  0  0   4.47e-03
  0  0   3.90e-03
  0  0   3.20e-03
  5 10   6.25e-03
  0  0   6.25e-03
  0  0   6.24e-03
  0  0   6.24e-03
  0  0   6.23e-03
  0  0   6.22e-03
  0  0   6.20e-03
  0  0   6.18e-03
  0  0   6.15e-03
  0  0   6.12e-03
  0  0   6.11e-03
  0  0   6.20e-03
  0  0   6.49e-03
  0  0   7.12e-03
  0  0   7.75e-03
  0  0   7.63e-03
  0  0   7.25e-03
  0  0   6.93e-03
  0  0   6.62e-03
  0  0   6.48e-03
  0  0   6.46e-03
  0  0   6.10e-03
  0  0   5.40e-03
  5 11   2.02e-02
  0  0   2.02e-02
  0  0   2.02e-02
  0  0   2.01e-02
  0  0   2.01e-02
  0  0   2.01e-02
  0  0   2.00e-02
  0  0   1.99e-02
  0  0   1.98e-02
  0  0   1.97e-02
  0  0   1.97e-02
  0  0   2.00e-02
  0  0   2.10e-02
  0  0   2.30e-02
  0  0   2.48e-02
  0  0   2.43e-02
  0  0   2.31e-02
  0  0   2.19e-02
  0  0   2.09e-02
  0  0   2.05e-02
  0  0   2.04e-02
  0  0   1.94e-02
  0  0   1.74e-02
  5 12   3.04e-02
  0  0   3.04e-02
  0  0   3.04e-02
  0  0   3.04e-02
  0  0   3.03e-02
  0  0   3.03e-02
  0  0   3.02e-02
  0  0   3.00e-02
  0  0   2.99e-02
  0  0   2.97e-02
  0  0   2.96e-02
  0  0   3.00e-02
  0  0   3.15e-02
  0  0   3.48e-02
  0  0   3.79e-02
  0  0   3.70e-02
  0  0   3.47e-02
  0  0   3.29e-02
  0  0   3.12e-02
  0  0   3.03e-02
  0  0   3.01e-02
  0  0   2.84e-02
  0  0   2.51e-02
  5 13   1.26e-02
  0  0   1.26e-02
  0  0   1.26e-02
  0  0   1.26e-02
  0  0   1.25e-02
  0  0   1.24e-02
  0  0   1.22e-02
  0  0   1.20e-02
  0  0   1.17e-02
  0  0   1.14e-02
  0  0   1.12e-02
  0  0   1.15e-02
  0  0   1.34e-02
  0  0   1.76e-02
  0  0   2.13e-02
  0  0   1.89e-02
  0  0   1.52e-02
  0  0   1.27e-02
  0  0   1.02e-02
  0  0   8.65e-03
  0  0   8.07e-03
  0  0   7.10e-03
  0  0   5.73e-03
  5 14   4.27e-03
  0  0   4.27e-03
  0  0   4.26e-03
  0  0   4.26e-03
  0  0   4.25e-03
  0  0   4.23e-03
  0  0   4.21e-03
  0  0   4.17e-03
  0  0   4.12e-03
  0  0   4.06e-03
  0  0   3.99e-03
  0  0   3.94e-03
  0  0   3.97e-03
  0  0   4.10e-03
  0  0   4.01e-03
  0  0   3.30e-03
  0  0   2.66e-03
  0  0   2.29e-03
  0  0   1.97e-03
  0  0   1.81e-03
  0  0   1.83e-03
  0  0   1.87e-03
  0  0   1.87e-03
  5 15   4.43e-01
  0  0   4.43e-01
  0  0   4.43e-01
  0  0   4.43e-01
  0  0   4.43e-01
  0  0   4.43e-01
  0  0   4.43e-01
  0  0   4.43e-01
  0  0   4.43e-01
  0  0   4.43e-01
  0  0   4.43e-01
  0  0   4.44e-01
  0  0   4.44e-01
  0  0   4.46e-01
  0  0   4.48e-01
  0  0   4.52e-01
  0  0   4.57e-01
  0  0   4.65e-01
  0  0   4.76e-01
  0  0   4.92e-01
  0  0   5.13e-01
  0  0   5.41e-01
  0  0   5.79e-01
  6  7   1.55e-01
  0  0   1.55e-01
  0  0   1.55e-01
  0  0   1.54e-01
  0  0   1.54e-01
  0  0   1.54e-01
  0  0   1.54e-01
  0  0   1.54e-01
  0  0   1.54e-01
  0  0   1.53e-01
  0  0   1.53e-01
  0  0   1.52e-01
  0  0   1.52e-01
  0  0   1.53e-01
  0  0   1.52e-01
  0  0   1.47e-01
  0  0   1.40e-01
  0  0   1.34e-01
  0  0   1.28e-01
  0  0   1.24e-01
  0  0   1.20e-01
  0  0   1.11e-01
  0  0   9.65e-02
  6  8   9.26e-02
  0  0   9.26e-02
  0  0   9.26e-02
  0  0   9.25e-02
  0  0   9.25e-02
  0  0   9.24e-02
  0  0   9.23e-02
  0  0   9.22e-02
  0  0   9.20e-02
  0  0   9.17e-02
  0  0   9.13e-02
  0  0   9.10e-02
  0  0   9.09e-02
  0  0   9.12e-02
  0  0   9.07e-02
  0  0   8.73e-02
  0  0   8.33e-02
  0  0   7.98e-02
  0  0   7.66e-02
  0  0   7.42e-02
  0  0   7.17e-02
  0  0   6.64e-02
  0  0   5.81e-02
  6  9   2.11e-01
  0  0   2.11e-01
  0  0   2.11e-01
  0  0   2.11e-01
  0  0   2.11e-01
  0  0   2.11e-01
  0  0   2.11e-01
  0  0   2.11e-01
  0  0   2.10e-01
  0  0   2.10e-01
  0  0   2.09e-01
  0  0   2.08e-01
  0  0   2.08e-01
  0  0   2.09e-01
  0  0   2.08e-01
  0  0   2.01e-01
  0  0   1.93e-01
  0  0   1.85e-01
  0  0   1.78e-01
  0  0   1.72e-01
  0  0   1.67e-01
  0  0   1.55e-01
  0  0   1.36e-01
  6 10   1.74e-02
  0  0   1.74e-02
  0  0   1.74e-02
  0  0   1.74e-02
  0  0   1.74e-02
  0  0   1.74e-02
  0  0   1.74e-02
  0  0   1.74e-02
  0  0   1.73e-02
  0  0   1.73e-02
  0  0   1.73e-02
  0  0   1.72e-02
  0  0   1.72e-02
  0  0   1.71e-02
  0  0   1.69e-02
  0  0   1.66e-02
  0  0   1.62e-02
  0  0   1.60e-02
  0  0   1.63e-02
  0  0   1.69e-02
  0  0   1.72e-02
  0  0   1.63e-02
  0  0   1.41e-02
  6 11   5.92e-02
  0  0   5.92e-02
  0  0   5.92e-02
  0  0   5.92e-02
  0  0   5.92e-02
  0  0   5.92e-02
  0  0   5.92e-02
  0  0   5.93e-02
  0  0   5.93e-02
  0  0   5.93e-02
  0  0   5.91e-02
  0  0   5.86e-02
  0  0   5.73e-02
  0  0   5.48e-02
  0  0   5.19e-02
  0  0   5.08e-02
  0  0   4.96e-02
  0  0   4.82e-02
  0  0   4.89e-02
  0  0   5.10e-02
  0  0   5.19e-02
  0  0   4.91e-02
  0  0   4.28e-02
  6 12   9.35e-02
  0  0   9.35e-02
  0  0   9.36e-02
  0  0   9.36e-02
  0  0   9.36e-02
  0  0   9.36e-02
  0  0   9.36e-02
  0  0   9.36e-02
  0  0   9.37e-02
  0  0   9.36e-02
  0  0   9.34e-02
  0  0   9.29e-02
  0  0   9.15e-02
  0  0   8.87e-02
  0  0   8.56e-02
  0  0   8.42e-02
  0  0   8.24e-02
  0  0   8.05e-02
  0  0   8.18e-02
  0  0   8.51e-02
  0  0   8.64e-02
  0  0   8.15e-02
  0  0   7.08e-02
  6 13   1.01e-03
  0  0   1.01e-03
  0  0   1.01e-03
  0  0   1.01e-03
  0  0   1.02e-03
  0  0   1.02e-03
  0  0   1.02e-03
  0  0   1.03e-03
  0  0   1.04e-03
  0  0   1.05e-03
  0  0   1.06e-03
  0  0   1.08e-03
  0  0   1.10e-03
  0  0   1.11e-03
  0  0   1.17e-03
  0  0   1.31e-03
  0  0   1.34e-03
  0  0   1.22e-03
  0  0   1.14e-03
  0  0   1.30e-03
  0  0   1.76e-03
  0  0   2.08e-03
  0  0   2.05e-03
  6 14   3.91e-02
  0  0   3.91e-02
  0  0   3.91e-02
  0  0   3.91e-02
  0  0   3.92e-02
  0  0   3.92e-02
  0  0   3.93e-02
  0  0   3.95e-02
  0  0   3.96e-02
  0  0   3.98e-02
  0  0   3.98e-02
  0  0   3.92e-02
  0  0   3.74e-02
  0  0   3.34e-02
  0  0   2.96e-02
  0  0   2.99e-02
  0  0   2.91e-02
  0  0   2.70e-02
  0  0   2.93e-02
  0  0   3.46e-02
  0  0   3.82e-02
  0  0   3.73e-02
  0  0   3.22e-02
  6 15   4.68e-03
  0  0   4.69e-03
  0  0   4.69e-03
  0  0   4.69e-03
  0  0   4.70e-03
  0  0   4.70e-03
  0  0   4.72e-03
  0  0   4.73e-03
  0  0   4.74e-03
  0  0   4.75e-03
  0  0   4.71e-03
  0  0   4.55e-03
  0  0   4.14e-03
  0  0   3.32e-03
  0  0   2.42e-03
  0  0   2.16e-03
  0  0   1.86e-03
  0  0   1.36e-03
  0  0   1.19e-03
  0  0   1.37e-03
  0  0   1.68e-03
  0  0   1.87e-03
  0  0   1.78e-03
  7  8   2.46e-01
  0  0   2.45e-01
  0  0   2.45e-01
  0  0   2.45e-01
  0  0   2.45e-01
  0  0   2.44e-01
  0  0   2.43e-01
  0  0   2.42e-01
  0  0   2.41e-01
  0  0   2.40e-01
  0  0   2.41e-01
  0  0   2.48e-01
  0  0   2.67e-01
  0  0   3.06e-01
  0  0   3.48e-01
  0  0   3.51e-01
  0  0   3.37e-01
  0  0   3.18e-01
  0  0   2.95e-01
  0  0   2.75e-01
  0  0   2.61e-01
  0  0   2.37e-01
  0  0   2.02e-01
  7  9   3.04e-01
  0  0   3.04e-01
  0  0   3.04e-01
  0  0   3.03e-01
  0  0   3.03e-01
  0  0   3.02e-01
  0  0   3.01e-01
  0  0   2.99e-01
  0  0   2.98e-01
  0  0   2.96e-01
  0  0   2.98e-01
  0  0   3.07e-01
  0  0   3.35e-01
  0  0   3.93e-01
  0  0   4.55e-01
  0  0   4.59e-01
  0  0   4.40e-01
  0  0   4.18e-01
  0  0   3.88e-01
  0  0   3.61e-01
  0  0   3.43e-01
  0  0   3.12e-01
  0  0   2.66e-01
  7 10   1.50e-01
  0  0   1.50e-01
  0  0   1.50e-01
  0  0   1.50e-01
  0  0   1.49e-01
  0  0   1.49e-01
  0  0   1.49e-01
  0  0   1.48e-01
  0  0   1.48e-01
  0  0   1.47e-01
  0  0   1.46e-01
  0  0   1.45e-01
  0  0   1.45e-01
  0  0   1.47e-01
  0  0   1.47e-01
  0  0   1.37e-01
  0  0   1.25e-01
  0  0   1.14e-01
  0  0   1.03e-01
  0  0   9.55e-02
  0  0   9.01e-02
  0  0   8.57e-02
  0  0   8.20e-02
  7 11   2.67e-01
  0  0   2.67e-01
  0  0   2.67e-01
  0  0   2.67e-01
  0  0   2.67e-01
  0  0   2.66e-01
  0  0   2.66e-01
  0  0   2.66e-01
  0  0   2.65e-01
  0  0   2.63e-01
  0  0   2.60e-01
  0  0   2.53e-01
  0  0   2.41e-01
  0  0   2.20e-01
  0  0   1.91e-01
  0  0   1.63e-01
  0  0   1.36e-01
  0  0   1.13e-01
  0  0   9.47e-02
  0  0   8.34e-02
  0  0   7.53e-02
  0  0   6.69e-02
  0  0   5.74e-02
  7 12   6.32e-01
  0  0   6.32e-01
  0  0   6.32e-01
  0  0   6.32e-01
  0  0   6.32e-01
  0  0   6.32e-01
  0  0   6.31e-01
  0  0   6.30e-01
  0  0   6.29e-01
  0  0   6.25e-01
  0  0   6.19e-01
  0  0   6.06e-01
  0  0   5.80e-01
  0  0   5.35e-01
  0  0   4.74e-01
  0  0   4.20e-01
  0  0   3.72e-01
  0  0   3.29e-01
  0  0   2.90e-01
  0  0   2.57e-01
  0  0   2.31e-01
  0  0   2.08e-01
  0  0   1.87e-01
  7 13   1.33e-01
  0  0   1.33e-01
  0  0   1.33e-01
  0  0   1.33e-01
  0  0   1.33e-01
  0  0   1.33e-01
  0  0   1.33e-01
  0  0   1.33e-01
  0  0   1.33e-01
  0  0   1.33e-01
  0  0   1.32e-01
  0  0   1.32e-01
  0  0   1.32e-01
  0  0   1.32e-01
  0  0   1.32e-01
  0  0   1.29e-01
  0  0   1.24e-01
  0  0   1.20e-01
  0  0   1.19e-01
  0  0   1.21e-01
  0  0   1.22e-01
  0  0   1.14e-01
  0  0   9.88e-02
  7 14   1.05e+00
  0  0   1.05e+00
  0  0   1.05e+00
  0  0   1.05e+00
  0  0   1.05e+00
  0  0   1.05e+00
  0  0   1.05e+00
  0  0   1.06e+00
  0  0   1.06e+00
  0  0   1.06e+00
  0  0   1.05e+00
  0  0   1.01e+00
  0  0   9.25e-01
  0  0   7.51e-01
  0  0   5.56e-01
  0  0   4.86e-01
  0  0   4.19e-01
  0  0   3.15e-01
  0  0   2.43e-01
  0  0   1.93e-01
  0  0   1.39e-01
  0  0   1.01e-01
  0  0   7.36e-02
  7 15   5.55e-02
  0  0   5.55e-02
  0  0   5.56e-02
  0  0   5.56e-02
  0  0   5.56e-02
  0  0   5.57e-02
  0  0   5.58e-02
  0  0   5.59e-02
  0  0   5.60e-02
  0  0   5.61e-02
  0  0   5.59e-02
  0  0   5.50e-02
  0  0   5.27e-02
  0  0   4.78e-02
  0  0   4.27e-02
  0  0   4.17e-02
  0  0   3.98e-02
  0  0   3.60e-02
  0  0   3.51e-02
  0  0   3.59e-02
  0  0   3.57e-02
  0  0   3.31e-02
  0  0   2.83e-02
  8  9   7.11e-02
  0  0   7.11e-02
  0  0   7.10e-02
  0  0   7.10e-02
  0  0   7.08e-02
  0  0   7.06e-02
  0  0   7.03e-02
  0  0   6.99e-02
  0  0   6.94e-02
  0  0   6.88e-02
  0  0   6.87e-02
  0  0   6.99e-02
  0  0   7.46e-02
  0  0   8.48e-02
  0  0   9.49e-02
  0  0   9.20e-02
  0  0   8.40e-02
  0  0   7.61e-02
  0  0   6.91e-02
  0  0   6.62e-02
  0  0   6.68e-02
  0  0   6.36e-02
  0  0   5.55e-02
  8 10   8.20e-02
  0  0   8.20e-02
  0  0   8.19e-02
  0  0   8.19e-02
  0  0   8.18e-02
  0  0   8.17e-02
  0  0   8.15e-02
  0  0   8.12e-02
  0  0   8.08e-02
  0  0   8.00e-02
  0  0   7.88e-02
  0  0   7.68e-02
  0  0   7.36e-02
  0  0   6.83e-02
  0  0   6.02e-02
  0  0   4.97e-02
  0  0   4.10e-02
  0  0   3.52e-02
  0  0   2.94e-02
  0  0   2.47e-02
  0  0   2.14e-02
  0  0   1.79e-02
  0  0   1.41e-02
  8 11   2.36e-01
  0  0   2.36e-01
  0  0   2.36e-01
  0  0   2.36e-01
  0  0   2.36e-01
  0  0   2.35e-01
  0  0   2.34e-01
  0  0   2.33e-01
  0  0   2.32e-01
  0  0   2.30e-01
  0  0   2.28e-01
  0  0   2.28e-01
  0  0   2.32e-01
  0  0   2.42e-01
  0  0   2.48e-01
  0  0   2.30e-01
  0  0   2.10e-01
  0  0   1.97e-01
  0  0   1.77e-01
  0  0   1.59e-01
  0  0   1.47e-01
  0  0   1.36e-01
  0  0   1.26e-01
  8 12   1.53e-01
  0  0   1.53e-01
  0  0   1.53e-01
  0  0   1.53e-01
  0  0   1.53e-01
  0  0   1.52e-01
  0  0   1.52e-01
  0  0   1.51e-01
  0  0   1.51e-01
  0  0   1.50e-01
  0  0   1.48e-01
  0  0   1.46e-01
  0  0   1.44e-01
  0  0   1.41e-01
  0  0   1.35e-01
  0  0   1.21e-01
  0  0   1.05e-01
  0  0   9.14e-02
  0  0   7.94e-02
  0  0   7.11e-02
  0  0   6.59e-02
  0  0   6.07e-02
  0  0   5.49e-02
  8 13   7.25e-02
  0  0   7.25e-02
  0  0   7.24e-02
  0  0   7.24e-02
  0  0   7.24e-02
  0  0   7.24e-02
  0  0   7.23e-02
  0  0   7.23e-02
  0  0   7.22e-02
  0  0   7.21e-02
  0  0   7.20e-02
  0  0   7.21e-02
  0  0   7.27e-02
  0  0   7.39e-02
  0  0   7.51e-02
  0  0   7.43e-02
  0  0   7.22e-02
  0  0   7.02e-02
  0  0   6.98e-02
  0  0   7.13e-02
  0  0   7.21e-02
  0  0   6.79e-02
  0  0   5.90e-02
  8 14   7.02e-01
  0  0   7.02e-01
  0  0   7.02e-01
  0  0   7.02e-01
  0  0   7.02e-01
  0  0   7.02e-01
  0  0   7.02e-01
  0  0   7.02e-01
  0  0   7.02e-01
  0  0   6.99e-01
  0  0   6.92e-01
  0  0   6.72e-01
  0  0   6.28e-01
  0  0   5.45e-01
  0  0   4.44e-01
  0  0   3.84e-01
  0  0   3.27e-01
  0  0   2.58e-01
  0  0   1.99e-01
  0  0   1.50e-01
  0  0   1.08e-01
  0  0   7.73e-02
  0  0   5.52e-02
  8 15   3.86e-02
  0  0   3.86e-02
  0  0   3.86e-02
  0  0   3.86e-02
  0  0   3.86e-02
  0  0   3.86e-02
  0  0   3.86e-02
  0  0   3.86e-02
  0  0   3.85e-02
  0  0   3.84e-02
  0  0   3.81e-02
  0  0   3.76e-02
  0  0   3.64e-02
  0  0   3.43e-02
  0  0   3.17e-02
  0  0   2.95e-02
  0  0   2.68e-02
  0  0   2.40e-02
  0  0   2.26e-02
  0  0   2.25e-02
  0  0   2.21e-02
  0  0   2.04e-02
  0  0   1.73e-02
  9 10   2.29e-02
  0  0   2.29e-02
  0  0   2.29e-02
  0  0   2.29e-02
  0  0   2.29e-02
  0  0   2.28e-02
  0  0   2.27e-02
  0  0   2.26e-02
  0  0   2.24e-02
  0  0   2.21e-02
  0  0   2.17e-02
  0  0   2.13e-02
  0  0   2.11e-02
  0  0   2.11e-02
  0  0   2.03e-02
  0  0   1.70e-02
  0  0   1.34e-02
  0  0   1.08e-02
  0  0   8.89e-03
  0  0   8.22e-03
  0  0   8.38e-03
  0  0   7.97e-03
  0  0   6.82e-03
  9 11   4.78e-01
  0  0   4.78e-01
  0  0   4.78e-01
  0  0   4.78e-01
  0  0   4.78e-01
  0  0   4.78e-01
  0  0   4.79e-01
  0  0   4.79e-01
  0  0   4.78e-01
  0  0   4.77e-01
  0  0   4.72e-01
  0  0   4.59e-01
  0  0   4.30e-01
  0  0   3.74e-01
  0  0   3.07e-01
  0  0   2.69e-01
  0  0   2.34e-01
  0  0   1.96e-01
  0  0   1.72e-01
  0  0   1.60e-01
  0  0   1.49e-01
  0  0   1.39e-01
  0  0   1.31e-01
  9 12   1.23e+00
  0  0   1.23e+00
  0  0   1.23e+00
  0  0   1.23e+00
  0  0   1.23e+00
  0  0   1.23e+00
  0  0   1.23e+00
  0  0   1.23e+00
  0  0   1.23e+00
  0  0   1.23e+00
  0  0   1.21e+00
  0  0   1.18e+00
  0  0   1.11e+00
  0  0   9.68e-01
  0  0   7.98e-01
  0  0   6.90e-01
  0  0   5.95e-01
  0  0   5.00e-01
  0  0   4.37e-01
  0  0   3.98e-01
  0  0   3.61e-01
  0  0   3.30e-01
  0  0   3.01e-01
  9 13   2.52e-01
  0  0   2.52e-01
  0  0   2.52e-01
  0  0   2.52e-01
  0  0   2.52e-01
  0  0   2.52e-01
  0  0   2.52e-01
  0  0   2.52e-01
  0  0   2.52e-01
  0  0   2.51e-01
  0  0   2.50e-01
  0  0   2.47e-01
  0  0   2.42e-01
  0  0   2.32e-01
  0  0   2.20e-01
  0  0   2.09e-01
  0  0   1.96e-01
  0  0   1.83e-01
  0  0   1.77e-01
  0  0   1.77e-01
  0  0   1.75e-01
  0  0   1.63e-01
  0  0   1.41e-01
  9 14   1.09e+00
  0  0   1.09e+00
  0  0   1.09e+00
  0  0   1.09e+00
  0  0   1.09e+00
  0  0   1.09e+00
  0  0   1.10e+00
  0  0   1.10e+00
  0  0   1.11e+00
  0  0   1.11e+00
  0  0   1.10e+00
  0  0   1.06e+00
  0  0   9.53e-01
  0  0   7.27e-01
  0  0   4.85e-01
  0  0   4.40e-01
  0  0   3.95e-01
  0  0   2.85e-01
  0  0   2.24e-01
  0  0   1.90e-01
  0  0   1.40e-01
  0  0   1.04e-01
  0  0   7.86e-02
  9 15   9.15e-02
  0  0   9.15e-02
  0  0   9.15e-02
  0  0   9.16e-02
  0  0   9.17e-02
  0  0   9.18e-02
  0  0   9.20e-02
  0  0   9.22e-02
  0  0   9.24e-02
  0  0   9.25e-02
  0  0   9.20e-02
  0  0   8.98e-02
  0  0   8.40e-02
  0  0   7.23e-02
  0  0   5.96e-02
  0  0   5.63e-02
  0  0   5.26e-02
  0  0   4.66e-02
  0  0   4.58e-02
  0  0   4.81e-02
  0  0   4.81e-02
  0  0   4.47e-02
  0  0   3.83e-02
 10 11   1.02e-01
  0  0   1.02e-01
  0  0   1.02e-01
  0  0   1.02e-01
  0  0   1.02e-01
  0  0   1.02e-01
  0  0   1.02e-01
  0  0   1.01e-01
  0  0   1.01e-01
  0  0   1.01e-01
  0  0   1.00e-01
  0  0   9.98e-02
  0  0   1.01e-01
  0  0   1.03e-01
  0  0   1.04e-01
  0  0   9.88e-02
  0  0   9.28e-02
  0  0   8.88e-02
  0  0   8.54e-02
  0  0   8.36e-02
  0  0   8.19e-02
  0  0   7.60e-02
  0  0   6.60e-02
 10 12   5.61e-02
  0  0   5.61e-02
  0  0   5.61e-02
  0  0   5.60e-02
  0  0   5.60e-02
  0  0   5.59e-02
  0  0   5.57e-02
  0  0   5.55e-02
  0  0   5.52e-02
  0  0   5.47e-02
  0  0   5.42e-02
  0  0   5.37e-02
  0  0   5.35e-02
  0  0   5.38e-02
  0  0   5.29e-02
  0  0   4.78e-02
  0  0   4.23e-02
  0  0   3.86e-02
  0  0   3.59e-02
  0  0   3.53e-02
  0  0   3.56e-02
  0  0   3.35e-02
  0  0   2.89e-02
 10 13   1.18e-02
  0  0   1.18e-02
  0  0   1.18e-02
  0  0   1.18e-02
  0  0   1.18e-02
  0  0   1.18e-02
  0  0   1.18e-02
  0  0   1.18e-02
  0  0   1.17e-02
  0  0   1.17e-02
  0  0   1.17e-02
  0  0   1.18e-02
  0  0   1.21e-02
  0  0   1.26e-02
  0  0   1.32e-02
  0  0   1.32e-02
  0  0   1.29e-02
  0  0   1.25e-02
  0  0   1.22e-02
  0  0   1.21e-02
  0  0   1.21e-02
  0  0   1.13e-02
  0  0   9.61e-03
 10 14   2.00e-01
  0  0   2.00e-01
  0  0   2.00e-01
  0  0   2.00e-01
  0  0   2.00e-01
  0  0   2.00e-01
  0  0   2.00e-01
  0  0   2.00e-01
  0  0   2.00e-01
  0  0   2.00e-01
  0  0   1.98e-01
  0  0   1.92e-01
  0  0   1.78e-01
  0  0   1.50e-01
  0  0   1.18e-01
  0  0   1.02e-01
  0  0   8.72e-02
  0  0   6.79e-02
  0  0   5.21e-02
  0  0   4.00e-02
  0  0   2.91e-02
  0  0   2.11e-02
  0  0   1.51e-02
 10 15   2.19e-02
  0  0   2.19e-02
  0  0   2.19e-02
  0  0   2.19e-02
  0  0   2.19e-02
  0  0   2.19e-02
  0  0   2.19e-02
  0  0   2.19e-02
  0  0   2.20e-02
  0  0   2.20e-02
  0  0   2.20e-02
  0  0   2.17e-02
  0  0   2.11e-02
  0  0   1.99e-02
  0  0   1.85e-02
  0  0   1.83e-02
  0  0   1.78e-02
  0  0   1.68e-02
  0  0   1.66e-02
  0  0   1.70e-02
  0  0   1.70e-02
  0  0   1.59e-02
  0  0   1.37e-02
 11 12   3.78e-01
  0  0   3.78e-01
  0  0   3.78e-01
  0  0   3.78e-01
  0  0   3.78e-01
  0  0   3.77e-01
  0  0   3.77e-01
  0  0   3.76e-01
  0  0   3.75e-01
  0  0   3.72e-01
  0  0   3.69e-01
  0  0   3.62e-01
  0  0   3.52e-01
  0  0   3.36e-01
  0  0   3.11e-01
  0  0   2.79e-01
  0  0   2.46e-01
  0  0   2.20e-01
  0  0   2.02e-01
  0  0   1.94e-01
  0  0   1.88e-01
  0  0   1.73e-01
  0  0   1.49e-01
 11 13   4.34e-02
  0  0   4.34e-02
  0  0   4.34e-02
  0  0   4.34e-02
  0  0   4.34e-02
  0  0   4.34e-02
  0  0   4.33e-02
  0  0   4.33e-02
  0  0   4.32e-02
  0  0   4.31e-02
  0  0   4.30e-02
  0  0   4.30e-02
  0  0   4.31e-02
  0  0   4.36e-02
  0  0   4.39e-02
  0  0   4.29e-02
  0  0   4.09e-02
  0  0   3.86e-02
  0  0   3.71e-02
  0  0   3.68e-02
  0  0   3.66e-02
  0  0   3.40e-02
  0  0   2.91e-02
 11 14   6.88e-01
  0  0   6.88e-01
  0  0   6.88e-01
  0  0   6.89e-01
  0  0   6.89e-01
  0  0   6.90e-01
  0  0   6.91e-01
  0  0   6.93e-01
  0  0   6.94e-01
  0  0   6.93e-01
  0  0   6.86e-01
  0  0   6.63e-01
  0  0   6.05e-01
  0  0   4.92e-01
  0  0   3.62e-01
  0  0   3.13e-01
  0  0   2.67e-01
  0  0   2.00e-01
  0  0   1.54e-01
  0  0   1.22e-01
  0  0   8.78e-02
  0  0   6.31e-02
  0  0   4.58e-02
 11 15   7.83e-02
  0  0   7.83e-02
  0  0   7.83e-02
  0  0   7.83e-02
  0  0   7.84e-02
  0  0   7.84e-02
  0  0   7.85e-02
  0  0   7.86e-02
  0  0   7.86e-02
  0  0   7.86e-02
  0  0   7.82e-02
  0  0   7.70e-02
  0  0   7.40e-02
  0  0   6.79e-02
  0  0   6.11e-02
  0  0   5.86e-02
  0  0   5.57e-02
  0  0   5.16e-02
  0  0   5.07e-02
  0  0   5.17e-02
  0  0   5.13e-02
  0  0   4.77e-02
  0  0   4.12e-02
 12 13   8.93e-02
  0  0   8.93e-02
  0  0   8.93e-02
  0  0   8.92e-02
  0  0   8.92e-02
  0  0   8.92e-02
  0  0   8.92e-02
  0  0   8.91e-02
  0  0   8.90e-02
  0  0   8.88e-02
  0  0   8.83e-02
  0  0   8.75e-02
  0  0   8.59e-02
  0  0   8.30e-02
  0  0   7.93e-02
  0  0   7.56e-02
  0  0   7.10e-02
  0  0   6.61e-02
  0  0   6.32e-02
  0  0   6.27e-02
  0  0   6.22e-02
  0  0   5.78e-02
  0  0   4.94e-02
 12 14   8.41e-01
  0  0   8.41e-01
  0  0   8.42e-01
  0  0   8.42e-01
  0  0   8.43e-01
  0  0   8.45e-01
  0  0   8.47e-01
  0  0   8.50e-01
  0  0   8.52e-01
  0  0   8.53e-01
  0  0   8.45e-01
  0  0   8.16e-01
  0  0   7.38e-01
  0  0   5.84e-01
  0  0   4.13e-01
  0  0   3.63e-01
  0  0   3.16e-01
  0  0   2.34e-01
  0  0   1.82e-01
  0  0   1.49e-01
  0  0   1.09e-01
  0  0   8.01e-02
  0  0   5.94e-02
 12 15   1.25e-01
  0  0   1.25e-01
  0  0   1.25e-01
  0  0   1.25e-01
  0  0   1.25e-01
  0  0   1.25e-01
  0  0   1.25e-01
  0  0   1.25e-01
  0  0   1.26e-01
  0  0   1.26e-01
  0  0   1.25e-01
  0  0   1.23e-01
  0  0   1.18e-01
  0  0   1.06e-01
  0  0   9.43e-02
  0  0   9.16e-02
  0  0   8.83e-02
  0  0   8.24e-02
  0  0   8.18e-02
  0  0   8.44e-02
  0  0   8.42e-02
  0  0   7.85e-02
  0  0   6.80e-02
 13 14   2.80e-01
  0  0   2.80e-01
  0  0   2.80e-01
  0  0   2.80e-01
  0  0   2.80e-01
  0  0   2.80e-01
  0  0   2.80e-01
  0  0   2.80e-01
  0  0   2.81e-01
  0  0   2.80e-01
  0  0   2.79e-01
  0  0   2.74e-01
  0  0   2.62e-01
  0  0   2.39e-01
  0  0   2.12e-01
  0  0   2.00e-01
  0  0   1.89e-01
  0  0   1.74e-01
  0  0   1.63e-01
  0  0   1.56e-01
  0  0   1.46e-01
  0  0   1.32e-01
  0  0   1.15e-01
 13 15   2.15e+00
  0  0   2.15e+00
  0  0   2.15e+00
  0  0   2.15e+00
  0  0   2.15e+00
  0  0   2.16e+00
  0  0   2.16e+00
  0  0   2.17e+00
  0  0   2.18e+00
  0  0   2.18e+00
  0  0   2.16e+00
  0  0   2.09e+00
  0  0   1.89e+00
  0  0   1.50e+00
  0  0   1.07e+00
  0  0   9.53e-01
  0  0   8.43e-01
  0  0   6.39e-01
  0  0   5.27e-01
  0  0   4.67e-01
  0  0   3.85e-01
  0  0   3.30e-01
  0  0   2.95e-01
 14 15   1.07e-01
  0  0   1.07e-01
  0  0   1.07e-01
  0  0   1.07e-01
  0  0   1.07e-01
  0  0   1.07e-01
  0  0   1.07e-01
  0  0   1.07e-01
  0  0   1.07e-01
  0  0   1.07e-01
  0  0   1.07e-01
  0  0   1.06e-01
  0  0   1.04e-01
  0  0   1.00e-01
  0  0   9.62e-02
  0  0   9.27e-02
  0  0   8.72e-02
  0  0   7.99e-02
  0  0   7.44e-02
  0  0   7.09e-02
  0  0   6.70e-02
  0  0   6.02e-02
  0  0   5.08e-02
 0 0 0
  1  2   9.417e-01
  1  3   0.000e+00
  1  4   1.057e-03
  1  5   0.000e+00
  1  6   0.000e+00
  1  7   0.000e+00
  1  8   1.856e+09
  1  9   0.000e+00
  1 10   0.000e+00
  1 11   2.223e+09
  1 12   0.000e+00
  1 13   0.000e+00
  1 14   4.571e+09
  1 15   5.905e+05
  2  3   2.056e+00
  2  4   1.758e+01
  2  5   4.535e+02
  2  6   1.354e+05
  2  7   2.389e+09
  2  8   1.013e+09
  2  9   0.000e+00
  2 10   7.162e+09
  2 11   2.279e+09
  2 12   1.340e+09
  2 13   5.648e+06
  2 14   1.371e+10
  2 15   1.301e+08
  3  4   3.876e+01
  3  5   2.987e-01
  3  6   3.005e+05
  3  7   4.207e+08
  3  8   3.691e+07
  3  9   2.652e+09
  3 10   0.000e+00
  3 11   2.581e+09
  3 12   5.574e+09
  3 13   1.123e+08
  3 14   2.362e+10
  3 15   3.598e+06
  4  5   5.782e+00
  4  6   3.931e+02
  4  7   2.039e+06
  4  8   1.515e+06
  4  9   1.125e+07
  4 10   0.000e+00
  4 11   1.159e+07
  4 12   1.953e+06
  4 13   2.053e+10
  4 14   5.208e+06
  4 15   2.616e+10
  5  6   0.000e+00
  5  7   0.000e+00
  5  8   8.104e+05
  5  9   0.000e+00
  5 10   0.000e+00
  5 11   3.819e+06
  5 12   0.000e+00
  5 13   0.000e+00
  5 14   1.074e+07
  5 15   6.790e+09
  6  7   0.000e+00
  6  8   0.000e+00
  6  9   0.000e+00
  6 10   0.000e+00
  6 11   0.000e+00
  6 12   0.000e+00
  6 13   0.000e+00
  6 14   0.000e+00
  6 15   0.000e+00
  7  8   0.000e+00
  7  9   0.000e+00
  7 10   0.000e+00
  7 11   0.000e+00
  7 12   0.000e+00
  7 13   0.000e+00
  7 14   0.000e+00
  7 15   0.000e+00
  8  9   0.000e+00
  8 10   0.000e+00
  8 11   0.000e+00
  8 12   0.000e+00
  8 13   0.000e+00
  8 14   0.000e+00
  8 15   0.000e+00
  9 10   0.000e+00
  9 11   0.000e+00
  9 12   0.000e+00
  9 13   0.000e+00
  9 14   0.000e+00
  9 15   0.000e+00
 10 11   0.000e+00
 10 12   0.000e+00
 10 13   0.000e+00
 10 14   0.000e+00
 10 15   0.000e+00
 11 12   0.000e+00
 11 13   0.000e+00
 11 14   0.000e+00
 11 15   0.000e+00
 12 13   0.000e+00
 12 14   0.000e+00
 12 15   0.000e+00
 13 14   0.000e+00
 13 15   0.000e+00
 14 15   0.000e+00
  1  1        0.0
  2  3     3692.0
  3  5     9045.0
  4  5    59690.0
  5  1   119960.0
  6  5   160465.3
  7  5   323201.0
  8  3   323416.0
  9  7   323234.0
 10  1   380149.0
 11  3   379910.0
 12  5   379929.0
 13  5   484750.0
 14  3   490592.0
 15  3   541990.0
