 23
** Atomic data from version 6 of the CHIANTI database **
%experimental energy levels: Ralchenko Y., Jou, F.C., Kelleher, D.E., Kramida, A.E., Musgrove, A., Reader, J.,
    Wiese, W.L., Olsen, K., 2005, NIST Atomic Spectra Database, Version 3.0
%theoretical energy levels: extrapolated using the ions in the He-like sequence from C V to Ni XXVII
%produced as part of the Arcetri/Cambridge/NRL 'CHIANTI' atomic data base collaboration
%
%  E. Landi - Oct 2004
%filename: p_14.wgfa
%experimental energy levels: Ralchenko Y., Jou, F.C., Kelleher, D.E., Kramida, A.E., Musgrove, A., Reader, J.,
    Wiese, W.L., Olsen, K., 2005, NIST Atomic Spectra Database, Version 3.0
%theoretical energy levels: interpolated using the ions in the He-like sequence from C V to Ni XXVII
%A values and oscillator strengths: interpolated using the ions in the He-like sequence from C V to Ni XXVII
%produced as part of the Arcetri/Cambridge/NRL 'CHIANTI' atomic data base collaboration
%
%  E. Landi - Oct 2004

%filename: p_14.splups
%oscillator strengths: interpolated using the ions in the He-like sequence from C V to Ni XXVII
%effective collision strengths: interpolated using the ions in the He-like sequence from C V to Ni XXVII
%comment: the effective collision strengths are most accurate in the range 6.2 < log T < 7.5
%produced as part of the Arcetri/Cambridge/NRL 'CHIANTI' atomic data base collaboration
%
%  E. Landi - Oct 2004
17 23
  1  1s2 1S0
  2  1s.2s 3S1
  3  1s.2s 1S0
  4  1s.2p 3P0
  5  1s.2p 3P1
  6  1s.2p 3P2
  7  1s.2p 1P1
  8  1s.3s 3S1
  9  1s.3s 1S0
 10  1s.3p 3P0
 11  1s.3p 3P1
 12  1s.3p 3P2
 13  1s.3p 1P1
 14  1s.3d 3D1
 15  1s.3d 3D2
 16  1s.3d 3D3
 17  1s.3d 1D2
     100.0
     158.5
     251.2
     398.1
     631.0
    1000.0
    1584.9
    2511.9
    3981.1
    6309.6
   10000.0
   15848.9
   25118.9
   39810.7
   63095.8
  100000.0
  158489.2
  251188.7
  398107.1
  630957.6
 1000000.0
 1584892.5
 2511887.0
0
  1  2   1.46e-03
  0  0   1.46e-03
  0  0   1.46e-03
  0  0   1.46e-03
  0  0   1.46e-03
  0  0   1.46e-03
  0  0   1.46e-03
  0  0   1.46e-03
  0  0   1.46e-03
  0  0   1.46e-03
  0  0   1.46e-03
  0  0   1.46e-03
  0  0   1.46e-03
  0  0   1.47e-03
  0  0   1.47e-03
  0  0   1.47e-03
  0  0   1.48e-03
  0  0   1.49e-03
  0  0   1.50e-03
  0  0   1.51e-03
  0  0   1.53e-03
  0  0   1.53e-03
  0  0   1.49e-03
  1  3   2.32e-03
  0  0   2.32e-03
  0  0   2.32e-03
  0  0   2.32e-03
  0  0   2.32e-03
  0  0   2.32e-03
  0  0   2.32e-03
  0  0   2.32e-03
  0  0   2.32e-03
  0  0   2.32e-03
  0  0   2.32e-03
  0  0   2.32e-03
  0  0   2.32e-03
  0  0   2.32e-03
  0  0   2.32e-03
  0  0   2.32e-03
  0  0   2.32e-03
  0  0   2.32e-03
  0  0   2.32e-03
  0  0   2.32e-03
  0  0   2.32e-03
  0  0   2.33e-03
  0  0   2.34e-03
  1  4   7.89e-04
  0  0   7.89e-04
  0  0   7.89e-04
  0  0   7.89e-04
  0  0   7.89e-04
  0  0   7.89e-04
  0  0   7.89e-04
  0  0   7.89e-04
  0  0   7.89e-04
  0  0   7.89e-04
  0  0   7.89e-04
  0  0   7.89e-04
  0  0   7.89e-04
  0  0   7.89e-04
  0  0   7.89e-04
  0  0   7.89e-04
  0  0   7.89e-04
  0  0   7.89e-04
  0  0   7.88e-04
  0  0   7.87e-04
  0  0   7.82e-04
  0  0   7.68e-04
  0  0   7.37e-04
  1  5   2.45e-03
  0  0   2.45e-03
  0  0   2.45e-03
  0  0   2.45e-03
  0  0   2.45e-03
  0  0   2.45e-03
  0  0   2.45e-03
  0  0   2.45e-03
  0  0   2.45e-03
  0  0   2.45e-03
  0  0   2.45e-03
  0  0   2.45e-03
  0  0   2.45e-03
  0  0   2.45e-03
  0  0   2.45e-03
  0  0   2.45e-03
  0  0   2.44e-03
  0  0   2.44e-03
  0  0   2.43e-03
  0  0   2.41e-03
  0  0   2.39e-03
  0  0   2.33e-03
  0  0   2.24e-03
  1  6   3.58e-03
  0  0   3.58e-03
  0  0   3.58e-03
  0  0   3.58e-03
  0  0   3.58e-03
  0  0   3.58e-03
  0  0   3.58e-03
  0  0   3.58e-03
  0  0   3.58e-03
  0  0   3.58e-03
  0  0   3.58e-03
  0  0   3.58e-03
  0  0   3.57e-03
  0  0   3.57e-03
  0  0   3.57e-03
  0  0   3.57e-03
  0  0   3.57e-03
  0  0   3.56e-03
  0  0   3.55e-03
  0  0   3.54e-03
  0  0   3.51e-03
  0  0   3.44e-03
  0  0   3.30e-03
  1  7   6.77e-03
  0  0   6.77e-03
  0  0   6.77e-03
  0  0   6.77e-03
  0  0   6.77e-03
  0  0   6.77e-03
  0  0   6.77e-03
  0  0   6.77e-03
  0  0   6.77e-03
  0  0   6.77e-03
  0  0   6.77e-03
  0  0   6.78e-03
  0  0   6.78e-03
  0  0   6.79e-03
  0  0   6.81e-03
  0  0   6.83e-03
  0  0   6.87e-03
  0  0   6.93e-03
  0  0   7.01e-03
  0  0   7.15e-03
  0  0   7.36e-03
  0  0   7.67e-03
  0  0   8.12e-03
  1  8   2.94e-04
  0  0   2.94e-04
  0  0   2.94e-04
  0  0   2.94e-04
  0  0   2.94e-04
  0  0   2.94e-04
  0  0   2.94e-04
  0  0   2.94e-04
  0  0   2.94e-04
  0  0   2.94e-04
  0  0   2.94e-04
  0  0   2.94e-04
  0  0   2.94e-04
  0  0   2.93e-04
  0  0   2.93e-04
  0  0   2.93e-04
  0  0   2.92e-04
  0  0   2.91e-04
  0  0   2.90e-04
  0  0   2.87e-04
  0  0   2.84e-04
  0  0   2.78e-04
  0  0   2.69e-04
  1  9   4.27e-04
  0  0   4.27e-04
  0  0   4.27e-04
  0  0   4.27e-04
  0  0   4.27e-04
  0  0   4.27e-04
  0  0   4.27e-04
  0  0   4.27e-04
  0  0   4.27e-04
  0  0   4.27e-04
  0  0   4.27e-04
  0  0   4.27e-04
  0  0   4.27e-04
  0  0   4.27e-04
  0  0   4.28e-04
  0  0   4.28e-04
  0  0   4.28e-04
  0  0   4.29e-04
  0  0   4.30e-04
  0  0   4.32e-04
  0  0   4.35e-04
  0  0   4.39e-04
  0  0   4.46e-04
  1 10   1.77e-04
  0  0   1.77e-04
  0  0   1.77e-04
  0  0   1.77e-04
  0  0   1.77e-04
  0  0   1.77e-04
  0  0   1.77e-04
  0  0   1.77e-04
  0  0   1.77e-04
  0  0   1.77e-04
  0  0   1.77e-04
  0  0   1.77e-04
  0  0   1.77e-04
  0  0   1.77e-04
  0  0   1.77e-04
  0  0   1.76e-04
  0  0   1.76e-04
  0  0   1.75e-04
  0  0   1.74e-04
  0  0   1.72e-04
  0  0   1.70e-04
  0  0   1.66e-04
  0  0   1.59e-04
  1 11   5.40e-04
  0  0   5.40e-04
  0  0   5.40e-04
  0  0   5.40e-04
  0  0   5.40e-04
  0  0   5.40e-04
  0  0   5.40e-04
  0  0   5.40e-04
  0  0   5.40e-04
  0  0   5.40e-04
  0  0   5.40e-04
  0  0   5.40e-04
  0  0   5.40e-04
  0  0   5.40e-04
  0  0   5.39e-04
  0  0   5.38e-04
  0  0   5.37e-04
  0  0   5.35e-04
  0  0   5.32e-04
  0  0   5.27e-04
  0  0   5.19e-04
  0  0   5.07e-04
  0  0   4.89e-04
  1 12   1.25e-03
  0  0   1.25e-03
  0  0   1.25e-03
  0  0   1.25e-03
  0  0   1.25e-03
  0  0   1.25e-03
  0  0   1.25e-03
  0  0   1.25e-03
  0  0   1.25e-03
  0  0   1.25e-03
  0  0   1.25e-03
  0  0   1.25e-03
  0  0   1.25e-03
  0  0   1.24e-03
  0  0   1.24e-03
  0  0   1.24e-03
  0  0   1.24e-03
  0  0   1.23e-03
  0  0   1.23e-03
  0  0   1.21e-03
  0  0   1.19e-03
  0  0   1.16e-03
  0  0   1.12e-03
  1 13   1.15e-03
  0  0   1.15e-03
  0  0   1.15e-03
  0  0   1.15e-03
  0  0   1.15e-03
  0  0   1.15e-03
  0  0   1.15e-03
  0  0   1.15e-03
  0  0   1.15e-03
  0  0   1.15e-03
  0  0   1.15e-03
  0  0   1.15e-03
  0  0   1.15e-03
  0  0   1.15e-03
  0  0   1.15e-03
  0  0   1.15e-03
  0  0   1.16e-03
  0  0   1.17e-03
  0  0   1.18e-03
  0  0   1.20e-03
  0  0   1.23e-03
  0  0   1.28e-03
  0  0   1.35e-03
  1 14   7.27e-05
  0  0   7.27e-05
  0  0   7.27e-05
  0  0   7.27e-05
  0  0   7.27e-05
  0  0   7.27e-05
  0  0   7.27e-05
  0  0   7.27e-05
  0  0   7.27e-05
  0  0   7.27e-05
  0  0   7.26e-05
  0  0   7.26e-05
  0  0   7.26e-05
  0  0   7.25e-05
  0  0   7.24e-05
  0  0   7.22e-05
  0  0   7.20e-05
  0  0   7.16e-05
  0  0   7.10e-05
  0  0   7.00e-05
  0  0   6.84e-05
  0  0   6.61e-05
  0  0   6.28e-05
  1 15   1.09e-04
  0  0   1.09e-04
  0  0   1.09e-04
  0  0   1.09e-04
  0  0   1.09e-04
  0  0   1.09e-04
  0  0   1.09e-04
  0  0   1.09e-04
  0  0   1.09e-04
  0  0   1.09e-04
  0  0   1.09e-04
  0  0   1.09e-04
  0  0   1.09e-04
  0  0   1.09e-04
  0  0   1.09e-04
  0  0   1.09e-04
  0  0   1.08e-04
  0  0   1.08e-04
  0  0   1.07e-04
  0  0   1.07e-04
  0  0   1.05e-04
  0  0   1.03e-04
  0  0   9.98e-05
  1 16   1.68e-04
  0  0   1.68e-04
  0  0   1.68e-04
  0  0   1.68e-04
  0  0   1.68e-04
  0  0   1.68e-04
  0  0   1.68e-04
  0  0   1.68e-04
  0  0   1.68e-04
  0  0   1.68e-04
  0  0   1.68e-04
  0  0   1.67e-04
  0  0   1.67e-04
  0  0   1.67e-04
  0  0   1.67e-04
  0  0   1.67e-04
  0  0   1.66e-04
  0  0   1.65e-04
  0  0   1.64e-04
  0  0   1.62e-04
  0  0   1.58e-04
  0  0   1.53e-04
  0  0   1.46e-04
  1 17   5.92e-05
  0  0   5.92e-05
  0  0   5.92e-05
  0  0   5.92e-05
  0  0   5.92e-05
  0  0   5.92e-05
  0  0   5.92e-05
  0  0   5.92e-05
  0  0   5.92e-05
  0  0   5.92e-05
  0  0   5.93e-05
  0  0   5.93e-05
  0  0   5.94e-05
  0  0   5.94e-05
  0  0   5.96e-05
  0  0   5.98e-05
  0  0   6.01e-05
  0  0   6.06e-05
  0  0   6.13e-05
  0  0   6.26e-05
  0  0   6.45e-05
  0  0   6.76e-05
  0  0   7.23e-05
 0 0 0
  1  2   7.345e+05
 -1 -3   1.341e+08
  1  4   0.000e+00
  1  5   3.123e+11
  1  6   6.940e+07
  1  7   5.009e+13
  1  8   0.000e+00
  1  9   0.000e+00
  1 10   0.000e+00
  1 11   8.585e+10
  1 12   0.000e+00
  1 13   1.296e+13
  1 14   0.000e+00
  1 15   0.000e+00
  1 16   0.000e+00
  1 17   0.000e+00
  2  3   0.000e+00
  2  4   1.752e+08
  2  5   1.850e+08
  2  6   2.297e+08
  2  7   0.000e+00
  2  8   0.000e+00
  2  9   0.000e+00
  2 10   7.978e+11
  2 11   7.931e+11
  2 12   8.009e+11
  2 13   5.355e+09
  2 14   0.000e+00
  2 15   0.000e+00
  2 16   0.000e+00
  2 17   0.000e+00
  3  4   0.000e+00
  3  5   0.000e+00
  3  6   0.000e+00
  3  7   5.000e+07
  3  8   0.000e+00
  3  9   0.000e+00
  3 10   0.000e+00
  3 11   4.567e+09
  3 12   0.000e+00
  3 13   7.145e+11
  3 14   0.000e+00
  3 15   0.000e+00
  3 16   0.000e+00
  3 17   0.000e+00
  4  5   0.000e+00
  4  6   0.000e+00
  4  7   0.000e+00
  4  8   3.040e+09
  4  9   0.000e+00
  4 10   0.000e+00
  4 11   0.000e+00
  4 12   0.000e+00
  4 13   0.000e+00
  4 14   1.663e+11
  4 15   0.000e+00
  4 16   0.000e+00
  4 17   0.000e+00
  5  6   0.000e+00
  5  7   0.000e+00
  5  8   2.726e+10
  5  9   0.000e+00
  5 10   0.000e+00
  5 11   0.000e+00
  5 12   0.000e+00
  5 13   0.000e+00
  5 14   3.664e+11
  5 15   6.587e+11
  5 16   0.000e+00
  5 17   0.000e+00
  6  7   0.000e+00
  6  8   7.556e+10
  6  9   0.000e+00
  6 10   0.000e+00
  6 11   0.000e+00
  6 12   0.000e+00
  6 13   0.000e+00
  6 14   1.799e+12
  6 15   3.620e+11
  6 16   1.446e+12
  6 17   0.000e+00
  7  8   0.000e+00
  7  9   2.359e+11
  7 10   0.000e+00
  7 11   0.000e+00
  7 12   0.000e+00
  7 13   0.000e+00
  7 14   0.000e+00
  7 15   0.000e+00
  7 16   0.000e+00
  7 17   2.451e+12
  8  9   0.000e+00
  8 10   0.000e+00
  8 11   0.000e+00
  8 12   0.000e+00
  8 13   0.000e+00
  8 14   0.000e+00
  8 15   0.000e+00
  8 16   0.000e+00
  8 17   0.000e+00
  9 10   0.000e+00
  9 11   0.000e+00
  9 12   0.000e+00
  9 13   0.000e+00
  9 14   0.000e+00
  9 15   0.000e+00
  9 16   0.000e+00
  9 17   0.000e+00
 10 11   0.000e+00
 10 12   0.000e+00
 10 13   0.000e+00
 10 14   5.258e+07
 10 15   0.000e+00
 10 16   0.000e+00
 10 17   0.000e+00
 11 12   0.000e+00
 11 13   0.000e+00
 11 14   3.903e+07
 11 15   6.846e+07
 11 16   0.000e+00
 11 17   0.000e+00
 12 13   0.000e+00
 12 14   2.314e+06
 12 15   2.348e+07
 12 16   2.170e+08
 12 17   0.000e+00
 13 14   0.000e+00
 13 15   0.000e+00
 13 16   0.000e+00
 13 17   0.000e+00
 14 15   0.000e+00
 14 16   0.000e+00
 14 17   0.000e+00
 15 16   0.000e+00
 15 17   0.000e+00
 16 17   0.000e+00
  1  1        0.0
  2  3 17135768.0
  3  1 17268828.0
  4  1 17258746.0
  5  3 17261164.0
  6  5 17270908.0
  7  3 17360546.0
  8  3 20271100.0
  9  1 20306284.0
 10  1 20304936.0
 11  3 20305682.0
 12  5 20308580.0
 13  3 20332952.0
 14  3 20327308.0
 15  5 20327352.0
 16  7 20328472.0
 17  5 20329412.0
