 3.850923618E-3,  1.5098945E-3,  8.284960059E-4,  5.232190015E-4,  3.571899724E-4,  2.566622861E-4,  1.914247987E-4,  1.468337723E-4,
 1.15237468E-4,  9.215039609E-5,  7.48680759E-5,  6.164248043E-5,  5.135883839E-5,  4.322559471E-5,  3.671503873E-5
 4.251979291E-3,  1.667546225E-3,  9.162269416E-4,  5.787599366E-4,  3.953825799E-4,  2.842348185E-4,  2.120712452E-4,
 1.627308666E-4,  1.277704432E-4,  1.022427459E-4,  8.304749645E-5,  6.840369315E-5,  5.701847113E-5,  4.800132228E-5,
 4.077176709E-5
 4.711741116E-3,  1.848944696E-3,  1.01649086E-3,  6.425461615E-4,  4.392480478E-4,  3.159630869E-4,  2.358179481E-4,  1.810685935E-4
 1.422163477E-4,  1.138522421E-4,  9.25461718E-5,  7.625329454E-5,  6.355540972E-5,  5.351583241E-5,  4.546174387E-5
 5.240105558E-3,  2.058047568E-3,  1.131926198E-3,  7.163588307E-4,  4.899076303E-4,  3.526385408E-4,  2.633905096E-4,
 2.023087145E-4,  1.589709718E-4,  1.273087109E-4,  1.034960369E-4,  8.535620145E-5,  7.11741377E-5,  5.991424769E-5,  5.089709884E-5
 5.851583555E-3,  2.299472224E-3,  1.265831175E-3,  8.014512132E-4,  5.487466697E-4,  3.952506522E-4,  2.953826042E-4,
 2.270448458E-4,  1.784960477E-4,  1.430079137E-4,  1.163588458E-4,  9.591029084E-5,  8.001319657E-5,  6.741425022E-5,  5.72493409E-5
 6.562665105E-3,  2.580475062E-3,  1.421503955E-3,  9.010554058E-4,  6.174801965E-4,  4.45118756E-4,  3.32849595E-4,  2.560026478E-4,
 2.013852209E-4,  1.614116045E-4,  1.313984249E-4,  1.083773168E-4,  9.043535101E-5,  7.618733071E-5,  6.470317021E-5
 7.394459099E-3,  2.909630537E-3,  1.604881254E-3,  1.018469688E-3,  6.985487998E-4,  5.038258387E-4,  3.770448675E-4,
 2.902374545E-4,  2.284300863E-4,  1.831794216E-4,  1.492084411E-4,  1.230870694E-4,  1.027044855E-4,  8.654353587E-5,
 7.348284998E-5
 8.377308957E-3,  3.298153169E-3,  1.821240177E-3,  1.156992163E-3,  7.94195279E-4,  5.73416939E-4,  4.29485488E-4,  3.308707091E-4,
 2.606200578E-4,  2.091029019E-4,  1.703825983E-4,  1.406992087E-4,  1.174142526E-4,  9.894459072E-5,  8.397097554E-5
 9.538259357E-3,  3.759234911E-3,  2.07849592E-3,  1.321899705E-3,  9.0831134E-4,  6.56662276E-4,  4.923482775E-4,  3.796174133E-4,
 2.992743975E-4,  2.403034305E-4,  1.959102956E-4,  1.618073875E-4,  1.350923558E-4,  1.137862782E-4,  9.650395805E-5
 1.092348341E-2,  4.311345983E-3,  2.387203043E-3,  1.519788988E-3,  1.046174206E-3,  7.572559407E-4,  5.682717892E-4,
 4.385884095E-4,  3.460422158E-4,  2.781002549E-4,  2.268469689E-4,  1.874670124E-4,  1.564643753E-4,  1.31728244E-4,  1.116095009E-4
 1.259894483E-2,  4.978232086E-3,  2.760554198E-3,  1.760554151E-3,  1.213720301E-3,  8.792876615E-4,  6.609498523E-4,
 5.106200697E-4,  4.033641308E-4,  3.24406341E-4,  2.648416848E-4,  2.188654325E-4,  1.827176748E-4,  1.536279742E-4,  1.296833798E-4
 1.463720296E-2,  5.791557021E-3,  3.217018442E-3,  2.056068508E-3,  1.418865402E-3,  1.030343003E-3,  7.750659715E-4,
 5.997361732E-4,  4.742743913E-4,  3.818601544E-4,  3.119393077E-4,  2.577836276E-4,  2.149736101E-4,  1.802770566E-4,
 1.510554139E-4
 1.714379899E-2,  6.794195157E-3,  3.782321932E-3,  2.421504119E-3,  1.674802043E-3,  1.217678073E-3,  9.182058275E-4,
 7.110817824E-4,  5.633245455E-4,  4.53957764E-4,  3.710422316E-4,  3.065303608E-4,  2.550791542E-4,  2.124010643E-4,  1.746701746E-4
 2.027044818E-2,  8.047493175E-3,  4.489446059E-3,  2.881926019E-3,  1.997361425E-3,  1.455145073E-3,  1.098944573E-3,
 8.529024199E-4,  6.767809973E-4,  5.458443775E-4,  4.461741482E-4,  3.680739028E-4,  3.044854966E-4,  2.49010569E-4,
 1.909630709E-29
 2.420184761E-2,  9.63060651E-3,  5.388522521E-3,  3.468337702E-3,  2.410290297E-3,  1.760554151E-3,  1.332453801E-3,  1.036279718E-3
 8.232190157E-4,  6.649076822E-4,  5.429419689E-4,  4.45712416E-4,  3.6253297E-4,  2.767810074E-4
 2.924802154E-2,  1.166226901E-2,  6.548812613E-3,  4.22889227E-3,  2.948548878E-3,  2.159630647E-3,  1.639182097E-3,  1.277704607E-3
 1.017150353E-3,  8.212401299E-4,  6.682058447E-4,  5.401715171E-4,  4.106860142E-4
 3.581134602E-2,  1.432717685E-2,  8.073878475E-3,  5.236147903E-3,  3.664248157E-3,  2.693931339E-3,  2.051451243E-3,
 1.603562036E-3,  1.277044881E-3,  1.029023784E-3,  8.265171782E-4,  6.257256027E-4
 4.453825951E-2,  1.788258739E-2,  1.013192628E-2,  6.596306339E-3,  4.639841616E-3,  3.426121548E-3,  2.618733561E-3,
 2.052770462E-3,  1.6345646E-3,  1.302110846E-3,  9.821900167E-4
 5.640501156E-2,  2.27572564E-2,  1.296833809E-2,  8.496042341E-3,  6.009894423E-3,  4.461741541E-3,  3.425461706E-3,  2.689314075E-3
 2.124010585E-3,  1.596306101E-3
 7.302110642E-2,  2.96240095E-2,  1.701187342E-2,  1.123350952E-2,  8.001319133E-3,  5.981530529E-3,  4.61279694E-3,  3.604881465E-3,
 2.699208446E-3
 9.703166038E-2,  3.966359049E-2,  2.30013188E-2,  1.534300856E-2,  1.103562023E-2,  8.311346173E-3,  6.413588766E-3,  4.785620142E-3
 0.133245379,  5.501319095E-2,  3.232190013E-2,  2.186015807E-2,  1.59234833E-2,  1.207123976E-2,  8.977572434E-3
 0.190897107,  7.988126576E-2,  4.780342802E-2,  3.294854984E-2,  2.436015941E-2,  1.802770421E-2
 0.289182037,  0.123416893,  7.58575201E-2,  5.37071228E-2,  3.946569934E-2
 0.473680764,  0.208509237,  0.133707121,  9.65699181E-2
 0.872691274,  0.404947221,  0.275395781
 1.9577837,  1.
 6.47427464
