61
** Atomic data from version 10 of the CHIANTI database **

Theoretical energies:

Mao, J. , Badnell, N. R., Del Zanna, G., 2020, A&A, 634, A7
DOI:  10.1051/0004-6361/201936931


Observed energies:

NIST Atomic Spectra Database, (ver. 5.7.1), [Online].
https://physics.nist.gov/PhysRefData/ASD/levels_form.html

The energy of level 6 has been determined from
the wavelengths measured by Curdt, Landi & Feldman, 2004, A&A, 427, 1045


Produced as part of the 'CHIANTI' atomic data base collaboration by
Giulio Del Zanna, June 2020

-1

gf-values, A-values and theoretical energies:

Mao, J. , Badnell, N. R., Del Zanna, G., 2020, A&A, 634, A7
DOI:  10.1051/0004-6361/201936931

Only transition probabilities with a branching ratio
greater than 10^(-5) have been retained.

gf-values, A-values for the ground configuration 2s2 2p2 and  the 2s 2p3 are from the
MCHF calculation by
G. Tachiev and C. Froese Fischer,  (energy adjusted), 2001, Can. J. Phys. 79,955
http://adsabs.harvard.edu/abs/2001CaJPh..79..955T


Observed energies:

NIST Atomic Spectra Database, (ver. 5.7.1), [Online].
https://physics.nist.gov/PhysRefData/ASD/levels_form.html

The energy of level 6 has been determined from
the wavelengths measured by Curdt , Landi & Feldman, 2004, A&A, 427, 1045



Produced as part of the 'CHIANTI' atomic data base collaboration by
Giulio Del Zanna, June 2020


-1

oscillator strengths and effective collision strengths:

Mao, J. , Badnell, N. R., Del Zanna, G., 2020, A&A, 634, A7
DOI:  10.1051/0004-6361/201936931 


Produced as part of the 'CHIANTI' atomic data base collaboration by
Giulio Del Zanna, June 2020

6 23
  1  2s2 2p2 3P0
  2  2s2 2p2 3P1
  3  2s2 2p2 3P2
  4  2s2 2p2 1D2
  5  2s2 2p2 1S0
  6  2s 2p3 5S2
     100.0
     158.5
     251.2
     398.1
     631.0
    1000.0
    1584.9
    2511.9
    3981.1
    6309.6
   10000.0
   15848.9
   25118.9
   39810.7
   63095.7
  100000.0
  158489.3
  251188.6
  398107.2
  630957.3
 1000000.0
 1584893.2
 2511886.4
0
  1  2   1.22e+00
  0  0   1.22e+00
  0  0   1.22e+00
  0  0   1.22e+00
  0  0   1.22e+00
  0  0   1.23e+00
  0  0   1.23e+00
  0  0   1.23e+00
  0  0   1.23e+00
  0  0   1.22e+00
  0  0   1.20e+00
  0  0   1.14e+00
  0  0   1.02e+00
  0  0   8.16e-01
  0  0   6.59e-01
  0  0   5.92e-01
  0  0   4.93e-01
  0  0   4.00e-01
  0  0   3.41e-01
  0  0   2.81e-01
  0  0   2.23e-01
  0  0   1.78e-01
  0  0   1.38e-01
  1  3   1.75e-01
  0  0   1.75e-01
  0  0   1.75e-01
  0  0   1.74e-01
  0  0   1.74e-01
  0  0   1.74e-01
  0  0   1.73e-01
  0  0   1.72e-01
  0  0   1.71e-01
  0  0   1.71e-01
  0  0   1.72e-01
  0  0   1.78e-01
  0  0   1.96e-01
  0  0   2.24e-01
  0  0   2.38e-01
  0  0   2.30e-01
  0  0   2.25e-01
  0  0   2.11e-01
  0  0   1.81e-01
  0  0   1.53e-01
  0  0   1.29e-01
  0  0   1.06e-01
  0  0   8.58e-02
  1  4   6.40e-02
  0  0   6.40e-02
  0  0   6.40e-02
  0  0   6.40e-02
  0  0   6.41e-02
  0  0   6.41e-02
  0  0   6.41e-02
  0  0   6.42e-02
  0  0   6.43e-02
  0  0   6.44e-02
  0  0   6.46e-02
  0  0   6.49e-02
  0  0   6.52e-02
  0  0   6.58e-02
  0  0   6.70e-02
  0  0   6.82e-02
  0  0   6.74e-02
  0  0   6.49e-02
  0  0   6.15e-02
  0  0   5.81e-02
  0  0   5.40e-02
  0  0   4.78e-02
  0  0   4.02e-02
  1  5   7.97e-03
  0  0   7.97e-03
  0  0   7.97e-03
  0  0   7.97e-03
  0  0   7.97e-03
  0  0   7.97e-03
  0  0   7.97e-03
  0  0   7.97e-03
  0  0   7.98e-03
  0  0   8.02e-03
  0  0   8.11e-03
  0  0   8.32e-03
  0  0   8.78e-03
  0  0   9.53e-03
  0  0   1.02e-02
  0  0   1.05e-02
  0  0   1.05e-02
  0  0   1.03e-02
  0  0   1.01e-02
  0  0   1.02e-02
  0  0   1.01e-02
  0  0   9.27e-03
  0  0   7.81e-03
  1  6   1.12e-01
  0  0   1.12e-01
  0  0   1.12e-01
  0  0   1.12e-01
  0  0   1.12e-01
  0  0   1.13e-01
  0  0   1.13e-01
  0  0   1.13e-01
  0  0   1.14e-01
  0  0   1.13e-01
  0  0   1.12e-01
  0  0   1.06e-01
  0  0   9.37e-02
  0  0   7.29e-02
  0  0   5.97e-02
  0  0   5.73e-02
  0  0   4.71e-02
  0  0   3.69e-02
  0  0   3.21e-02
  0  0   2.77e-02
  0  0   2.32e-02
  0  0   1.99e-02
  0  0   1.64e-02
  2  3   1.52e+00
  0  0   1.52e+00
  0  0   1.52e+00
  0  0   1.52e+00
  0  0   1.52e+00
  0  0   1.52e+00
  0  0   1.51e+00
  0  0   1.51e+00
  0  0   1.50e+00
  0  0   1.49e+00
  0  0   1.47e+00
  0  0   1.46e+00
  0  0   1.45e+00
  0  0   1.44e+00
  0  0   1.37e+00
  0  0   1.24e+00
  0  0   1.14e+00
  0  0   1.01e+00
  0  0   8.49e-01
  0  0   7.03e-01
  0  0   5.79e-01
  0  0   4.65e-01
  0  0   3.67e-01
  2  4   2.00e-01
  0  0   2.00e-01
  0  0   2.00e-01
  0  0   2.00e-01
  0  0   2.00e-01
  0  0   2.00e-01
  0  0   2.00e-01
  0  0   2.01e-01
  0  0   2.01e-01
  0  0   2.02e-01
  0  0   2.02e-01
  0  0   2.03e-01
  0  0   2.04e-01
  0  0   2.05e-01
  0  0   2.09e-01
  0  0   2.13e-01
  0  0   2.10e-01
  0  0   2.02e-01
  0  0   1.91e-01
  0  0   1.81e-01
  0  0   1.67e-01
  0  0   1.48e-01
  0  0   1.25e-01
  2  5   2.54e-02
  0  0   2.54e-02
  0  0   2.54e-02
  0  0   2.54e-02
  0  0   2.54e-02
  0  0   2.54e-02
  0  0   2.54e-02
  0  0   2.54e-02
  0  0   2.54e-02
  0  0   2.55e-02
  0  0   2.57e-02
  0  0   2.61e-02
  0  0   2.70e-02
  0  0   2.84e-02
  0  0   2.97e-02
  0  0   3.01e-02
  0  0   2.99e-02
  0  0   2.94e-02
  0  0   2.91e-02
  0  0   2.95e-02
  0  0   2.91e-02
  0  0   2.65e-02
  0  0   2.22e-02
  2  6   3.26e-01
  0  0   3.26e-01
  0  0   3.26e-01
  0  0   3.26e-01
  0  0   3.27e-01
  0  0   3.27e-01
  0  0   3.28e-01
  0  0   3.29e-01
  0  0   3.30e-01
  0  0   3.30e-01
  0  0   3.24e-01
  0  0   3.07e-01
  0  0   2.70e-01
  0  0   2.12e-01
  0  0   1.77e-01
  0  0   1.67e-01
  0  0   1.39e-01
  0  0   1.14e-01
  0  0   9.65e-02
  0  0   8.23e-02
  0  0   7.02e-02
  0  0   5.96e-02
  0  0   4.88e-02
  3  4   3.75e-01
  0  0   3.75e-01
  0  0   3.75e-01
  0  0   3.75e-01
  0  0   3.75e-01
  0  0   3.75e-01
  0  0   3.75e-01
  0  0   3.76e-01
  0  0   3.77e-01
  0  0   3.78e-01
  0  0   3.80e-01
  0  0   3.82e-01
  0  0   3.85e-01
  0  0   3.90e-01
  0  0   4.00e-01
  0  0   4.10e-01
  0  0   4.05e-01
  0  0   3.87e-01
  0  0   3.62e-01
  0  0   3.36e-01
  0  0   3.06e-01
  0  0   2.68e-01
  0  0   2.24e-01
  3  5   4.42e-02
  0  0   4.42e-02
  0  0   4.42e-02
  0  0   4.42e-02
  0  0   4.42e-02
  0  0   4.42e-02
  0  0   4.42e-02
  0  0   4.42e-02
  0  0   4.43e-02
  0  0   4.44e-02
  0  0   4.48e-02
  0  0   4.57e-02
  0  0   4.77e-02
  0  0   5.10e-02
  0  0   5.39e-02
  0  0   5.50e-02
  0  0   5.45e-02
  0  0   5.30e-02
  0  0   5.16e-02
  0  0   5.14e-02
  0  0   5.00e-02
  0  0   4.51e-02
  0  0   3.77e-02
  3  6   5.51e-01
  0  0   5.51e-01
  0  0   5.51e-01
  0  0   5.52e-01
  0  0   5.53e-01
  0  0   5.54e-01
  0  0   5.56e-01
  0  0   5.58e-01
  0  0   5.60e-01
  0  0   5.59e-01
  0  0   5.50e-01
  0  0   5.21e-01
  0  0   4.54e-01
  0  0   3.52e-01
  0  0   2.95e-01
  0  0   2.83e-01
  0  0   2.41e-01
  0  0   1.99e-01
  0  0   1.69e-01
  0  0   1.43e-01
  0  0   1.21e-01
  0  0   1.02e-01
  0  0   8.30e-02
  4  5   6.77e-02
  0  0   6.78e-02
  0  0   6.79e-02
  0  0   6.82e-02
  0  0   6.87e-02
  0  0   6.94e-02
  0  0   7.05e-02
  0  0   7.22e-02
  0  0   7.49e-02
  0  0   7.90e-02
  0  0   8.52e-02
  0  0   9.43e-02
  0  0   1.08e-01
  0  0   1.29e-01
  0  0   1.66e-01
  0  0   2.12e-01
  0  0   2.39e-01
  0  0   2.45e-01
  0  0   2.31e-01
  0  0   2.07e-01
  0  0   1.82e-01
  0  0   1.60e-01
  0  0   1.43e-01
  4  6   4.68e-03
  0  0   4.67e-03
  0  0   4.67e-03
  0  0   4.66e-03
  0  0   4.65e-03
  0  0   4.63e-03
  0  0   4.61e-03
  0  0   4.61e-03
  0  0   4.65e-03
  0  0   4.84e-03
  0  0   5.38e-03
  0  0   6.69e-03
  0  0   9.38e-03
  0  0   1.35e-02
  0  0   1.70e-02
  0  0   1.79e-02
  0  0   1.65e-02
  0  0   1.36e-02
  0  0   1.03e-02
  0  0   7.71e-03
  0  0   5.93e-03
  0  0   4.63e-03
  0  0   3.54e-03
  5  6   1.00e-26
  0  0   1.00e-26
  0  0   1.00e-26
  0  0   1.00e-26
  0  0   1.00e-26
  0  0   1.00e-26
  0  0   1.00e-26
  0  0   1.00e-26
  0  0   1.00e-26
  0  0   1.00e-26
  0  0   1.04e-04
  0  0   5.07e-04
  0  0   1.46e-03
  0  0   3.20e-03
  0  0   5.20e-03
  0  0   6.46e-03
  0  0   6.09e-03
  0  0   4.98e-03
  0  0   3.82e-03
  0  0   2.79e-03
  0  0   2.01e-03
  0  0   1.47e-03
  0  0   1.06e-03
 0 0 0
  1  2   2.996e-01
  1  3   0.000e+00
  1  4   5.728e-04
  1  5   0.000e+00
  1  6   0.000e+00
  2  3   7.900e-01
  2  4   7.825e+00
  2  5   2.129e+02
  2  6   6.542e+04
  3  4   1.837e+01
  3  5   1.619e-01
  3  6   1.509e+05
  4  5   5.172e+00
  4  6   1.148e+02
  5  6   0.000e+00
  1  1        0.0
  2  3     2545.0
  3  5     6414.0
  4  5    52925.9
  5  1   107799.0
  6  5   150364.0
