2
SIV  Upsilons from Saraph & Storey (1999) A&AS 134, 369
        Transition probs from Johnson,Kingston and Dufton,MNRAS,220,155,1986.
 2 26 0
 2P(1/2)
 2P(3/2)
 1000 
 1500 
 2000 
 2500 
 3000 
 3500 
 4000 
 5000 
 6000 
 7000 
 8000 
 9000 
 10000
 11000
 12000
 13000
 14000
 15000
 16000
 18000
 20000
 24000
 28000
 32000
 36000 
 40000
0.
 1 2 6.89   1000 
 0 0 6.93   1500 
 0 0 7.11   2000           
 0 0 7.32   2500           
 0 0 7.52   3000           
 0 0 7.70   3500           
 0 0 7.85   4000           
 0 0 8.10   5000           
 0 0 8.27   6000           
 0 0 8.39   7000           
 0 0 8.47   8000           
 0 0 8.52   9000           
 0 0 8.55   10000          
 0 0 8.56   11000          
 0 0 8.55   12000          
 0 0 8.54   13000          
 0 0 8.51   14000          
 0 0 8.48   15000          
 0 0 8.44   16000          
 0 0 8.36   18000          
 0 0 8.28   20000          
 0 0 8.09   24000          
 0 0 7.92   28000          
 0 0 7.76   32000          
 0 0 7.61   36000          
 0 0 7.47   40000          
0 0 0
 1 2 7.75E-3
 1 2 0
 2 4 950.2
