 30
** Atomic data from version 6 of the CHIANTI database **
%Observed energy levels (n=2): Edlen, B., 1985, Phys. Scr., 31, 345
%Observed energy levels (22-24,37,39-43,45,46,67,72): Ralchenko Y., Jou, F.C., Kelleher, D.E., Kramida, A.E., 
   Musgrove, A., Reader, J., Wiese, W.L., Olsen, K., 2005, NIST Atomic Spectra Database, Version 3.0
%Observed energy levels (35,36,44): Bromage, G.E., Fawcett, B.C., 1977, MNRAS, 178, 605
%Observed energy levels (28,31,32,64,68): Lepson et al, 2005, ApJ, 625, 1045
%Theoretical energy levels: from the 24-configuration model by Landi & Bhatia 2003, ApJ, 149, 251
% produced as part of the Arcetri/Cambridge/NRL 'CHIANTI' atomic data base collaboration
% 
%  E. Landi - March 2005
%filename: s_11.wgfa
%Observed energy levels (n=2): Edlen, B., 1985, Phys. Scr., 31, 345
%Observed energy levels (22-24,37,39-43,45,46,67,72): Ralchenko Y., Jou, F.C., Kelleher, D.E., Kramida, A.E.,
   Musgrove, A., Reader, J., Wiese, W.L., Olsen, K., 2005, NIST Atomic Spectra Database, Version 3.0
%Observed energy levels (35,36,44): Bromage, G.E., Fawcett, B.C., 1977, MNRAS, 178, 605
%Observed energy levels (28,31,32,64,68): Lepson et al, 2005, ApJ, 625, 1045
%Theoretical energy levels: from the 24-configuration model by Landi & Bhatia 2003, ApJ, 149, 251
%oscillator strengths and A values: from the 24-configuration model by Landi & Bhatia 2003, ApJ, 149, 251
% produced as part of the Arcetri/Cambridge/NRL 'CHIANTI' atomic data base collaboration
%
%  E. Landi - March 2005

%filename: s_11.splups
%Oscillator strengths: from the 9-conf model of Landi & Bhatia 2003, ApJ, 149, 251
%Effective collision strengths levels 1-6: Conlon, Keenan & Aggarwal, 1992, Phys. Scripta, 45,309
%Collision strengths levels 7-72: from the 9-conf model of Landi & Bhatia 2003, ApJ, 149, 251
%comment: effective collision strengths are provided in the range 5.45 < log T < 7.05
%produced as part of the Arcetri/Cambridge/NRL 'CHIANTI' atomic data base collaboration
%
% E. Landi - Apr 2003
15 23
  1  2s2.2p2 3P0
  2  2s2.2p2 3P1
  3  2s2.2p2 3P2
  4  2s2.2p2 1D2
  5  2s2.2p2 1S0
  6  2s.2p3 5S2
  7  2s.2p3 3D2
  8  2s.2p3 3D1
  9  2s.2p3 3D3
 10  2s.2p3 3P0
 11  2s.2p3 3P1
 12  2s.2p3 3P2
 13  2s.2p3 1D2
 14  2s.2p3 3S1
 15  2s.2p3 1P1
     100.0
     158.5
     251.2
     398.1
     631.0
    1000.0
    1584.9
    2511.9
    3981.1
    6309.6
   10000.0
   15848.9
   25118.9
   39810.7
   63095.8
  100000.0
  158489.2
  251188.7
  398107.1
  630957.6
 1000000.0
 1584892.5
 2511887.0
0
  1  2   3.16e-01
  0  0   3.16e-01
  0  0   3.16e-01
  0  0   3.16e-01
  0  0   3.16e-01
  0  0   3.16e-01
  0  0   3.16e-01
  0  0   3.16e-01
  0  0   3.15e-01
  0  0   3.15e-01
  0  0   3.13e-01
  0  0   3.12e-01
  0  0   3.09e-01
  0  0   3.05e-01
  0  0   2.99e-01
  0  0   2.90e-01
  0  0   2.75e-01
  0  0   2.55e-01
  0  0   2.29e-01
  0  0   1.97e-01
  0  0   1.62e-01
  0  0   1.28e-01
  0  0   9.71e-02
  1  3   2.20e-01
  0  0   2.20e-01
  0  0   2.20e-01
  0  0   2.20e-01
  0  0   2.20e-01
  0  0   2.20e-01
  0  0   2.20e-01
  0  0   2.20e-01
  0  0   2.19e-01
  0  0   2.19e-01
  0  0   2.18e-01
  0  0   2.17e-01
  0  0   2.15e-01
  0  0   2.13e-01
  0  0   2.09e-01
  0  0   2.02e-01
  0  0   1.93e-01
  0  0   1.79e-01
  0  0   1.59e-01
  0  0   1.36e-01
  0  0   1.11e-01
  0  0   8.76e-02
  0  0   6.60e-02
  1  4   5.55e-02
  0  0   5.55e-02
  0  0   5.55e-02
  0  0   5.55e-02
  0  0   5.54e-02
  0  0   5.54e-02
  0  0   5.54e-02
  0  0   5.54e-02
  0  0   5.53e-02
  0  0   5.53e-02
  0  0   5.51e-02
  0  0   5.50e-02
  0  0   5.47e-02
  0  0   5.42e-02
  0  0   5.35e-02
  0  0   5.24e-02
  0  0   5.07e-02
  0  0   4.83e-02
  0  0   4.51e-02
  0  0   4.11e-02
  0  0   3.66e-02
  0  0   3.18e-02
  0  0   2.69e-02
  1  5   6.36e-03
  0  0   6.36e-03
  0  0   6.36e-03
  0  0   6.36e-03
  0  0   6.36e-03
  0  0   6.36e-03
  0  0   6.36e-03
  0  0   6.36e-03
  0  0   6.36e-03
  0  0   6.35e-03
  0  0   6.35e-03
  0  0   6.34e-03
  0  0   6.33e-03
  0  0   6.32e-03
  0  0   6.29e-03
  0  0   6.25e-03
  0  0   6.18e-03
  0  0   6.05e-03
  0  0   5.79e-03
  0  0   5.38e-03
  0  0   4.83e-03
  0  0   4.21e-03
  0  0   3.55e-03
  1  6   3.39e-02
  0  0   3.39e-02
  0  0   3.39e-02
  0  0   3.39e-02
  0  0   3.39e-02
  0  0   3.38e-02
  0  0   3.38e-02
  0  0   3.38e-02
  0  0   3.37e-02
  0  0   3.36e-02
  0  0   3.34e-02
  0  0   3.31e-02
  0  0   3.27e-02
  0  0   3.20e-02
  0  0   3.09e-02
  0  0   2.93e-02
  0  0   2.70e-02
  0  0   2.39e-02
  0  0   2.06e-02
  0  0   1.74e-02
  0  0   1.45e-02
  0  0   1.20e-02
  0  0   9.69e-03
  1  7   6.84e-03
  0  0   6.84e-03
  0  0   6.84e-03
  0  0   6.84e-03
  0  0   6.84e-03
  0  0   6.84e-03
  0  0   6.84e-03
  0  0   6.84e-03
  0  0   6.84e-03
  0  0   6.84e-03
  0  0   6.83e-03
  0  0   6.83e-03
  0  0   6.82e-03
  0  0   6.81e-03
  0  0   6.79e-03
  0  0   6.76e-03
  0  0   6.71e-03
  0  0   6.64e-03
  0  0   6.53e-03
  0  0   6.35e-03
  0  0   6.09e-03
  0  0   5.71e-03
  0  0   5.19e-03
  1  8   2.06e-01
  0  0   2.06e-01
  0  0   2.06e-01
  0  0   2.06e-01
  0  0   2.06e-01
  0  0   2.06e-01
  0  0   2.06e-01
  0  0   2.06e-01
  0  0   2.06e-01
  0  0   2.07e-01
  0  0   2.07e-01
  0  0   2.08e-01
  0  0   2.09e-01
  0  0   2.10e-01
  0  0   2.13e-01
  0  0   2.17e-01
  0  0   2.23e-01
  0  0   2.31e-01
  0  0   2.43e-01
  0  0   2.60e-01
  0  0   2.81e-01
  0  0   3.06e-01
  0  0   3.36e-01
  1  9   8.78e-05
  0  0   8.78e-05
  0  0   8.78e-05
  0  0   8.78e-05
  0  0   8.78e-05
  0  0   8.78e-05
  0  0   8.78e-05
  0  0   8.78e-05
  0  0   8.78e-05
  0  0   8.78e-05
  0  0   8.77e-05
  0  0   8.77e-05
  0  0   8.76e-05
  0  0   8.75e-05
  0  0   8.73e-05
  0  0   8.71e-05
  0  0   8.67e-05
  0  0   8.60e-05
  0  0   8.49e-05
  0  0   8.34e-05
  0  0   8.09e-05
  0  0   7.74e-05
  0  0   7.25e-05
  1 10   8.42e-04
  0  0   8.42e-04
  0  0   8.42e-04
  0  0   8.42e-04
  0  0   8.42e-04
  0  0   8.42e-04
  0  0   8.42e-04
  0  0   8.42e-04
  0  0   8.41e-04
  0  0   8.41e-04
  0  0   8.41e-04
  0  0   8.40e-04
  0  0   8.39e-04
  0  0   8.38e-04
  0  0   8.35e-04
  0  0   8.32e-04
  0  0   8.26e-04
  0  0   8.16e-04
  0  0   8.02e-04
  0  0   7.80e-04
  0  0   7.47e-04
  0  0   6.99e-04
  0  0   6.34e-04
  1 11   1.51e-01
  0  0   1.51e-01
  0  0   1.51e-01
  0  0   1.51e-01
  0  0   1.51e-01
  0  0   1.51e-01
  0  0   1.51e-01
  0  0   1.51e-01
  0  0   1.51e-01
  0  0   1.51e-01
  0  0   1.52e-01
  0  0   1.52e-01
  0  0   1.53e-01
  0  0   1.54e-01
  0  0   1.55e-01
  0  0   1.58e-01
  0  0   1.61e-01
  0  0   1.66e-01
  0  0   1.74e-01
  0  0   1.85e-01
  0  0   1.98e-01
  0  0   2.15e-01
  0  0   2.35e-01
  1 12   1.75e-03
  0  0   1.75e-03
  0  0   1.75e-03
  0  0   1.75e-03
  0  0   1.75e-03
  0  0   1.75e-03
  0  0   1.75e-03
  0  0   1.75e-03
  0  0   1.75e-03
  0  0   1.75e-03
  0  0   1.75e-03
  0  0   1.75e-03
  0  0   1.75e-03
  0  0   1.75e-03
  0  0   1.74e-03
  0  0   1.73e-03
  0  0   1.72e-03
  0  0   1.70e-03
  0  0   1.67e-03
  0  0   1.63e-03
  0  0   1.56e-03
  0  0   1.46e-03
  0  0   1.33e-03
  1 13   3.72e-03
  0  0   3.72e-03
  0  0   3.72e-03
  0  0   3.72e-03
  0  0   3.72e-03
  0  0   3.72e-03
  0  0   3.72e-03
  0  0   3.72e-03
  0  0   3.72e-03
  0  0   3.72e-03
  0  0   3.72e-03
  0  0   3.71e-03
  0  0   3.71e-03
  0  0   3.70e-03
  0  0   3.69e-03
  0  0   3.68e-03
  0  0   3.65e-03
  0  0   3.61e-03
  0  0   3.55e-03
  0  0   3.45e-03
  0  0   3.31e-03
  0  0   3.10e-03
  0  0   2.81e-03
  1 14   1.35e-01
  0  0   1.35e-01
  0  0   1.35e-01
  0  0   1.35e-01
  0  0   1.35e-01
  0  0   1.35e-01
  0  0   1.35e-01
  0  0   1.35e-01
  0  0   1.35e-01
  0  0   1.35e-01
  0  0   1.35e-01
  0  0   1.35e-01
  0  0   1.36e-01
  0  0   1.36e-01
  0  0   1.37e-01
  0  0   1.39e-01
  0  0   1.41e-01
  0  0   1.45e-01
  0  0   1.50e-01
  0  0   1.58e-01
  0  0   1.68e-01
  0  0   1.81e-01
  0  0   1.97e-01
  1 15   1.26e-03
  0  0   1.26e-03
  0  0   1.26e-03
  0  0   1.26e-03
  0  0   1.26e-03
  0  0   1.26e-03
  0  0   1.26e-03
  0  0   1.26e-03
  0  0   1.26e-03
  0  0   1.26e-03
  0  0   1.26e-03
  0  0   1.26e-03
  0  0   1.26e-03
  0  0   1.26e-03
  0  0   1.26e-03
  0  0   1.25e-03
  0  0   1.24e-03
  0  0   1.23e-03
  0  0   1.21e-03
  0  0   1.18e-03
  0  0   1.13e-03
  0  0   1.06e-03
  0  0   9.68e-04
  2  3   9.20e-01
  0  0   9.20e-01
  0  0   9.20e-01
  0  0   9.20e-01
  0  0   9.19e-01
  0  0   9.19e-01
  0  0   9.19e-01
  0  0   9.18e-01
  0  0   9.17e-01
  0  0   9.15e-01
  0  0   9.13e-01
  0  0   9.08e-01
  0  0   9.02e-01
  0  0   8.92e-01
  0  0   8.76e-01
  0  0   8.51e-01
  0  0   8.13e-01
  0  0   7.53e-01
  0  0   6.69e-01
  0  0   5.70e-01
  0  0   4.66e-01
  0  0   3.65e-01
  0  0   2.74e-01
  2  4   1.64e-01
  0  0   1.64e-01
  0  0   1.64e-01
  0  0   1.64e-01
  0  0   1.64e-01
  0  0   1.64e-01
  0  0   1.64e-01
  0  0   1.64e-01
  0  0   1.64e-01
  0  0   1.63e-01
  0  0   1.63e-01
  0  0   1.63e-01
  0  0   1.62e-01
  0  0   1.61e-01
  0  0   1.59e-01
  0  0   1.56e-01
  0  0   1.52e-01
  0  0   1.45e-01
  0  0   1.36e-01
  0  0   1.24e-01
  0  0   1.11e-01
  0  0   9.72e-02
  0  0   8.30e-02
  2  5   1.95e-02
  0  0   1.95e-02
  0  0   1.95e-02
  0  0   1.95e-02
  0  0   1.95e-02
  0  0   1.95e-02
  0  0   1.95e-02
  0  0   1.95e-02
  0  0   1.95e-02
  0  0   1.95e-02
  0  0   1.95e-02
  0  0   1.94e-02
  0  0   1.94e-02
  0  0   1.93e-02
  0  0   1.92e-02
  0  0   1.90e-02
  0  0   1.87e-02
  0  0   1.82e-02
  0  0   1.74e-02
  0  0   1.63e-02
  0  0   1.47e-02
  0  0   1.29e-02
  0  0   1.10e-02
  2  6   9.92e-02
  0  0   9.92e-02
  0  0   9.92e-02
  0  0   9.92e-02
  0  0   9.92e-02
  0  0   9.91e-02
  0  0   9.90e-02
  0  0   9.89e-02
  0  0   9.87e-02
  0  0   9.84e-02
  0  0   9.79e-02
  0  0   9.71e-02
  0  0   9.58e-02
  0  0   9.38e-02
  0  0   9.08e-02
  0  0   8.62e-02
  0  0   7.96e-02
  0  0   7.10e-02
  0  0   6.16e-02
  0  0   5.26e-02
  0  0   4.42e-02
  0  0   3.66e-02
  0  0   2.99e-02
  2  7   4.59e-01
  0  0   4.59e-01
  0  0   4.59e-01
  0  0   4.59e-01
  0  0   4.59e-01
  0  0   4.59e-01
  0  0   4.59e-01
  0  0   4.59e-01
  0  0   4.60e-01
  0  0   4.60e-01
  0  0   4.61e-01
  0  0   4.63e-01
  0  0   4.65e-01
  0  0   4.69e-01
  0  0   4.74e-01
  0  0   4.83e-01
  0  0   4.96e-01
  0  0   5.15e-01
  0  0   5.43e-01
  0  0   5.80e-01
  0  0   6.27e-01
  0  0   6.83e-01
  0  0   7.49e-01
  2  8   1.12e-01
  0  0   1.12e-01
  0  0   1.12e-01
  0  0   1.12e-01
  0  0   1.12e-01
  0  0   1.12e-01
  0  0   1.12e-01
  0  0   1.12e-01
  0  0   1.12e-01
  0  0   1.12e-01
  0  0   1.12e-01
  0  0   1.13e-01
  0  0   1.13e-01
  0  0   1.14e-01
  0  0   1.15e-01
  0  0   1.17e-01
  0  0   1.21e-01
  0  0   1.25e-01
  0  0   1.32e-01
  0  0   1.40e-01
  0  0   1.51e-01
  0  0   1.64e-01
  0  0   1.78e-01
  2  9   8.67e-03
  0  0   8.67e-03
  0  0   8.67e-03
  0  0   8.67e-03
  0  0   8.67e-03
  0  0   8.67e-03
  0  0   8.67e-03
  0  0   8.67e-03
  0  0   8.67e-03
  0  0   8.66e-03
  0  0   8.66e-03
  0  0   8.65e-03
  0  0   8.65e-03
  0  0   8.63e-03
  0  0   8.61e-03
  0  0   8.57e-03
  0  0   8.51e-03
  0  0   8.42e-03
  0  0   8.28e-03
  0  0   8.06e-03
  0  0   7.74e-03
  0  0   7.26e-03
  0  0   6.61e-03
  2 10   1.73e-01
  0  0   1.73e-01
  0  0   1.73e-01
  0  0   1.73e-01
  0  0   1.73e-01
  0  0   1.73e-01
  0  0   1.73e-01
  0  0   1.73e-01
  0  0   1.73e-01
  0  0   1.73e-01
  0  0   1.74e-01
  0  0   1.74e-01
  0  0   1.75e-01
  0  0   1.76e-01
  0  0   1.78e-01
  0  0   1.80e-01
  0  0   1.85e-01
  0  0   1.91e-01
  0  0   2.00e-01
  0  0   2.12e-01
  0  0   2.28e-01
  0  0   2.48e-01
  0  0   2.71e-01
  2 11   1.74e-01
  0  0   1.74e-01
  0  0   1.74e-01
  0  0   1.74e-01
  0  0   1.74e-01
  0  0   1.74e-01
  0  0   1.74e-01
  0  0   1.74e-01
  0  0   1.74e-01
  0  0   1.75e-01
  0  0   1.75e-01
  0  0   1.75e-01
  0  0   1.76e-01
  0  0   1.77e-01
  0  0   1.79e-01
  0  0   1.82e-01
  0  0   1.86e-01
  0  0   1.92e-01
  0  0   2.01e-01
  0  0   2.14e-01
  0  0   2.29e-01
  0  0   2.49e-01
  0  0   2.72e-01
  2 12   1.51e-01
  0  0   1.51e-01
  0  0   1.51e-01
  0  0   1.51e-01
  0  0   1.51e-01
  0  0   1.51e-01
  0  0   1.51e-01
  0  0   1.51e-01
  0  0   1.51e-01
  0  0   1.52e-01
  0  0   1.52e-01
  0  0   1.52e-01
  0  0   1.53e-01
  0  0   1.54e-01
  0  0   1.55e-01
  0  0   1.58e-01
  0  0   1.61e-01
  0  0   1.67e-01
  0  0   1.75e-01
  0  0   1.85e-01
  0  0   1.99e-01
  0  0   2.16e-01
  0  0   2.36e-01
  2 13   1.23e-02
  0  0   1.23e-02
  0  0   1.23e-02
  0  0   1.23e-02
  0  0   1.23e-02
  0  0   1.23e-02
  0  0   1.23e-02
  0  0   1.23e-02
  0  0   1.23e-02
  0  0   1.23e-02
  0  0   1.22e-02
  0  0   1.22e-02
  0  0   1.22e-02
  0  0   1.22e-02
  0  0   1.22e-02
  0  0   1.21e-02
  0  0   1.21e-02
  0  0   1.19e-02
  0  0   1.17e-02
  0  0   1.15e-02
  0  0   1.10e-02
  0  0   1.04e-02
  0  0   9.54e-03
  2 14   4.14e-01
  0  0   4.14e-01
  0  0   4.14e-01
  0  0   4.14e-01
  0  0   4.14e-01
  0  0   4.14e-01
  0  0   4.14e-01
  0  0   4.14e-01
  0  0   4.14e-01
  0  0   4.15e-01
  0  0   4.15e-01
  0  0   4.16e-01
  0  0   4.17e-01
  0  0   4.19e-01
  0  0   4.23e-01
  0  0   4.27e-01
  0  0   4.35e-01
  0  0   4.46e-01
  0  0   4.63e-01
  0  0   4.86e-01
  0  0   5.17e-01
  0  0   5.57e-01
  0  0   6.06e-01
  2 15   1.03e-02
  0  0   1.03e-02
  0  0   1.03e-02
  0  0   1.03e-02
  0  0   1.03e-02
  0  0   1.03e-02
  0  0   1.03e-02
  0  0   1.03e-02
  0  0   1.03e-02
  0  0   1.03e-02
  0  0   1.03e-02
  0  0   1.03e-02
  0  0   1.03e-02
  0  0   1.03e-02
  0  0   1.03e-02
  0  0   1.03e-02
  0  0   1.03e-02
  0  0   1.03e-02
  0  0   1.03e-02
  0  0   1.03e-02
  0  0   1.04e-02
  0  0   1.04e-02
  0  0   1.05e-02
  3  4   2.72e-01
  0  0   2.72e-01
  0  0   2.72e-01
  0  0   2.72e-01
  0  0   2.72e-01
  0  0   2.72e-01
  0  0   2.72e-01
  0  0   2.72e-01
  0  0   2.72e-01
  0  0   2.71e-01
  0  0   2.71e-01
  0  0   2.70e-01
  0  0   2.69e-01
  0  0   2.67e-01
  0  0   2.64e-01
  0  0   2.59e-01
  0  0   2.52e-01
  0  0   2.42e-01
  0  0   2.27e-01
  0  0   2.09e-01
  0  0   1.88e-01
  0  0   1.66e-01
  0  0   1.43e-01
  3  5   3.19e-02
  0  0   3.19e-02
  0  0   3.19e-02
  0  0   3.19e-02
  0  0   3.19e-02
  0  0   3.19e-02
  0  0   3.19e-02
  0  0   3.19e-02
  0  0   3.19e-02
  0  0   3.19e-02
  0  0   3.19e-02
  0  0   3.18e-02
  0  0   3.18e-02
  0  0   3.17e-02
  0  0   3.15e-02
  0  0   3.13e-02
  0  0   3.09e-02
  0  0   3.03e-02
  0  0   2.91e-02
  0  0   2.72e-02
  0  0   2.46e-02
  0  0   2.17e-02
  0  0   1.85e-02
  3  6   1.65e-01
  0  0   1.65e-01
  0  0   1.65e-01
  0  0   1.65e-01
  0  0   1.65e-01
  0  0   1.65e-01
  0  0   1.65e-01
  0  0   1.64e-01
  0  0   1.64e-01
  0  0   1.64e-01
  0  0   1.63e-01
  0  0   1.62e-01
  0  0   1.60e-01
  0  0   1.57e-01
  0  0   1.52e-01
  0  0   1.45e-01
  0  0   1.34e-01
  0  0   1.20e-01
  0  0   1.03e-01
  0  0   8.73e-02
  0  0   7.33e-02
  0  0   6.08e-02
  0  0   4.99e-02
  3  7   7.44e-02
  0  0   7.44e-02
  0  0   7.44e-02
  0  0   7.44e-02
  0  0   7.44e-02
  0  0   7.44e-02
  0  0   7.44e-02
  0  0   7.45e-02
  0  0   7.45e-02
  0  0   7.46e-02
  0  0   7.48e-02
  0  0   7.50e-02
  0  0   7.54e-02
  0  0   7.60e-02
  0  0   7.69e-02
  0  0   7.83e-02
  0  0   8.04e-02
  0  0   8.34e-02
  0  0   8.77e-02
  0  0   9.33e-02
  0  0   1.00e-01
  0  0   1.09e-01
  0  0   1.18e-01
  3  8   3.97e-03
  0  0   3.97e-03
  0  0   3.97e-03
  0  0   3.97e-03
  0  0   3.97e-03
  0  0   3.97e-03
  0  0   3.97e-03
  0  0   3.98e-03
  0  0   3.98e-03
  0  0   3.98e-03
  0  0   3.99e-03
  0  0   4.00e-03
  0  0   4.02e-03
  0  0   4.05e-03
  0  0   4.10e-03
  0  0   4.17e-03
  0  0   4.28e-03
  0  0   4.43e-03
  0  0   4.64e-03
  0  0   4.92e-03
  0  0   5.25e-03
  0  0   5.63e-03
  0  0   6.04e-03
  3  9   7.33e-01
  0  0   7.33e-01
  0  0   7.33e-01
  0  0   7.33e-01
  0  0   7.33e-01
  0  0   7.33e-01
  0  0   7.33e-01
  0  0   7.34e-01
  0  0   7.34e-01
  0  0   7.35e-01
  0  0   7.37e-01
  0  0   7.39e-01
  0  0   7.43e-01
  0  0   7.49e-01
  0  0   7.58e-01
  0  0   7.72e-01
  0  0   7.93e-01
  0  0   8.24e-01
  0  0   8.68e-01
  0  0   9.27e-01
  0  0   1.00e+00
  0  0   1.09e+00
  0  0   1.20e+00
  3 10   1.97e-03
  0  0   1.97e-03
  0  0   1.97e-03
  0  0   1.97e-03
  0  0   1.97e-03
  0  0   1.97e-03
  0  0   1.97e-03
  0  0   1.97e-03
  0  0   1.97e-03
  0  0   1.97e-03
  0  0   1.97e-03
  0  0   1.97e-03
  0  0   1.97e-03
  0  0   1.97e-03
  0  0   1.96e-03
  0  0   1.95e-03
  0  0   1.94e-03
  0  0   1.92e-03
  0  0   1.88e-03
  0  0   1.83e-03
  0  0   1.76e-03
  0  0   1.65e-03
  0  0   1.49e-03
  3 11   1.95e-01
  0  0   1.95e-01
  0  0   1.95e-01
  0  0   1.95e-01
  0  0   1.95e-01
  0  0   1.95e-01
  0  0   1.95e-01
  0  0   1.95e-01
  0  0   1.95e-01
  0  0   1.95e-01
  0  0   1.96e-01
  0  0   1.96e-01
  0  0   1.97e-01
  0  0   1.98e-01
  0  0   2.00e-01
  0  0   2.04e-01
  0  0   2.08e-01
  0  0   2.15e-01
  0  0   2.26e-01
  0  0   2.39e-01
  0  0   2.57e-01
  0  0   2.79e-01
  0  0   3.05e-01
  3 12   7.12e-01
  0  0   7.12e-01
  0  0   7.12e-01
  0  0   7.12e-01
  0  0   7.13e-01
  0  0   7.13e-01
  0  0   7.13e-01
  0  0   7.13e-01
  0  0   7.14e-01
  0  0   7.14e-01
  0  0   7.16e-01
  0  0   7.18e-01
  0  0   7.21e-01
  0  0   7.26e-01
  0  0   7.33e-01
  0  0   7.45e-01
  0  0   7.62e-01
  0  0   7.89e-01
  0  0   8.26e-01
  0  0   8.77e-01
  0  0   9.44e-01
  0  0   1.03e+00
  0  0   1.12e+00
  3 13   3.19e-02
  0  0   3.19e-02
  0  0   3.19e-02
  0  0   3.19e-02
  0  0   3.19e-02
  0  0   3.19e-02
  0  0   3.19e-02
  0  0   3.19e-02
  0  0   3.19e-02
  0  0   3.19e-02
  0  0   3.19e-02
  0  0   3.19e-02
  0  0   3.19e-02
  0  0   3.19e-02
  0  0   3.18e-02
  0  0   3.18e-02
  0  0   3.17e-02
  0  0   3.16e-02
  0  0   3.15e-02
  0  0   3.12e-02
  0  0   3.08e-02
  0  0   3.03e-02
  0  0   2.96e-02
  3 14   7.50e-01
  0  0   7.50e-01
  0  0   7.50e-01
  0  0   7.50e-01
  0  0   7.50e-01
  0  0   7.50e-01
  0  0   7.50e-01
  0  0   7.50e-01
  0  0   7.51e-01
  0  0   7.51e-01
  0  0   7.52e-01
  0  0   7.54e-01
  0  0   7.56e-01
  0  0   7.60e-01
  0  0   7.66e-01
  0  0   7.75e-01
  0  0   7.88e-01
  0  0   8.09e-01
  0  0   8.40e-01
  0  0   8.83e-01
  0  0   9.40e-01
  0  0   1.01e+00
  0  0   1.10e+00
  3 15   9.84e-03
  0  0   9.84e-03
  0  0   9.84e-03
  0  0   9.84e-03
  0  0   9.84e-03
  0  0   9.84e-03
  0  0   9.84e-03
  0  0   9.84e-03
  0  0   9.84e-03
  0  0   9.84e-03
  0  0   9.83e-03
  0  0   9.83e-03
  0  0   9.82e-03
  0  0   9.80e-03
  0  0   9.77e-03
  0  0   9.73e-03
  0  0   9.66e-03
  0  0   9.56e-03
  0  0   9.40e-03
  0  0   9.16e-03
  0  0   8.79e-03
  0  0   8.25e-03
  0  0   7.51e-03
  4  5   1.59e-01
  0  0   1.59e-01
  0  0   1.59e-01
  0  0   1.59e-01
  0  0   1.59e-01
  0  0   1.59e-01
  0  0   1.59e-01
  0  0   1.59e-01
  0  0   1.59e-01
  0  0   1.59e-01
  0  0   1.59e-01
  0  0   1.59e-01
  0  0   1.59e-01
  0  0   1.59e-01
  0  0   1.58e-01
  0  0   1.58e-01
  0  0   1.57e-01
  0  0   1.55e-01
  0  0   1.50e-01
  0  0   1.40e-01
  0  0   1.25e-01
  0  0   1.08e-01
  0  0   8.95e-02
  4  6   2.88e-04
  0  0   2.88e-04
  0  0   2.88e-04
  0  0   2.88e-04
  0  0   2.88e-04
  0  0   2.88e-04
  0  0   2.88e-04
  0  0   2.88e-04
  0  0   2.88e-04
  0  0   2.88e-04
  0  0   2.87e-04
  0  0   2.87e-04
  0  0   2.87e-04
  0  0   2.87e-04
  0  0   2.86e-04
  0  0   2.85e-04
  0  0   2.83e-04
  0  0   2.80e-04
  0  0   2.76e-04
  0  0   2.69e-04
  0  0   2.60e-04
  0  0   2.45e-04
  0  0   2.25e-04
  4  7   3.69e-02
  0  0   3.69e-02
  0  0   3.69e-02
  0  0   3.69e-02
  0  0   3.69e-02
  0  0   3.69e-02
  0  0   3.69e-02
  0  0   3.69e-02
  0  0   3.69e-02
  0  0   3.69e-02
  0  0   3.68e-02
  0  0   3.68e-02
  0  0   3.68e-02
  0  0   3.67e-02
  0  0   3.66e-02
  0  0   3.65e-02
  0  0   3.63e-02
  0  0   3.59e-02
  0  0   3.53e-02
  0  0   3.45e-02
  0  0   3.32e-02
  0  0   3.13e-02
  0  0   2.87e-02
  4  8   2.33e-02
  0  0   2.33e-02
  0  0   2.33e-02
  0  0   2.33e-02
  0  0   2.33e-02
  0  0   2.33e-02
  0  0   2.33e-02
  0  0   2.33e-02
  0  0   2.32e-02
  0  0   2.32e-02
  0  0   2.32e-02
  0  0   2.32e-02
  0  0   2.32e-02
  0  0   2.32e-02
  0  0   2.31e-02
  0  0   2.30e-02
  0  0   2.29e-02
  0  0   2.26e-02
  0  0   2.23e-02
  0  0   2.17e-02
  0  0   2.09e-02
  0  0   1.98e-02
  0  0   1.81e-02
  4  9   5.96e-02
  0  0   5.96e-02
  0  0   5.96e-02
  0  0   5.96e-02
  0  0   5.96e-02
  0  0   5.96e-02
  0  0   5.96e-02
  0  0   5.95e-02
  0  0   5.95e-02
  0  0   5.95e-02
  0  0   5.95e-02
  0  0   5.95e-02
  0  0   5.95e-02
  0  0   5.94e-02
  0  0   5.93e-02
  0  0   5.91e-02
  0  0   5.89e-02
  0  0   5.85e-02
  0  0   5.79e-02
  0  0   5.70e-02
  0  0   5.56e-02
  0  0   5.36e-02
  0  0   5.08e-02
  4 10   2.41e-03
  0  0   2.41e-03
  0  0   2.41e-03
  0  0   2.41e-03
  0  0   2.41e-03
  0  0   2.41e-03
  0  0   2.41e-03
  0  0   2.41e-03
  0  0   2.41e-03
  0  0   2.41e-03
  0  0   2.40e-03
  0  0   2.40e-03
  0  0   2.40e-03
  0  0   2.40e-03
  0  0   2.39e-03
  0  0   2.38e-03
  0  0   2.36e-03
  0  0   2.33e-03
  0  0   2.29e-03
  0  0   2.23e-03
  0  0   2.14e-03
  0  0   2.00e-03
  0  0   1.82e-03
  4 11   1.10e-02
  0  0   1.10e-02
  0  0   1.10e-02
  0  0   1.10e-02
  0  0   1.10e-02
  0  0   1.10e-02
  0  0   1.10e-02
  0  0   1.10e-02
  0  0   1.10e-02
  0  0   1.10e-02
  0  0   1.10e-02
  0  0   1.10e-02
  0  0   1.10e-02
  0  0   1.10e-02
  0  0   1.10e-02
  0  0   1.10e-02
  0  0   1.09e-02
  0  0   1.09e-02
  0  0   1.08e-02
  0  0   1.06e-02
  0  0   1.04e-02
  0  0   1.01e-02
  0  0   9.69e-03
  4 12   1.74e-02
  0  0   1.74e-02
  0  0   1.74e-02
  0  0   1.74e-02
  0  0   1.74e-02
  0  0   1.74e-02
  0  0   1.74e-02
  0  0   1.74e-02
  0  0   1.74e-02
  0  0   1.74e-02
  0  0   1.74e-02
  0  0   1.74e-02
  0  0   1.73e-02
  0  0   1.73e-02
  0  0   1.73e-02
  0  0   1.72e-02
  0  0   1.71e-02
  0  0   1.70e-02
  0  0   1.67e-02
  0  0   1.63e-02
  0  0   1.58e-02
  0  0   1.49e-02
  0  0   1.38e-02
  4 13   1.56e+00
  0  0   1.56e+00
  0  0   1.56e+00
  0  0   1.56e+00
  0  0   1.56e+00
  0  0   1.56e+00
  0  0   1.56e+00
  0  0   1.56e+00
  0  0   1.56e+00
  0  0   1.56e+00
  0  0   1.57e+00
  0  0   1.57e+00
  0  0   1.58e+00
  0  0   1.59e+00
  0  0   1.60e+00
  0  0   1.62e+00
  0  0   1.65e+00
  0  0   1.70e+00
  0  0   1.78e+00
  0  0   1.88e+00
  0  0   2.01e+00
  0  0   2.18e+00
  0  0   2.38e+00
  4 14   1.35e-03
  0  0   1.35e-03
  0  0   1.35e-03
  0  0   1.35e-03
  0  0   1.35e-03
  0  0   1.35e-03
  0  0   1.35e-03
  0  0   1.35e-03
  0  0   1.35e-03
  0  0   1.35e-03
  0  0   1.35e-03
  0  0   1.35e-03
  0  0   1.35e-03
  0  0   1.35e-03
  0  0   1.35e-03
  0  0   1.35e-03
  0  0   1.35e-03
  0  0   1.36e-03
  0  0   1.36e-03
  0  0   1.37e-03
  0  0   1.37e-03
  0  0   1.39e-03
  0  0   1.41e-03
  4 15   8.64e-01
  0  0   8.64e-01
  0  0   8.64e-01
  0  0   8.64e-01
  0  0   8.64e-01
  0  0   8.65e-01
  0  0   8.65e-01
  0  0   8.65e-01
  0  0   8.66e-01
  0  0   8.66e-01
  0  0   8.67e-01
  0  0   8.69e-01
  0  0   8.72e-01
  0  0   8.76e-01
  0  0   8.83e-01
  0  0   8.93e-01
  0  0   9.10e-01
  0  0   9.34e-01
  0  0   9.69e-01
  0  0   1.02e+00
  0  0   1.09e+00
  0  0   1.17e+00
  0  0   1.28e+00
  5  6   1.39e-05
  0  0   1.39e-05
  0  0   1.39e-05
  0  0   1.39e-05
  0  0   1.39e-05
  0  0   1.39e-05
  0  0   1.39e-05
  0  0   1.39e-05
  0  0   1.39e-05
  0  0   1.39e-05
  0  0   1.39e-05
  0  0   1.39e-05
  0  0   1.38e-05
  0  0   1.38e-05
  0  0   1.38e-05
  0  0   1.37e-05
  0  0   1.36e-05
  0  0   1.35e-05
  0  0   1.33e-05
  0  0   1.30e-05
  0  0   1.25e-05
  0  0   1.17e-05
  0  0   1.07e-05
  5  7   8.21e-05
  0  0   8.21e-05
  0  0   8.21e-05
  0  0   8.21e-05
  0  0   8.21e-05
  0  0   8.21e-05
  0  0   8.21e-05
  0  0   8.20e-05
  0  0   8.20e-05
  0  0   8.20e-05
  0  0   8.20e-05
  0  0   8.19e-05
  0  0   8.18e-05
  0  0   8.17e-05
  0  0   8.15e-05
  0  0   8.11e-05
  0  0   8.05e-05
  0  0   7.97e-05
  0  0   7.83e-05
  0  0   7.62e-05
  0  0   7.31e-05
  0  0   6.86e-05
  0  0   6.24e-05
  5  8   1.24e-03
  0  0   1.24e-03
  0  0   1.24e-03
  0  0   1.24e-03
  0  0   1.24e-03
  0  0   1.24e-03
  0  0   1.24e-03
  0  0   1.24e-03
  0  0   1.24e-03
  0  0   1.24e-03
  0  0   1.24e-03
  0  0   1.24e-03
  0  0   1.24e-03
  0  0   1.24e-03
  0  0   1.24e-03
  0  0   1.25e-03
  0  0   1.25e-03
  0  0   1.26e-03
  0  0   1.28e-03
  0  0   1.30e-03
  0  0   1.33e-03
  0  0   1.39e-03
  0  0   1.46e-03
  5  9   1.65e-05
  0  0   1.65e-05
  0  0   1.65e-05
  0  0   1.65e-05
  0  0   1.65e-05
  0  0   1.65e-05
  0  0   1.65e-05
  0  0   1.65e-05
  0  0   1.65e-05
  0  0   1.65e-05
  0  0   1.65e-05
  0  0   1.65e-05
  0  0   1.65e-05
  0  0   1.64e-05
  0  0   1.64e-05
  0  0   1.63e-05
  0  0   1.62e-05
  0  0   1.60e-05
  0  0   1.57e-05
  0  0   1.53e-05
  0  0   1.46e-05
  0  0   1.37e-05
  0  0   1.24e-05
  5 10   4.00e-03
  0  0   4.00e-03
  0  0   4.00e-03
  0  0   4.00e-03
  0  0   4.00e-03
  0  0   4.00e-03
  0  0   4.00e-03
  0  0   4.00e-03
  0  0   4.00e-03
  0  0   4.00e-03
  0  0   4.00e-03
  0  0   4.00e-03
  0  0   3.99e-03
  0  0   3.98e-03
  0  0   3.97e-03
  0  0   3.96e-03
  0  0   3.93e-03
  0  0   3.89e-03
  0  0   3.82e-03
  0  0   3.72e-03
  0  0   3.56e-03
  0  0   3.34e-03
  0  0   3.04e-03
  5 11   1.35e-02
  0  0   1.35e-02
  0  0   1.35e-02
  0  0   1.35e-02
  0  0   1.35e-02
  0  0   1.35e-02
  0  0   1.35e-02
  0  0   1.35e-02
  0  0   1.35e-02
  0  0   1.35e-02
  0  0   1.35e-02
  0  0   1.35e-02
  0  0   1.35e-02
  0  0   1.35e-02
  0  0   1.35e-02
  0  0   1.34e-02
  0  0   1.34e-02
  0  0   1.33e-02
  0  0   1.31e-02
  0  0   1.29e-02
  0  0   1.25e-02
  0  0   1.20e-02
  0  0   1.13e-02
  5 12   1.70e-02
  0  0   1.70e-02
  0  0   1.70e-02
  0  0   1.70e-02
  0  0   1.70e-02
  0  0   1.70e-02
  0  0   1.70e-02
  0  0   1.70e-02
  0  0   1.70e-02
  0  0   1.69e-02
  0  0   1.69e-02
  0  0   1.69e-02
  0  0   1.69e-02
  0  0   1.69e-02
  0  0   1.68e-02
  0  0   1.68e-02
  0  0   1.66e-02
  0  0   1.65e-02
  0  0   1.62e-02
  0  0   1.58e-02
  0  0   1.51e-02
  0  0   1.42e-02
  0  0   1.29e-02
  5 13   5.12e-04
  0  0   5.12e-04
  0  0   5.12e-04
  0  0   5.12e-04
  0  0   5.12e-04
  0  0   5.12e-04
  0  0   5.12e-04
  0  0   5.12e-04
  0  0   5.12e-04
  0  0   5.12e-04
  0  0   5.12e-04
  0  0   5.11e-04
  0  0   5.11e-04
  0  0   5.10e-04
  0  0   5.09e-04
  0  0   5.08e-04
  0  0   5.05e-04
  0  0   5.02e-04
  0  0   4.96e-04
  0  0   4.87e-04
  0  0   4.73e-04
  0  0   4.52e-04
  0  0   4.23e-04
  5 14   1.62e-03
  0  0   1.62e-03
  0  0   1.62e-03
  0  0   1.62e-03
  0  0   1.62e-03
  0  0   1.62e-03
  0  0   1.62e-03
  0  0   1.62e-03
  0  0   1.62e-03
  0  0   1.62e-03
  0  0   1.62e-03
  0  0   1.62e-03
  0  0   1.62e-03
  0  0   1.62e-03
  0  0   1.62e-03
  0  0   1.63e-03
  0  0   1.64e-03
  0  0   1.65e-03
  0  0   1.67e-03
  0  0   1.70e-03
  0  0   1.75e-03
  0  0   1.81e-03
  0  0   1.91e-03
  5 15   3.00e-01
  0  0   3.00e-01
  0  0   3.00e-01
  0  0   3.00e-01
  0  0   3.00e-01
  0  0   3.00e-01
  0  0   3.00e-01
  0  0   3.01e-01
  0  0   3.01e-01
  0  0   3.01e-01
  0  0   3.01e-01
  0  0   3.02e-01
  0  0   3.03e-01
  0  0   3.05e-01
  0  0   3.08e-01
  0  0   3.12e-01
  0  0   3.18e-01
  0  0   3.28e-01
  0  0   3.42e-01
  0  0   3.61e-01
  0  0   3.87e-01
  0  0   4.19e-01
  0  0   4.58e-01
  6  7   7.34e-02
  0  0   7.34e-02
  0  0   7.34e-02
  0  0   7.34e-02
  0  0   7.34e-02
  0  0   7.34e-02
  0  0   7.34e-02
  0  0   7.34e-02
  0  0   7.34e-02
  0  0   7.34e-02
  0  0   7.33e-02
  0  0   7.33e-02
  0  0   7.32e-02
  0  0   7.31e-02
  0  0   7.28e-02
  0  0   7.25e-02
  0  0   7.20e-02
  0  0   7.12e-02
  0  0   6.99e-02
  0  0   6.80e-02
  0  0   6.51e-02
  0  0   6.09e-02
  0  0   5.51e-02
  6  8   4.42e-02
  0  0   4.42e-02
  0  0   4.42e-02
  0  0   4.42e-02
  0  0   4.42e-02
  0  0   4.42e-02
  0  0   4.42e-02
  0  0   4.42e-02
  0  0   4.42e-02
  0  0   4.42e-02
  0  0   4.42e-02
  0  0   4.41e-02
  0  0   4.41e-02
  0  0   4.40e-02
  0  0   4.39e-02
  0  0   4.37e-02
  0  0   4.33e-02
  0  0   4.29e-02
  0  0   4.21e-02
  0  0   4.09e-02
  0  0   3.92e-02
  0  0   3.66e-02
  0  0   3.32e-02
  6  9   1.03e-01
  0  0   1.03e-01
  0  0   1.03e-01
  0  0   1.03e-01
  0  0   1.03e-01
  0  0   1.03e-01
  0  0   1.03e-01
  0  0   1.03e-01
  0  0   1.03e-01
  0  0   1.03e-01
  0  0   1.03e-01
  0  0   1.03e-01
  0  0   1.03e-01
  0  0   1.02e-01
  0  0   1.02e-01
  0  0   1.02e-01
  0  0   1.01e-01
  0  0   9.98e-02
  0  0   9.80e-02
  0  0   9.52e-02
  0  0   9.12e-02
  0  0   8.54e-02
  0  0   7.74e-02
  6 10   8.84e-03
  0  0   8.84e-03
  0  0   8.84e-03
  0  0   8.84e-03
  0  0   8.84e-03
  0  0   8.83e-03
  0  0   8.83e-03
  0  0   8.83e-03
  0  0   8.83e-03
  0  0   8.83e-03
  0  0   8.82e-03
  0  0   8.82e-03
  0  0   8.81e-03
  0  0   8.79e-03
  0  0   8.76e-03
  0  0   8.71e-03
  0  0   8.65e-03
  0  0   8.54e-03
  0  0   8.37e-03
  0  0   8.12e-03
  0  0   7.74e-03
  0  0   7.20e-03
  0  0   6.46e-03
  6 11   2.66e-02
  0  0   2.66e-02
  0  0   2.66e-02
  0  0   2.66e-02
  0  0   2.66e-02
  0  0   2.66e-02
  0  0   2.66e-02
  0  0   2.66e-02
  0  0   2.66e-02
  0  0   2.66e-02
  0  0   2.66e-02
  0  0   2.66e-02
  0  0   2.65e-02
  0  0   2.65e-02
  0  0   2.64e-02
  0  0   2.63e-02
  0  0   2.61e-02
  0  0   2.58e-02
  0  0   2.53e-02
  0  0   2.45e-02
  0  0   2.34e-02
  0  0   2.17e-02
  0  0   1.95e-02
  6 12   4.43e-02
  0  0   4.43e-02
  0  0   4.43e-02
  0  0   4.43e-02
  0  0   4.43e-02
  0  0   4.43e-02
  0  0   4.43e-02
  0  0   4.43e-02
  0  0   4.43e-02
  0  0   4.43e-02
  0  0   4.43e-02
  0  0   4.42e-02
  0  0   4.42e-02
  0  0   4.41e-02
  0  0   4.39e-02
  0  0   4.37e-02
  0  0   4.34e-02
  0  0   4.28e-02
  0  0   4.20e-02
  0  0   4.08e-02
  0  0   3.89e-02
  0  0   3.61e-02
  0  0   3.24e-02
  6 13   2.17e-05
  0  0   2.17e-05
  0  0   2.17e-05
  0  0   2.17e-05
  0  0   2.17e-05
  0  0   2.17e-05
  0  0   2.17e-05
  0  0   2.17e-05
  0  0   2.17e-05
  0  0   2.17e-05
  0  0   2.16e-05
  0  0   2.16e-05
  0  0   2.16e-05
  0  0   2.16e-05
  0  0   2.15e-05
  0  0   2.14e-05
  0  0   2.12e-05
  0  0   2.09e-05
  0  0   2.05e-05
  0  0   1.99e-05
  0  0   1.90e-05
  0  0   1.77e-05
  0  0   1.59e-05
  6 14   3.17e-03
  0  0   3.17e-03
  0  0   3.17e-03
  0  0   3.17e-03
  0  0   3.17e-03
  0  0   3.17e-03
  0  0   3.17e-03
  0  0   3.17e-03
  0  0   3.17e-03
  0  0   3.17e-03
  0  0   3.17e-03
  0  0   3.17e-03
  0  0   3.17e-03
  0  0   3.16e-03
  0  0   3.15e-03
  0  0   3.14e-03
  0  0   3.11e-03
  0  0   3.08e-03
  0  0   3.03e-03
  0  0   2.95e-03
  0  0   2.82e-03
  0  0   2.65e-03
  0  0   2.41e-03
  6 15   2.86e-05
  0  0   2.86e-05
  0  0   2.86e-05
  0  0   2.86e-05
  0  0   2.86e-05
  0  0   2.86e-05
  0  0   2.86e-05
  0  0   2.86e-05
  0  0   2.86e-05
  0  0   2.86e-05
  0  0   2.86e-05
  0  0   2.86e-05
  0  0   2.86e-05
  0  0   2.85e-05
  0  0   2.84e-05
  0  0   2.83e-05
  0  0   2.81e-05
  0  0   2.78e-05
  0  0   2.73e-05
  0  0   2.66e-05
  0  0   2.55e-05
  0  0   2.39e-05
  0  0   2.17e-05
 0 0 0
  1  2   2.519e+00
  1  3   7.269e-05
  1  4   2.414e-03
  1  5   0.000e+00
  1  6   8.810e-02
  1  7   1.500e+00
  1  8   2.171e+09
  1  9   0.000e+00
  1 10   0.000e+00
  1 11   2.443e+09
  1 12   2.168e+00
  1 13   7.399e+00
  1 14   4.896e+09
  1 15   4.307e+05
  2  3   4.936e+00
  2  4   3.574e+01
  2  5   9.304e+02
  2  6   2.434e+05
  2  7   2.752e+09
  2  8   1.077e+09
  2  9   1.653e+00
  2 10   8.064e+09
  2 11   2.723e+09
  2 12   1.382e+09
  2 13   9.024e+06
  2 14   1.468e+10
  2 15   1.971e+08
  3  4   7.330e+01
  3  5   5.038e-01
  3  6   5.190e+05
  3  7   3.969e+08
  3  8   3.262e+07
  3  9   2.923e+09
  3 10   4.901e+00
  3 11   2.790e+09
  3 12   6.337e+09
  3 13   1.816e+08
  3 14   2.564e+10
  3 15   2.933e+06
  4  5   6.605e+00
  4  6   1.065e+03
  4  7   3.047e+06
  4  8   2.981e+06
  4  9   1.848e+07
  4 10   2.566e+00
  4 11   1.899e+07
  4 12   3.559e+06
  4 13   2.241e+10
  4 14   6.399e+06
  4 15   2.884e+10
  5  6   2.182e-07
  5  7   1.365e-02
  5  8   1.477e+06
  5  9   0.000e+00
  5 10   0.000e+00
  5 11   6.498e+06
  5 12   1.546e+00
  5 13   4.658e-02
  5 14   1.538e+07
  5 15   7.361e+09
  6  7   1.191e+01
  6  8   4.058e+00
  6  9   6.932e-01
  6 10   1.560e-03
  6 11   3.411e+02
  6 12   6.085e+02
  6 13   5.875e-01
  6 14   1.952e+00
  6 15   4.163e-03
  7  8   9.595e-04
  7  9   3.648e-04
  7 10   3.739e+00
  7 11   3.230e-01
  7 12   6.082e+01
  7 13   5.724e+00
  7 14   1.511e+01
  7 15   5.280e+02
  8  9   0.000e+00
  8 10   9.925e+01
  8 11   1.005e+02
  8 12   1.571e+01
  8 13   6.222e-02
  8 14   7.681e+00
  8 15   1.737e+02
  9 10   0.000e+00
  9 11   1.730e+00
  9 12   8.531e+01
  9 13   2.428e+00
  9 14   1.311e-01
  9 15   2.885e-02
 10 11   1.056e-06
 10 12   3.102e-13
 10 13   1.328e-04
 10 14   4.742e+01
 10 15   1.457e+00
 11 12   1.096e-03
 11 13   5.028e+01
 11 14   3.412e+01
 11 15   5.229e+00
 12 13   1.469e+02
 12 14   5.567e+01
 12 15   1.047e+01
 13 14   1.173e-05
 13 15   3.851e+00
 14 15   1.338e+02
  1  1        0.0
  2  3     5208.0
  3  5    12388.0
  4  5    67147.0
  5  1   132929.0
  6  5   186251.0
  7  5   355076.0
  8  3   355364.0
  9  7   355350.0
 10  1   416947.0
 11  3   416986.0
 12  5   417419.0
 13  5   530177.0
 14  3   535220.0
 15  3   592480.0
