 25
** Atomic data from version 6 of the CHIANTI database **
%observed energy levels: Martin, W.C., Sugar, J., Musgrove, A., Dalton, G.R., 1995, 
   NIST Database for Atomic Spectroscopy, Version 1.0, NIST Standard Reference Database 61.
%comment:      28182526   Limit
%comment: theoretical levels are identical to the observed ones
%produced as part of the Arcetri/Cambridge/NRL 'CHIANTI' atomic data base collaboration
%
% K.P.Dere 1999
%filename: s_16.wgfa
%observed energy levels: Martin, W.C., Sugar, J., Musgrove, A., Dalton, G.R., 1995,
   NIST Database for Atomic Spectroscopy, Version 1.0, NIST Standard Reference Database 61
%A values: Parpia, F.A., Johnson, W.R., 1982, Phys.Rev.A, 26, 1142
%oscillator strengths: Wiese,W.L., Smith,M.W., Glennon,B.M., 1966, Atomic Transition Probabilities, NSRDS-NBS-4
%comment: Wiese's oscillator strengths are hydrogenic
%produced as part of the Arcetri/Cambridge/NRL 'CHIANTI' atomic data base collaboration
%  
% Ken Dere - 1998

%filename: s_16.splups
%oscillator strengths: Wiese,W.L., Smith,M.W., Glennon,B.M., 1966, Atomic Transition Probabilities, NSRDS-NBS-4
%collision strengths: interpolation of R-matrix calculations of 
           Aggarwal,K.M., Kingston,A.E., 1991, J. Phys. B, 24, 4583
%produced as part of the Arcetri/Cambridge/NRL 'CHIANTI' atomic data base collaboration
%
%  K.P.Dere - Aug 1998
 9 23
  1  1s 2S1/2
  2  2s 2S1/2
  3  2p 2P1/2
  4  2p 2P3/2
  5  3s 2S1/2
  6  3p 2P1/2
  7  3p 2P3/2
  8  3d 2D3/2
  9  3d 2D5/2
     100.0
     158.5
     251.2
     398.1
     631.0
    1000.0
    1584.9
    2511.9
    3981.1
    6309.6
   10000.0
   15848.9
   25118.9
   39810.7
   63095.8
  100000.0
  158489.2
  251188.7
  398107.1
  630957.6
 1000000.0
 1584892.5
 2511887.0
0
  1  2   2.95e-03
  0  0   2.95e-03
  0  0   2.95e-03
  0  0   2.95e-03
  0  0   2.95e-03
  0  0   2.95e-03
  0  0   2.95e-03
  0  0   2.95e-03
  0  0   2.95e-03
  0  0   2.95e-03
  0  0   2.95e-03
  0  0   2.95e-03
  0  0   2.95e-03
  0  0   2.95e-03
  0  0   2.95e-03
  0  0   2.96e-03
  0  0   2.96e-03
  0  0   2.96e-03
  0  0   2.97e-03
  0  0   2.99e-03
  0  0   3.01e-03
  0  0   3.04e-03
  0  0   3.08e-03
  1  3   4.27e-03
  0  0   4.27e-03
  0  0   4.27e-03
  0  0   4.27e-03
  0  0   4.27e-03
  0  0   4.27e-03
  0  0   4.27e-03
  0  0   4.27e-03
  0  0   4.27e-03
  0  0   4.27e-03
  0  0   4.27e-03
  0  0   4.27e-03
  0  0   4.27e-03
  0  0   4.27e-03
  0  0   4.27e-03
  0  0   4.27e-03
  0  0   4.27e-03
  0  0   4.27e-03
  0  0   4.27e-03
  0  0   4.26e-03
  0  0   4.26e-03
  0  0   4.27e-03
  0  0   4.30e-03
  1  4   8.56e-03
  0  0   8.56e-03
  0  0   8.56e-03
  0  0   8.56e-03
  0  0   8.56e-03
  0  0   8.56e-03
  0  0   8.56e-03
  0  0   8.56e-03
  0  0   8.56e-03
  0  0   8.56e-03
  0  0   8.56e-03
  0  0   8.56e-03
  0  0   8.56e-03
  0  0   8.56e-03
  0  0   8.56e-03
  0  0   8.55e-03
  0  0   8.55e-03
  0  0   8.55e-03
  0  0   8.55e-03
  0  0   8.54e-03
  0  0   8.54e-03
  0  0   8.55e-03
  0  0   8.61e-03
  1  5   6.90e-04
  0  0   6.90e-04
  0  0   6.90e-04
  0  0   6.90e-04
  0  0   6.90e-04
  0  0   6.90e-04
  0  0   6.90e-04
  0  0   6.90e-04
  0  0   6.90e-04
  0  0   6.90e-04
  0  0   6.90e-04
  0  0   6.89e-04
  0  0   6.89e-04
  0  0   6.89e-04
  0  0   6.89e-04
  0  0   6.88e-04
  0  0   6.87e-04
  0  0   6.86e-04
  0  0   6.83e-04
  0  0   6.80e-04
  0  0   6.74e-04
  0  0   6.66e-04
  0  0   6.55e-04
  1  6   9.62e-04
  0  0   9.62e-04
  0  0   9.62e-04
  0  0   9.62e-04
  0  0   9.62e-04
  0  0   9.62e-04
  0  0   9.62e-04
  0  0   9.62e-04
  0  0   9.62e-04
  0  0   9.62e-04
  0  0   9.62e-04
  0  0   9.62e-04
  0  0   9.61e-04
  0  0   9.61e-04
  0  0   9.60e-04
  0  0   9.59e-04
  0  0   9.56e-04
  0  0   9.53e-04
  0  0   9.48e-04
  0  0   9.41e-04
  0  0   9.30e-04
  0  0   9.15e-04
  0  0   8.98e-04
  1  7   1.93e-03
  0  0   1.93e-03
  0  0   1.93e-03
  0  0   1.93e-03
  0  0   1.93e-03
  0  0   1.93e-03
  0  0   1.93e-03
  0  0   1.93e-03
  0  0   1.93e-03
  0  0   1.93e-03
  0  0   1.93e-03
  0  0   1.93e-03
  0  0   1.93e-03
  0  0   1.93e-03
  0  0   1.92e-03
  0  0   1.92e-03
  0  0   1.92e-03
  0  0   1.91e-03
  0  0   1.90e-03
  0  0   1.88e-03
  0  0   1.86e-03
  0  0   1.83e-03
  0  0   1.80e-03
  1  8   3.31e-04
  0  0   3.31e-04
  0  0   3.31e-04
  0  0   3.31e-04
  0  0   3.31e-04
  0  0   3.31e-04
  0  0   3.31e-04
  0  0   3.31e-04
  0  0   3.31e-04
  0  0   3.31e-04
  0  0   3.31e-04
  0  0   3.31e-04
  0  0   3.30e-04
  0  0   3.30e-04
  0  0   3.29e-04
  0  0   3.28e-04
  0  0   3.25e-04
  0  0   3.22e-04
  0  0   3.17e-04
  0  0   3.09e-04
  0  0   2.98e-04
  0  0   2.81e-04
  0  0   2.58e-04
  1  9   4.97e-04
  0  0   4.97e-04
  0  0   4.97e-04
  0  0   4.97e-04
  0  0   4.97e-04
  0  0   4.97e-04
  0  0   4.97e-04
  0  0   4.97e-04
  0  0   4.96e-04
  0  0   4.96e-04
  0  0   4.96e-04
  0  0   4.96e-04
  0  0   4.95e-04
  0  0   4.95e-04
  0  0   4.93e-04
  0  0   4.91e-04
  0  0   4.88e-04
  0  0   4.83e-04
  0  0   4.76e-04
  0  0   4.64e-04
  0  0   4.47e-04
  0  0   4.21e-04
  0  0   3.87e-04
  2  5   2.91e-02
  0  0   2.91e-02
  0  0   2.91e-02
  0  0   2.91e-02
  0  0   2.91e-02
  0  0   2.91e-02
  0  0   2.91e-02
  0  0   2.91e-02
  0  0   2.91e-02
  0  0   2.91e-02
  0  0   2.91e-02
  0  0   2.92e-02
  0  0   2.92e-02
  0  0   2.92e-02
  0  0   2.93e-02
  0  0   2.95e-02
  0  0   2.97e-02
  0  0   3.00e-02
  0  0   3.04e-02
  0  0   3.10e-02
  0  0   3.16e-02
  0  0   3.21e-02
  0  0   3.25e-02
  2  6   1.10e-02
  0  0   1.10e-02
  0  0   1.10e-02
  0  0   1.10e-02
  0  0   1.10e-02
  0  0   1.10e-02
  0  0   1.10e-02
  0  0   1.10e-02
  0  0   1.10e-02
  0  0   1.10e-02
  0  0   1.10e-02
  0  0   1.10e-02
  0  0   1.11e-02
  0  0   1.12e-02
  0  0   1.13e-02
  0  0   1.15e-02
  0  0   1.18e-02
  0  0   1.22e-02
  0  0   1.28e-02
  0  0   1.35e-02
  0  0   1.43e-02
  0  0   1.50e-02
  0  0   1.58e-02
  2  7   2.20e-02
  0  0   2.20e-02
  0  0   2.20e-02
  0  0   2.20e-02
  0  0   2.20e-02
  0  0   2.20e-02
  0  0   2.20e-02
  0  0   2.20e-02
  0  0   2.20e-02
  0  0   2.21e-02
  0  0   2.21e-02
  0  0   2.22e-02
  0  0   2.23e-02
  0  0   2.24e-02
  0  0   2.26e-02
  0  0   2.30e-02
  0  0   2.36e-02
  0  0   2.44e-02
  0  0   2.56e-02
  0  0   2.71e-02
  0  0   2.86e-02
  0  0   3.00e-02
  0  0   3.17e-02
  2  8   2.46e-02
  0  0   2.46e-02
  0  0   2.46e-02
  0  0   2.46e-02
  0  0   2.46e-02
  0  0   2.47e-02
  0  0   2.47e-02
  0  0   2.47e-02
  0  0   2.47e-02
  0  0   2.47e-02
  0  0   2.47e-02
  0  0   2.48e-02
  0  0   2.49e-02
  0  0   2.51e-02
  0  0   2.53e-02
  0  0   2.57e-02
  0  0   2.62e-02
  0  0   2.70e-02
  0  0   2.80e-02
  0  0   2.92e-02
  0  0   3.01e-02
  0  0   3.04e-02
  0  0   3.07e-02
  2  9   3.72e-02
  0  0   3.72e-02
  0  0   3.72e-02
  0  0   3.72e-02
  0  0   3.72e-02
  0  0   3.73e-02
  0  0   3.73e-02
  0  0   3.73e-02
  0  0   3.73e-02
  0  0   3.73e-02
  0  0   3.74e-02
  0  0   3.75e-02
  0  0   3.76e-02
  0  0   3.78e-02
  0  0   3.82e-02
  0  0   3.87e-02
  0  0   3.95e-02
  0  0   4.06e-02
  0  0   4.21e-02
  0  0   4.37e-02
  0  0   4.50e-02
  0  0   4.56e-02
  0  0   4.61e-02
 0 0 0
  1  2   2.785e+06
 -1 -2   1.369e+08
  1  3   4.128e+13
  1  4   4.143e+13
  1  5   0.000e+00
  1  6   1.103e+13
  1  7   1.105e+13
  1  8   0.000e+00
  1  9   0.000e+00
  2  3   0.000e+00
  2  4   0.000e+00
  2  5   0.000e+00
  2  6   1.485e+12
  2  7   1.492e+12
  2  8   0.000e+00
  2  9   0.000e+00
  3  4   0.000e+00
  3  5   1.394e+11
  3  6   0.000e+00
  3  7   0.000e+00
  3  8   3.581e+12
  3  9   0.000e+00
  4  5   2.754e+11
  4  6   0.000e+00
  4  7   0.000e+00
  4  8   7.075e+11
  4  9   4.250e+12
  5  6   0.000e+00
  5  7   0.000e+00
  5  8   0.000e+00
  5  9   0.000e+00
  6  7   0.000e+00
  6  8   0.000e+00
  6  9   0.000e+00
  7  8   0.000e+00
  7  9   0.000e+00
  8  9   0.000e+00
  1  2        0.0
  2  2 21130146.8
  3  2 21129300.4
  4  4 21153494.8
  5  2 25050703.0
  6  2 25050449.0
  7  4 25057620.0
  8  4 25057607.0
  9  6 25059982.0
