 19
** Atomic data from version 6 of the CHIANTI database **
%observed energy levels: Edlen, B., 1983, Phys. Scr., 28, 51
%theoretical energy levels: Landi, E. 2005, A&A, 434, 365
%produced as part of the Arcetri/Cambridge/NRL 'CHIANTI' atomic data base collaboration
%
% E. Landi - Apr 2003
%filename: ti_15.wgfa
%observed energy levels: Edlen, B., 1983, Phys. Scr., 28, 51
%A values and oscillator strengths: Landi, E. 2005, A&A, 434, 365
%produced as part of the Arcetri/Cambridge/NRL 'CHIANTI' atomic data base collaboration
%
% E. Landi - Apr 2003

%filename: ti_15.splups
%Oscillator strengths: Zhang, H.L., Sampson, D.H., 2002, ADNDT, 82, 357
%Collision strengths: Zhang, H.L., Sampson, D.H., 2002, ADNDT, 82, 357
%produced as part of the Arcetri/Cambridge/NRL 'CHIANTI' atomic data base collaboration
%
% Enrico Landi - Mar 2003
 9 23
  1  2s2.2p4 3P2
  2  2s2.2p4 3P1
  3  2s2.2p4 3P0
  4  2s2.2p4 1D2
  5  2s2.2p4 1S0
  6  2s.2p5 3P2
  7  2s.2p5 3P1
  8  2s.2p5 3P0
  9  2s.2p5 1P1
     100.0
     158.5
     251.2
     398.1
     631.0
    1000.0
    1584.9
    2511.9
    3981.1
    6309.6
   10000.0
   15848.9
   25118.9
   39810.7
   63095.8
  100000.0
  158489.2
  251188.7
  398107.1
  630957.6
 1000000.0
 1584892.5
 2511887.0
0
  1  2   8.15e-02
  0  0   8.15e-02
  0  0   8.15e-02
  0  0   8.15e-02
  0  0   8.15e-02
  0  0   8.15e-02
  0  0   8.15e-02
  0  0   8.15e-02
  0  0   8.15e-02
  0  0   8.14e-02
  0  0   8.14e-02
  0  0   8.14e-02
  0  0   8.13e-02
  0  0   8.12e-02
  0  0   8.10e-02
  0  0   8.07e-02
  0  0   8.03e-02
  0  0   7.97e-02
  0  0   7.87e-02
  0  0   7.71e-02
  0  0   7.49e-02
  0  0   7.17e-02
  0  0   6.75e-02
  1  3   2.04e-02
  0  0   2.04e-02
  0  0   2.04e-02
  0  0   2.04e-02
  0  0   2.04e-02
  0  0   2.04e-02
  0  0   2.04e-02
  0  0   2.04e-02
  0  0   2.04e-02
  0  0   2.04e-02
  0  0   2.04e-02
  0  0   2.04e-02
  0  0   2.04e-02
  0  0   2.04e-02
  0  0   2.04e-02
  0  0   2.03e-02
  0  0   2.03e-02
  0  0   2.02e-02
  0  0   2.00e-02
  0  0   1.98e-02
  0  0   1.95e-02
  0  0   1.90e-02
  0  0   1.83e-02
  1  4   9.61e-02
  0  0   9.61e-02
  0  0   9.61e-02
  0  0   9.61e-02
  0  0   9.61e-02
  0  0   9.61e-02
  0  0   9.61e-02
  0  0   9.61e-02
  0  0   9.61e-02
  0  0   9.61e-02
  0  0   9.60e-02
  0  0   9.60e-02
  0  0   9.59e-02
  0  0   9.57e-02
  0  0   9.55e-02
  0  0   9.51e-02
  0  0   9.45e-02
  0  0   9.35e-02
  0  0   9.20e-02
  0  0   8.97e-02
  0  0   8.63e-02
  0  0   8.14e-02
  0  0   7.48e-02
  1  5   1.02e-02
  0  0   1.02e-02
  0  0   1.02e-02
  0  0   1.02e-02
  0  0   1.02e-02
  0  0   1.02e-02
  0  0   1.02e-02
  0  0   1.02e-02
  0  0   1.02e-02
  0  0   1.02e-02
  0  0   1.02e-02
  0  0   1.02e-02
  0  0   1.02e-02
  0  0   1.01e-02
  0  0   1.01e-02
  0  0   1.01e-02
  0  0   9.97e-03
  0  0   9.85e-03
  0  0   9.66e-03
  0  0   9.38e-03
  0  0   8.95e-03
  0  0   8.35e-03
  0  0   7.55e-03
  1  6   6.96e-01
  0  0   6.96e-01
  0  0   6.96e-01
  0  0   6.96e-01
  0  0   6.96e-01
  0  0   6.96e-01
  0  0   6.96e-01
  0  0   6.96e-01
  0  0   6.96e-01
  0  0   6.97e-01
  0  0   6.97e-01
  0  0   6.98e-01
  0  0   6.99e-01
  0  0   7.01e-01
  0  0   7.03e-01
  0  0   7.07e-01
  0  0   7.14e-01
  0  0   7.24e-01
  0  0   7.38e-01
  0  0   7.58e-01
  0  0   7.85e-01
  0  0   8.20e-01
  0  0   8.62e-01
  1  7   2.47e-01
  0  0   2.47e-01
  0  0   2.47e-01
  0  0   2.47e-01
  0  0   2.47e-01
  0  0   2.47e-01
  0  0   2.47e-01
  0  0   2.47e-01
  0  0   2.47e-01
  0  0   2.47e-01
  0  0   2.47e-01
  0  0   2.47e-01
  0  0   2.48e-01
  0  0   2.48e-01
  0  0   2.49e-01
  0  0   2.51e-01
  0  0   2.53e-01
  0  0   2.56e-01
  0  0   2.61e-01
  0  0   2.68e-01
  0  0   2.77e-01
  0  0   2.90e-01
  0  0   3.05e-01
  1  8   9.19e-04
  0  0   9.19e-04
  0  0   9.19e-04
  0  0   9.19e-04
  0  0   9.19e-04
  0  0   9.19e-04
  0  0   9.19e-04
  0  0   9.19e-04
  0  0   9.19e-04
  0  0   9.19e-04
  0  0   9.19e-04
  0  0   9.18e-04
  0  0   9.18e-04
  0  0   9.16e-04
  0  0   9.15e-04
  0  0   9.12e-04
  0  0   9.07e-04
  0  0   9.00e-04
  0  0   8.89e-04
  0  0   8.73e-04
  0  0   8.47e-04
  0  0   8.09e-04
  0  0   7.55e-04
  1  9   3.64e-02
  0  0   3.64e-02
  0  0   3.64e-02
  0  0   3.64e-02
  0  0   3.64e-02
  0  0   3.64e-02
  0  0   3.64e-02
  0  0   3.64e-02
  0  0   3.64e-02
  0  0   3.64e-02
  0  0   3.64e-02
  0  0   3.64e-02
  0  0   3.64e-02
  0  0   3.64e-02
  0  0   3.65e-02
  0  0   3.65e-02
  0  0   3.65e-02
  0  0   3.66e-02
  0  0   3.67e-02
  0  0   3.69e-02
  0  0   3.72e-02
  0  0   3.77e-02
  0  0   3.83e-02
  2  3   3.29e-02
  0  0   3.29e-02
  0  0   3.29e-02
  0  0   3.29e-02
  0  0   3.29e-02
  0  0   3.29e-02
  0  0   3.29e-02
  0  0   3.29e-02
  0  0   3.28e-02
  0  0   3.28e-02
  0  0   3.28e-02
  0  0   3.28e-02
  0  0   3.28e-02
  0  0   3.27e-02
  0  0   3.26e-02
  0  0   3.25e-02
  0  0   3.23e-02
  0  0   3.19e-02
  0  0   3.14e-02
  0  0   3.06e-02
  0  0   2.94e-02
  0  0   2.77e-02
  0  0   2.54e-02
  2  4   7.11e-02
  0  0   7.11e-02
  0  0   7.11e-02
  0  0   7.11e-02
  0  0   7.11e-02
  0  0   7.11e-02
  0  0   7.10e-02
  0  0   7.10e-02
  0  0   7.10e-02
  0  0   7.10e-02
  0  0   7.10e-02
  0  0   7.09e-02
  0  0   7.08e-02
  0  0   7.07e-02
  0  0   7.05e-02
  0  0   7.02e-02
  0  0   6.97e-02
  0  0   6.89e-02
  0  0   6.77e-02
  0  0   6.58e-02
  0  0   6.31e-02
  0  0   5.91e-02
  0  0   5.39e-02
  2  5   1.30e-02
  0  0   1.30e-02
  0  0   1.30e-02
  0  0   1.30e-02
  0  0   1.30e-02
  0  0   1.30e-02
  0  0   1.30e-02
  0  0   1.30e-02
  0  0   1.30e-02
  0  0   1.30e-02
  0  0   1.30e-02
  0  0   1.30e-02
  0  0   1.29e-02
  0  0   1.29e-02
  0  0   1.29e-02
  0  0   1.28e-02
  0  0   1.27e-02
  0  0   1.26e-02
  0  0   1.23e-02
  0  0   1.20e-02
  0  0   1.14e-02
  0  0   1.07e-02
  0  0   9.67e-03
  2  6   2.43e-01
  0  0   2.43e-01
  0  0   2.43e-01
  0  0   2.43e-01
  0  0   2.43e-01
  0  0   2.43e-01
  0  0   2.43e-01
  0  0   2.43e-01
  0  0   2.43e-01
  0  0   2.43e-01
  0  0   2.43e-01
  0  0   2.44e-01
  0  0   2.44e-01
  0  0   2.45e-01
  0  0   2.46e-01
  0  0   2.47e-01
  0  0   2.50e-01
  0  0   2.54e-01
  0  0   2.59e-01
  0  0   2.67e-01
  0  0   2.77e-01
  0  0   2.89e-01
  0  0   3.03e-01
  2  7   1.48e-01
  0  0   1.48e-01
  0  0   1.48e-01
  0  0   1.48e-01
  0  0   1.48e-01
  0  0   1.48e-01
  0  0   1.48e-01
  0  0   1.48e-01
  0  0   1.48e-01
  0  0   1.48e-01
  0  0   1.48e-01
  0  0   1.48e-01
  0  0   1.48e-01
  0  0   1.49e-01
  0  0   1.49e-01
  0  0   1.50e-01
  0  0   1.51e-01
  0  0   1.53e-01
  0  0   1.56e-01
  0  0   1.61e-01
  0  0   1.66e-01
  0  0   1.74e-01
  0  0   1.82e-01
  2  8   1.90e-01
  0  0   1.90e-01
  0  0   1.90e-01
  0  0   1.90e-01
  0  0   1.90e-01
  0  0   1.90e-01
  0  0   1.90e-01
  0  0   1.90e-01
  0  0   1.90e-01
  0  0   1.90e-01
  0  0   1.90e-01
  0  0   1.90e-01
  0  0   1.91e-01
  0  0   1.91e-01
  0  0   1.92e-01
  0  0   1.93e-01
  0  0   1.95e-01
  0  0   1.98e-01
  0  0   2.02e-01
  0  0   2.07e-01
  0  0   2.15e-01
  0  0   2.25e-01
  0  0   2.36e-01
  2  9   8.86e-03
  0  0   8.86e-03
  0  0   8.86e-03
  0  0   8.86e-03
  0  0   8.86e-03
  0  0   8.86e-03
  0  0   8.86e-03
  0  0   8.86e-03
  0  0   8.86e-03
  0  0   8.86e-03
  0  0   8.86e-03
  0  0   8.85e-03
  0  0   8.85e-03
  0  0   8.84e-03
  0  0   8.83e-03
  0  0   8.81e-03
  0  0   8.78e-03
  0  0   8.73e-03
  0  0   8.65e-03
  0  0   8.54e-03
  0  0   8.36e-03
  0  0   8.09e-03
  0  0   7.71e-03
  3  4   2.25e-02
  0  0   2.25e-02
  0  0   2.25e-02
  0  0   2.25e-02
  0  0   2.25e-02
  0  0   2.25e-02
  0  0   2.25e-02
  0  0   2.25e-02
  0  0   2.25e-02
  0  0   2.25e-02
  0  0   2.25e-02
  0  0   2.24e-02
  0  0   2.24e-02
  0  0   2.24e-02
  0  0   2.23e-02
  0  0   2.22e-02
  0  0   2.21e-02
  0  0   2.19e-02
  0  0   2.15e-02
  0  0   2.10e-02
  0  0   2.02e-02
  0  0   1.91e-02
  0  0   1.75e-02
  3  5   3.37e-03
  0  0   3.37e-03
  0  0   3.37e-03
  0  0   3.37e-03
  0  0   3.37e-03
  0  0   3.37e-03
  0  0   3.37e-03
  0  0   3.37e-03
  0  0   3.37e-03
  0  0   3.37e-03
  0  0   3.37e-03
  0  0   3.37e-03
  0  0   3.36e-03
  0  0   3.35e-03
  0  0   3.34e-03
  0  0   3.32e-03
  0  0   3.30e-03
  0  0   3.25e-03
  0  0   3.18e-03
  0  0   3.08e-03
  0  0   2.93e-03
  0  0   2.72e-03
  0  0   2.45e-03
  3  6   4.12e-03
  0  0   4.12e-03
  0  0   4.12e-03
  0  0   4.12e-03
  0  0   4.12e-03
  0  0   4.12e-03
  0  0   4.12e-03
  0  0   4.12e-03
  0  0   4.12e-03
  0  0   4.12e-03
  0  0   4.12e-03
  0  0   4.12e-03
  0  0   4.11e-03
  0  0   4.11e-03
  0  0   4.10e-03
  0  0   4.09e-03
  0  0   4.07e-03
  0  0   4.03e-03
  0  0   3.98e-03
  0  0   3.91e-03
  0  0   3.79e-03
  0  0   3.62e-03
  0  0   3.38e-03
  3  7   1.80e-01
  0  0   1.80e-01
  0  0   1.80e-01
  0  0   1.80e-01
  0  0   1.80e-01
  0  0   1.80e-01
  0  0   1.80e-01
  0  0   1.80e-01
  0  0   1.80e-01
  0  0   1.80e-01
  0  0   1.80e-01
  0  0   1.80e-01
  0  0   1.81e-01
  0  0   1.81e-01
  0  0   1.82e-01
  0  0   1.83e-01
  0  0   1.85e-01
  0  0   1.87e-01
  0  0   1.91e-01
  0  0   1.97e-01
  0  0   2.04e-01
  0  0   2.14e-01
  0  0   2.25e-01
  3  8   8.54e-04
  0  0   8.54e-04
  0  0   8.54e-04
  0  0   8.54e-04
  0  0   8.54e-04
  0  0   8.54e-04
  0  0   8.54e-04
  0  0   8.54e-04
  0  0   8.54e-04
  0  0   8.54e-04
  0  0   8.54e-04
  0  0   8.53e-04
  0  0   8.53e-04
  0  0   8.52e-04
  0  0   8.50e-04
  0  0   8.47e-04
  0  0   8.43e-04
  0  0   8.36e-04
  0  0   8.26e-04
  0  0   8.10e-04
  0  0   7.85e-04
  0  0   7.49e-04
  0  0   6.98e-04
  3  9   5.25e-03
  0  0   5.25e-03
  0  0   5.25e-03
  0  0   5.25e-03
  0  0   5.25e-03
  0  0   5.25e-03
  0  0   5.25e-03
  0  0   5.25e-03
  0  0   5.25e-03
  0  0   5.25e-03
  0  0   5.25e-03
  0  0   5.25e-03
  0  0   5.25e-03
  0  0   5.25e-03
  0  0   5.25e-03
  0  0   5.25e-03
  0  0   5.25e-03
  0  0   5.25e-03
  0  0   5.25e-03
  0  0   5.25e-03
  0  0   5.26e-03
  0  0   5.26e-03
  0  0   5.27e-03
  4  5   3.27e-02
  0  0   3.27e-02
  0  0   3.27e-02
  0  0   3.27e-02
  0  0   3.27e-02
  0  0   3.27e-02
  0  0   3.27e-02
  0  0   3.27e-02
  0  0   3.27e-02
  0  0   3.27e-02
  0  0   3.27e-02
  0  0   3.27e-02
  0  0   3.27e-02
  0  0   3.27e-02
  0  0   3.27e-02
  0  0   3.28e-02
  0  0   3.28e-02
  0  0   3.28e-02
  0  0   3.29e-02
  0  0   3.30e-02
  0  0   3.32e-02
  0  0   3.35e-02
  0  0   3.39e-02
  4  6   5.45e-02
  0  0   5.45e-02
  0  0   5.45e-02
  0  0   5.45e-02
  0  0   5.45e-02
  0  0   5.45e-02
  0  0   5.45e-02
  0  0   5.45e-02
  0  0   5.45e-02
  0  0   5.45e-02
  0  0   5.45e-02
  0  0   5.45e-02
  0  0   5.45e-02
  0  0   5.45e-02
  0  0   5.45e-02
  0  0   5.46e-02
  0  0   5.46e-02
  0  0   5.47e-02
  0  0   5.49e-02
  0  0   5.51e-02
  0  0   5.55e-02
  0  0   5.60e-02
  0  0   5.69e-02
  4  7   1.37e-02
  0  0   1.37e-02
  0  0   1.37e-02
  0  0   1.37e-02
  0  0   1.37e-02
  0  0   1.37e-02
  0  0   1.37e-02
  0  0   1.37e-02
  0  0   1.37e-02
  0  0   1.37e-02
  0  0   1.37e-02
  0  0   1.37e-02
  0  0   1.37e-02
  0  0   1.37e-02
  0  0   1.37e-02
  0  0   1.36e-02
  0  0   1.36e-02
  0  0   1.35e-02
  0  0   1.33e-02
  0  0   1.31e-02
  0  0   1.27e-02
  0  0   1.22e-02
  0  0   1.14e-02
  4  8   5.18e-03
  0  0   5.18e-03
  0  0   5.18e-03
  0  0   5.18e-03
  0  0   5.18e-03
  0  0   5.18e-03
  0  0   5.18e-03
  0  0   5.18e-03
  0  0   5.18e-03
  0  0   5.18e-03
  0  0   5.18e-03
  0  0   5.18e-03
  0  0   5.17e-03
  0  0   5.17e-03
  0  0   5.16e-03
  0  0   5.14e-03
  0  0   5.11e-03
  0  0   5.07e-03
  0  0   5.01e-03
  0  0   4.92e-03
  0  0   4.77e-03
  0  0   4.55e-03
  0  0   4.25e-03
  4  9   8.62e-01
  0  0   8.62e-01
  0  0   8.62e-01
  0  0   8.62e-01
  0  0   8.62e-01
  0  0   8.62e-01
  0  0   8.62e-01
  0  0   8.62e-01
  0  0   8.62e-01
  0  0   8.63e-01
  0  0   8.63e-01
  0  0   8.64e-01
  0  0   8.65e-01
  0  0   8.67e-01
  0  0   8.70e-01
  0  0   8.74e-01
  0  0   8.81e-01
  0  0   8.92e-01
  0  0   9.08e-01
  0  0   9.31e-01
  0  0   9.62e-01
  0  0   1.00e+00
  0  0   1.05e+00
  5  6   3.62e-03
  0  0   3.62e-03
  0  0   3.62e-03
  0  0   3.62e-03
  0  0   3.62e-03
  0  0   3.62e-03
  0  0   3.62e-03
  0  0   3.62e-03
  0  0   3.62e-03
  0  0   3.62e-03
  0  0   3.62e-03
  0  0   3.61e-03
  0  0   3.61e-03
  0  0   3.61e-03
  0  0   3.60e-03
  0  0   3.59e-03
  0  0   3.57e-03
  0  0   3.55e-03
  0  0   3.50e-03
  0  0   3.44e-03
  0  0   3.34e-03
  0  0   3.19e-03
  0  0   2.98e-03
  5  7   1.50e-02
  0  0   1.50e-02
  0  0   1.50e-02
  0  0   1.50e-02
  0  0   1.50e-02
  0  0   1.50e-02
  0  0   1.50e-02
  0  0   1.50e-02
  0  0   1.50e-02
  0  0   1.50e-02
  0  0   1.50e-02
  0  0   1.50e-02
  0  0   1.50e-02
  0  0   1.50e-02
  0  0   1.51e-02
  0  0   1.51e-02
  0  0   1.51e-02
  0  0   1.51e-02
  0  0   1.52e-02
  0  0   1.53e-02
  0  0   1.54e-02
  0  0   1.56e-02
  0  0   1.59e-02
  5  8   1.91e-03
  0  0   1.91e-03
  0  0   1.91e-03
  0  0   1.91e-03
  0  0   1.91e-03
  0  0   1.91e-03
  0  0   1.91e-03
  0  0   1.91e-03
  0  0   1.91e-03
  0  0   1.91e-03
  0  0   1.90e-03
  0  0   1.90e-03
  0  0   1.90e-03
  0  0   1.90e-03
  0  0   1.90e-03
  0  0   1.89e-03
  0  0   1.88e-03
  0  0   1.87e-03
  0  0   1.84e-03
  0  0   1.81e-03
  0  0   1.76e-03
  0  0   1.68e-03
  0  0   1.57e-03
  5  9   9.47e-02
  0  0   9.47e-02
  0  0   9.47e-02
  0  0   9.47e-02
  0  0   9.47e-02
  0  0   9.47e-02
  0  0   9.47e-02
  0  0   9.47e-02
  0  0   9.47e-02
  0  0   9.48e-02
  0  0   9.48e-02
  0  0   9.49e-02
  0  0   9.51e-02
  0  0   9.53e-02
  0  0   9.56e-02
  0  0   9.62e-02
  0  0   9.70e-02
  0  0   9.83e-02
  0  0   1.00e-01
  0  0   1.03e-01
  0  0   1.06e-01
  0  0   1.11e-01
  0  0   1.17e-01
  6  7   8.58e-02
  0  0   8.58e-02
  0  0   8.58e-02
  0  0   8.58e-02
  0  0   8.58e-02
  0  0   8.58e-02
  0  0   8.58e-02
  0  0   8.58e-02
  0  0   8.58e-02
  0  0   8.58e-02
  0  0   8.57e-02
  0  0   8.57e-02
  0  0   8.56e-02
  0  0   8.55e-02
  0  0   8.53e-02
  0  0   8.51e-02
  0  0   8.46e-02
  0  0   8.40e-02
  0  0   8.29e-02
  0  0   8.13e-02
  0  0   7.90e-02
  0  0   7.56e-02
  0  0   7.10e-02
  6  8   1.84e-02
  0  0   1.84e-02
  0  0   1.84e-02
  0  0   1.84e-02
  0  0   1.84e-02
  0  0   1.84e-02
  0  0   1.84e-02
  0  0   1.84e-02
  0  0   1.84e-02
  0  0   1.84e-02
  0  0   1.84e-02
  0  0   1.84e-02
  0  0   1.84e-02
  0  0   1.84e-02
  0  0   1.84e-02
  0  0   1.84e-02
  0  0   1.83e-02
  0  0   1.82e-02
  0  0   1.81e-02
  0  0   1.79e-02
  0  0   1.76e-02
  0  0   1.72e-02
  0  0   1.66e-02
  6  9   3.98e-02
  0  0   3.98e-02
  0  0   3.98e-02
  0  0   3.98e-02
  0  0   3.98e-02
  0  0   3.98e-02
  0  0   3.98e-02
  0  0   3.98e-02
  0  0   3.98e-02
  0  0   3.98e-02
  0  0   3.98e-02
  0  0   3.98e-02
  0  0   3.97e-02
  0  0   3.97e-02
  0  0   3.95e-02
  0  0   3.94e-02
  0  0   3.91e-02
  0  0   3.87e-02
  0  0   3.80e-02
  0  0   3.70e-02
  0  0   3.55e-02
  0  0   3.33e-02
  0  0   3.04e-02
  7  8   3.50e-02
  0  0   3.50e-02
  0  0   3.50e-02
  0  0   3.50e-02
  0  0   3.50e-02
  0  0   3.50e-02
  0  0   3.50e-02
  0  0   3.50e-02
  0  0   3.50e-02
  0  0   3.50e-02
  0  0   3.50e-02
  0  0   3.50e-02
  0  0   3.49e-02
  0  0   3.49e-02
  0  0   3.48e-02
  0  0   3.46e-02
  0  0   3.44e-02
  0  0   3.40e-02
  0  0   3.34e-02
  0  0   3.25e-02
  0  0   3.12e-02
  0  0   2.92e-02
  0  0   2.66e-02
  7  9   2.57e-02
  0  0   2.57e-02
  0  0   2.57e-02
  0  0   2.57e-02
  0  0   2.57e-02
  0  0   2.57e-02
  0  0   2.57e-02
  0  0   2.57e-02
  0  0   2.57e-02
  0  0   2.57e-02
  0  0   2.57e-02
  0  0   2.57e-02
  0  0   2.57e-02
  0  0   2.56e-02
  0  0   2.55e-02
  0  0   2.54e-02
  0  0   2.52e-02
  0  0   2.50e-02
  0  0   2.45e-02
  0  0   2.39e-02
  0  0   2.29e-02
  0  0   2.14e-02
  0  0   1.95e-02
  8  9   9.02e-03
  0  0   9.02e-03
  0  0   9.02e-03
  0  0   9.02e-03
  0  0   9.02e-03
  0  0   9.02e-03
  0  0   9.02e-03
  0  0   9.02e-03
  0  0   9.02e-03
  0  0   9.01e-03
  0  0   9.01e-03
  0  0   9.00e-03
  0  0   8.99e-03
  0  0   8.97e-03
  0  0   8.95e-03
  0  0   8.90e-03
  0  0   8.84e-03
  0  0   8.73e-03
  0  0   8.57e-03
  0  0   8.32e-03
  0  0   7.95e-03
  0  0   7.43e-03
  0  0   6.74e-03
 0 0 0
  1  2   1.300e+03
  1  3   5.557e-02
  1  4   2.271e+03
  1  5   2.831e+00
  1  6   2.468e+10
  1  7   1.683e+10
  1  8   5.224e+01
  1  9   4.229e+09
  2  3   1.386e+00
  2  4   2.067e+02
  2  5   2.306e+04
  2  6   7.234e+09
  2  7   8.217e+09
  2  8   3.607e+10
  2  9   1.908e+08
  3  4   1.011e-02
  3  5   0.000e+00
  3  6   2.401e+01
  3  7   1.040e+10
  3  8   0.000e+00
  3  9   3.844e+08
  4  5   1.790e+01
  4  6   7.088e+08
  4  7   5.488e+06
  4  8   1.237e+02
  4  9   1.029e+11
  5  6   5.051e+00
  5  7   2.019e+08
  5  8   0.000e+00
  5  9   7.488e+09
  6  7   6.361e+02
  6  8   1.077e-01
  6  9   3.970e+03
  7  8   3.771e+02
  7  9   1.641e+03
  8  9   1.704e+03
  1  5        0.0
  2  3    39277.0
  3  1    42309.0
  4  5   108717.0
  5  1   215509.0
  6  5   712268.0
  7  3   742838.0
  8  1   762020.0
  9  3   978007.0
