 19
** Atomic data from version 6 of the CHIANTI database **
%observed energy levels: Edlen, B., 1983, Phys. Scr., 28, 51
%theoretical energy levels: Landi, E. 2005, A&A, 434, 365
%produced as part of the Arcetri/Cambridge/NRL 'CHIANTI' atomic data base collaboration
%
% E. Landi - May 2004
%filename: zn_23.wgfa
%observed energy levels: Edlen, B., 1983, Phys. Scr., 28, 51
%A values and oscillator strengths: Landi, E. 2005, A&A, 434, 365
%produced as part of the Arcetri/Cambridge/NRL 'CHIANTI' atomic data base collaboration
%
% E. Landi - May 2004

%filename: zn_23.splups
%Oscillator strengths: Zhang, H.L., Sampson, D.H., 2002, ADNDT, 82, 357
%Collision strengths: Zhang, H.L., Sampson, D.H., 2002, ADNDT, 82, 357
%produced as part of the Arcetri/Cambridge/NRL 'CHIANTI' atomic data base collaboration
%
% Enrico Landi - Mar 2003
 9 23
  1  2s2.2p4 3P2
  2  2s2.2p4 3P0
  3  2s2.2p4 3P1
  4  2s2.2p4 1D2
  5  2s2.2p4 1S0
  6  2s.2p5 3P2
  7  2s.2p5 3P1
  8  2s.2p5 3P0
  9  2s.2p5 1P1
     100.0
     158.5
     251.2
     398.1
     631.0
    1000.0
    1584.9
    2511.9
    3981.1
    6309.6
   10000.0
   15848.9
   25118.9
   39810.7
   63095.8
  100000.0
  158489.2
  251188.7
  398107.1
  630957.6
 1000000.0
 1584892.5
 2511887.0
0
  1  2   1.22e-02
  0  0   1.22e-02
  0  0   1.22e-02
  0  0   1.22e-02
  0  0   1.22e-02
  0  0   1.22e-02
  0  0   1.22e-02
  0  0   1.22e-02
  0  0   1.22e-02
  0  0   1.22e-02
  0  0   1.22e-02
  0  0   1.22e-02
  0  0   1.22e-02
  0  0   1.22e-02
  0  0   1.22e-02
  0  0   1.22e-02
  0  0   1.22e-02
  0  0   1.21e-02
  0  0   1.21e-02
  0  0   1.20e-02
  0  0   1.19e-02
  0  0   1.18e-02
  0  0   1.15e-02
  1  3   3.27e-02
  0  0   3.27e-02
  0  0   3.27e-02
  0  0   3.27e-02
  0  0   3.27e-02
  0  0   3.27e-02
  0  0   3.27e-02
  0  0   3.27e-02
  0  0   3.27e-02
  0  0   3.27e-02
  0  0   3.27e-02
  0  0   3.27e-02
  0  0   3.27e-02
  0  0   3.27e-02
  0  0   3.26e-02
  0  0   3.26e-02
  0  0   3.25e-02
  0  0   3.24e-02
  0  0   3.22e-02
  0  0   3.19e-02
  0  0   3.15e-02
  0  0   3.08e-02
  0  0   2.98e-02
  1  4   4.16e-02
  0  0   4.16e-02
  0  0   4.16e-02
  0  0   4.16e-02
  0  0   4.16e-02
  0  0   4.16e-02
  0  0   4.16e-02
  0  0   4.16e-02
  0  0   4.16e-02
  0  0   4.16e-02
  0  0   4.16e-02
  0  0   4.16e-02
  0  0   4.16e-02
  0  0   4.15e-02
  0  0   4.15e-02
  0  0   4.14e-02
  0  0   4.13e-02
  0  0   4.12e-02
  0  0   4.09e-02
  0  0   4.05e-02
  0  0   3.99e-02
  0  0   3.90e-02
  0  0   3.77e-02
  1  5   1.41e-03
  0  0   1.41e-03
  0  0   1.41e-03
  0  0   1.41e-03
  0  0   1.41e-03
  0  0   1.41e-03
  0  0   1.41e-03
  0  0   1.41e-03
  0  0   1.41e-03
  0  0   1.41e-03
  0  0   1.41e-03
  0  0   1.41e-03
  0  0   1.41e-03
  0  0   1.41e-03
  0  0   1.41e-03
  0  0   1.40e-03
  0  0   1.40e-03
  0  0   1.39e-03
  0  0   1.38e-03
  0  0   1.36e-03
  0  0   1.33e-03
  0  0   1.28e-03
  0  0   1.22e-03
  1  6   3.17e-01
  0  0   3.17e-01
  0  0   3.17e-01
  0  0   3.17e-01
  0  0   3.17e-01
  0  0   3.17e-01
  0  0   3.17e-01
  0  0   3.17e-01
  0  0   3.17e-01
  0  0   3.17e-01
  0  0   3.17e-01
  0  0   3.17e-01
  0  0   3.17e-01
  0  0   3.18e-01
  0  0   3.19e-01
  0  0   3.20e-01
  0  0   3.22e-01
  0  0   3.25e-01
  0  0   3.29e-01
  0  0   3.36e-01
  0  0   3.45e-01
  0  0   3.57e-01
  0  0   3.72e-01
  1  7   1.49e-01
  0  0   1.49e-01
  0  0   1.49e-01
  0  0   1.49e-01
  0  0   1.49e-01
  0  0   1.49e-01
  0  0   1.49e-01
  0  0   1.49e-01
  0  0   1.49e-01
  0  0   1.49e-01
  0  0   1.49e-01
  0  0   1.50e-01
  0  0   1.50e-01
  0  0   1.50e-01
  0  0   1.50e-01
  0  0   1.51e-01
  0  0   1.51e-01
  0  0   1.53e-01
  0  0   1.54e-01
  0  0   1.57e-01
  0  0   1.61e-01
  0  0   1.66e-01
  0  0   1.72e-01
  1  8   1.33e-04
  0  0   1.33e-04
  0  0   1.33e-04
  0  0   1.33e-04
  0  0   1.33e-04
  0  0   1.33e-04
  0  0   1.33e-04
  0  0   1.33e-04
  0  0   1.33e-04
  0  0   1.33e-04
  0  0   1.33e-04
  0  0   1.33e-04
  0  0   1.33e-04
  0  0   1.33e-04
  0  0   1.32e-04
  0  0   1.32e-04
  0  0   1.32e-04
  0  0   1.31e-04
  0  0   1.31e-04
  0  0   1.29e-04
  0  0   1.28e-04
  0  0   1.25e-04
  0  0   1.20e-04
  1  9   3.27e-02
  0  0   3.27e-02
  0  0   3.27e-02
  0  0   3.27e-02
  0  0   3.27e-02
  0  0   3.27e-02
  0  0   3.27e-02
  0  0   3.27e-02
  0  0   3.27e-02
  0  0   3.27e-02
  0  0   3.27e-02
  0  0   3.27e-02
  0  0   3.27e-02
  0  0   3.27e-02
  0  0   3.27e-02
  0  0   3.27e-02
  0  0   3.28e-02
  0  0   3.28e-02
  0  0   3.29e-02
  0  0   3.30e-02
  0  0   3.33e-02
  0  0   3.36e-02
  0  0   3.41e-02
  2  3   1.03e-02
  0  0   1.03e-02
  0  0   1.03e-02
  0  0   1.03e-02
  0  0   1.03e-02
  0  0   1.03e-02
  0  0   1.03e-02
  0  0   1.03e-02
  0  0   1.03e-02
  0  0   1.03e-02
  0  0   1.03e-02
  0  0   1.03e-02
  0  0   1.03e-02
  0  0   1.03e-02
  0  0   1.03e-02
  0  0   1.03e-02
  0  0   1.02e-02
  0  0   1.02e-02
  0  0   1.01e-02
  0  0   9.99e-03
  0  0   9.80e-03
  0  0   9.51e-03
  0  0   9.09e-03
  2  4   9.18e-03
  0  0   9.18e-03
  0  0   9.18e-03
  0  0   9.18e-03
  0  0   9.18e-03
  0  0   9.18e-03
  0  0   9.18e-03
  0  0   9.18e-03
  0  0   9.18e-03
  0  0   9.18e-03
  0  0   9.18e-03
  0  0   9.18e-03
  0  0   9.17e-03
  0  0   9.17e-03
  0  0   9.16e-03
  0  0   9.15e-03
  0  0   9.13e-03
  0  0   9.09e-03
  0  0   9.04e-03
  0  0   8.97e-03
  0  0   8.84e-03
  0  0   8.66e-03
  0  0   8.40e-03
  2  5   5.48e-04
  0  0   5.48e-04
  0  0   5.48e-04
  0  0   5.48e-04
  0  0   5.48e-04
  0  0   5.48e-04
  0  0   5.48e-04
  0  0   5.48e-04
  0  0   5.48e-04
  0  0   5.48e-04
  0  0   5.47e-04
  0  0   5.47e-04
  0  0   5.47e-04
  0  0   5.46e-04
  0  0   5.46e-04
  0  0   5.44e-04
  0  0   5.42e-04
  0  0   5.39e-04
  0  0   5.34e-04
  0  0   5.27e-04
  0  0   5.15e-04
  0  0   4.97e-04
  0  0   4.72e-04
  2  6   2.84e-03
  0  0   2.84e-03
  0  0   2.84e-03
  0  0   2.84e-03
  0  0   2.84e-03
  0  0   2.84e-03
  0  0   2.84e-03
  0  0   2.84e-03
  0  0   2.84e-03
  0  0   2.84e-03
  0  0   2.84e-03
  0  0   2.84e-03
  0  0   2.84e-03
  0  0   2.84e-03
  0  0   2.84e-03
  0  0   2.83e-03
  0  0   2.83e-03
  0  0   2.82e-03
  0  0   2.80e-03
  0  0   2.77e-03
  0  0   2.73e-03
  0  0   2.67e-03
  0  0   2.58e-03
  2  7   7.88e-02
  0  0   7.88e-02
  0  0   7.88e-02
  0  0   7.88e-02
  0  0   7.88e-02
  0  0   7.88e-02
  0  0   7.88e-02
  0  0   7.88e-02
  0  0   7.88e-02
  0  0   7.88e-02
  0  0   7.89e-02
  0  0   7.89e-02
  0  0   7.90e-02
  0  0   7.91e-02
  0  0   7.93e-02
  0  0   7.97e-02
  0  0   8.02e-02
  0  0   8.10e-02
  0  0   8.21e-02
  0  0   8.38e-02
  0  0   8.62e-02
  0  0   8.93e-02
  0  0   9.32e-02
  2  8   8.81e-05
  0  0   8.81e-05
  0  0   8.81e-05
  0  0   8.81e-05
  0  0   8.81e-05
  0  0   8.81e-05
  0  0   8.81e-05
  0  0   8.81e-05
  0  0   8.81e-05
  0  0   8.80e-05
  0  0   8.80e-05
  0  0   8.80e-05
  0  0   8.80e-05
  0  0   8.79e-05
  0  0   8.78e-05
  0  0   8.77e-05
  0  0   8.75e-05
  0  0   8.71e-05
  0  0   8.65e-05
  0  0   8.57e-05
  0  0   8.43e-05
  0  0   8.23e-05
  0  0   7.92e-05
  2  9   5.52e-03
  0  0   5.52e-03
  0  0   5.52e-03
  0  0   5.52e-03
  0  0   5.52e-03
  0  0   5.52e-03
  0  0   5.52e-03
  0  0   5.52e-03
  0  0   5.52e-03
  0  0   5.52e-03
  0  0   5.52e-03
  0  0   5.53e-03
  0  0   5.53e-03
  0  0   5.53e-03
  0  0   5.53e-03
  0  0   5.53e-03
  0  0   5.54e-03
  0  0   5.55e-03
  0  0   5.56e-03
  0  0   5.58e-03
  0  0   5.62e-03
  0  0   5.67e-03
  0  0   5.75e-03
  3  4   3.27e-02
  0  0   3.27e-02
  0  0   3.27e-02
  0  0   3.27e-02
  0  0   3.27e-02
  0  0   3.27e-02
  0  0   3.27e-02
  0  0   3.27e-02
  0  0   3.27e-02
  0  0   3.27e-02
  0  0   3.27e-02
  0  0   3.26e-02
  0  0   3.26e-02
  0  0   3.26e-02
  0  0   3.26e-02
  0  0   3.25e-02
  0  0   3.24e-02
  0  0   3.23e-02
  0  0   3.20e-02
  0  0   3.16e-02
  0  0   3.11e-02
  0  0   3.02e-02
  0  0   2.89e-02
  3  5   9.10e-03
  0  0   9.10e-03
  0  0   9.10e-03
  0  0   9.10e-03
  0  0   9.10e-03
  0  0   9.10e-03
  0  0   9.10e-03
  0  0   9.10e-03
  0  0   9.10e-03
  0  0   9.09e-03
  0  0   9.09e-03
  0  0   9.09e-03
  0  0   9.09e-03
  0  0   9.08e-03
  0  0   9.07e-03
  0  0   9.05e-03
  0  0   9.02e-03
  0  0   8.97e-03
  0  0   8.90e-03
  0  0   8.78e-03
  0  0   8.61e-03
  0  0   8.34e-03
  0  0   7.94e-03
  3  6   1.17e-01
  0  0   1.17e-01
  0  0   1.17e-01
  0  0   1.17e-01
  0  0   1.17e-01
  0  0   1.17e-01
  0  0   1.17e-01
  0  0   1.17e-01
  0  0   1.17e-01
  0  0   1.17e-01
  0  0   1.17e-01
  0  0   1.17e-01
  0  0   1.17e-01
  0  0   1.17e-01
  0  0   1.18e-01
  0  0   1.19e-01
  0  0   1.20e-01
  0  0   1.21e-01
  0  0   1.24e-01
  0  0   1.27e-01
  0  0   1.32e-01
  0  0   1.39e-01
  0  0   1.47e-01
  3  7   6.84e-02
  0  0   6.84e-02
  0  0   6.84e-02
  0  0   6.84e-02
  0  0   6.84e-02
  0  0   6.84e-02
  0  0   6.84e-02
  0  0   6.84e-02
  0  0   6.84e-02
  0  0   6.84e-02
  0  0   6.85e-02
  0  0   6.85e-02
  0  0   6.86e-02
  0  0   6.87e-02
  0  0   6.89e-02
  0  0   6.92e-02
  0  0   6.97e-02
  0  0   7.04e-02
  0  0   7.14e-02
  0  0   7.29e-02
  0  0   7.51e-02
  0  0   7.80e-02
  0  0   8.16e-02
  3  8   9.68e-02
  0  0   9.68e-02
  0  0   9.68e-02
  0  0   9.68e-02
  0  0   9.68e-02
  0  0   9.68e-02
  0  0   9.68e-02
  0  0   9.68e-02
  0  0   9.69e-02
  0  0   9.69e-02
  0  0   9.69e-02
  0  0   9.70e-02
  0  0   9.71e-02
  0  0   9.72e-02
  0  0   9.75e-02
  0  0   9.78e-02
  0  0   9.84e-02
  0  0   9.93e-02
  0  0   1.01e-01
  0  0   1.03e-01
  0  0   1.05e-01
  0  0   1.09e-01
  0  0   1.14e-01
  3  9   1.01e-02
  0  0   1.01e-02
  0  0   1.01e-02
  0  0   1.01e-02
  0  0   1.01e-02
  0  0   1.01e-02
  0  0   1.01e-02
  0  0   1.01e-02
  0  0   1.01e-02
  0  0   1.01e-02
  0  0   1.01e-02
  0  0   1.01e-02
  0  0   1.01e-02
  0  0   1.01e-02
  0  0   1.01e-02
  0  0   1.01e-02
  0  0   1.01e-02
  0  0   1.01e-02
  0  0   1.01e-02
  0  0   1.01e-02
  0  0   1.01e-02
  0  0   1.01e-02
  0  0   1.01e-02
  4  5   1.67e-02
  0  0   1.67e-02
  0  0   1.67e-02
  0  0   1.67e-02
  0  0   1.67e-02
  0  0   1.67e-02
  0  0   1.67e-02
  0  0   1.67e-02
  0  0   1.67e-02
  0  0   1.67e-02
  0  0   1.67e-02
  0  0   1.67e-02
  0  0   1.67e-02
  0  0   1.67e-02
  0  0   1.67e-02
  0  0   1.67e-02
  0  0   1.67e-02
  0  0   1.67e-02
  0  0   1.67e-02
  0  0   1.67e-02
  0  0   1.67e-02
  0  0   1.66e-02
  0  0   1.66e-02
  4  6   6.71e-02
  0  0   6.71e-02
  0  0   6.71e-02
  0  0   6.71e-02
  0  0   6.71e-02
  0  0   6.71e-02
  0  0   6.71e-02
  0  0   6.71e-02
  0  0   6.71e-02
  0  0   6.71e-02
  0  0   6.71e-02
  0  0   6.71e-02
  0  0   6.71e-02
  0  0   6.72e-02
  0  0   6.72e-02
  0  0   6.73e-02
  0  0   6.74e-02
  0  0   6.77e-02
  0  0   6.80e-02
  0  0   6.86e-02
  0  0   6.94e-02
  0  0   7.07e-02
  0  0   7.27e-02
  4  7   8.18e-03
  0  0   8.18e-03
  0  0   8.18e-03
  0  0   8.18e-03
  0  0   8.18e-03
  0  0   8.18e-03
  0  0   8.18e-03
  0  0   8.18e-03
  0  0   8.18e-03
  0  0   8.18e-03
  0  0   8.17e-03
  0  0   8.17e-03
  0  0   8.17e-03
  0  0   8.17e-03
  0  0   8.17e-03
  0  0   8.16e-03
  0  0   8.16e-03
  0  0   8.15e-03
  0  0   8.13e-03
  0  0   8.11e-03
  0  0   8.07e-03
  0  0   8.00e-03
  0  0   7.91e-03
  4  8   2.65e-03
  0  0   2.65e-03
  0  0   2.65e-03
  0  0   2.65e-03
  0  0   2.65e-03
  0  0   2.65e-03
  0  0   2.65e-03
  0  0   2.65e-03
  0  0   2.65e-03
  0  0   2.65e-03
  0  0   2.65e-03
  0  0   2.65e-03
  0  0   2.65e-03
  0  0   2.65e-03
  0  0   2.64e-03
  0  0   2.64e-03
  0  0   2.63e-03
  0  0   2.62e-03
  0  0   2.61e-03
  0  0   2.58e-03
  0  0   2.54e-03
  0  0   2.49e-03
  0  0   2.40e-03
  4  9   4.24e-01
  0  0   4.24e-01
  0  0   4.24e-01
  0  0   4.24e-01
  0  0   4.24e-01
  0  0   4.24e-01
  0  0   4.24e-01
  0  0   4.24e-01
  0  0   4.24e-01
  0  0   4.24e-01
  0  0   4.24e-01
  0  0   4.25e-01
  0  0   4.25e-01
  0  0   4.25e-01
  0  0   4.26e-01
  0  0   4.28e-01
  0  0   4.30e-01
  0  0   4.33e-01
  0  0   4.37e-01
  0  0   4.44e-01
  0  0   4.54e-01
  0  0   4.67e-01
  0  0   4.84e-01
  5  6   5.53e-04
  0  0   5.53e-04
  0  0   5.53e-04
  0  0   5.53e-04
  0  0   5.53e-04
  0  0   5.53e-04
  0  0   5.53e-04
  0  0   5.53e-04
  0  0   5.53e-04
  0  0   5.52e-04
  0  0   5.52e-04
  0  0   5.52e-04
  0  0   5.52e-04
  0  0   5.52e-04
  0  0   5.51e-04
  0  0   5.50e-04
  0  0   5.49e-04
  0  0   5.47e-04
  0  0   5.44e-04
  0  0   5.39e-04
  0  0   5.31e-04
  0  0   5.19e-04
  0  0   5.01e-04
  5  7   1.90e-02
  0  0   1.90e-02
  0  0   1.90e-02
  0  0   1.90e-02
  0  0   1.90e-02
  0  0   1.90e-02
  0  0   1.90e-02
  0  0   1.90e-02
  0  0   1.90e-02
  0  0   1.90e-02
  0  0   1.90e-02
  0  0   1.91e-02
  0  0   1.91e-02
  0  0   1.91e-02
  0  0   1.91e-02
  0  0   1.91e-02
  0  0   1.92e-02
  0  0   1.92e-02
  0  0   1.94e-02
  0  0   1.95e-02
  0  0   1.98e-02
  0  0   2.03e-02
  0  0   2.09e-02
  5  8   1.15e-03
  0  0   1.15e-03
  0  0   1.15e-03
  0  0   1.15e-03
  0  0   1.15e-03
  0  0   1.15e-03
  0  0   1.15e-03
  0  0   1.15e-03
  0  0   1.15e-03
  0  0   1.15e-03
  0  0   1.15e-03
  0  0   1.15e-03
  0  0   1.15e-03
  0  0   1.15e-03
  0  0   1.15e-03
  0  0   1.14e-03
  0  0   1.14e-03
  0  0   1.14e-03
  0  0   1.13e-03
  0  0   1.12e-03
  0  0   1.10e-03
  0  0   1.08e-03
  0  0   1.04e-03
  5  9   5.27e-02
  0  0   5.27e-02
  0  0   5.27e-02
  0  0   5.27e-02
  0  0   5.27e-02
  0  0   5.27e-02
  0  0   5.27e-02
  0  0   5.27e-02
  0  0   5.27e-02
  0  0   5.27e-02
  0  0   5.27e-02
  0  0   5.28e-02
  0  0   5.28e-02
  0  0   5.29e-02
  0  0   5.31e-02
  0  0   5.33e-02
  0  0   5.36e-02
  0  0   5.42e-02
  0  0   5.49e-02
  0  0   5.61e-02
  0  0   5.77e-02
  0  0   5.98e-02
  0  0   6.26e-02
  6  7   3.72e-02
  0  0   3.72e-02
  0  0   3.72e-02
  0  0   3.72e-02
  0  0   3.72e-02
  0  0   3.72e-02
  0  0   3.72e-02
  0  0   3.72e-02
  0  0   3.72e-02
  0  0   3.72e-02
  0  0   3.72e-02
  0  0   3.72e-02
  0  0   3.72e-02
  0  0   3.71e-02
  0  0   3.71e-02
  0  0   3.70e-02
  0  0   3.70e-02
  0  0   3.68e-02
  0  0   3.66e-02
  0  0   3.63e-02
  0  0   3.58e-02
  0  0   3.50e-02
  0  0   3.39e-02
  6  8   8.44e-03
  0  0   8.44e-03
  0  0   8.44e-03
  0  0   8.44e-03
  0  0   8.44e-03
  0  0   8.44e-03
  0  0   8.44e-03
  0  0   8.44e-03
  0  0   8.44e-03
  0  0   8.44e-03
  0  0   8.44e-03
  0  0   8.44e-03
  0  0   8.44e-03
  0  0   8.44e-03
  0  0   8.43e-03
  0  0   8.42e-03
  0  0   8.41e-03
  0  0   8.40e-03
  0  0   8.37e-03
  0  0   8.33e-03
  0  0   8.27e-03
  0  0   8.17e-03
  0  0   8.03e-03
  6  9   1.78e-02
  0  0   1.78e-02
  0  0   1.78e-02
  0  0   1.78e-02
  0  0   1.78e-02
  0  0   1.78e-02
  0  0   1.78e-02
  0  0   1.78e-02
  0  0   1.78e-02
  0  0   1.78e-02
  0  0   1.78e-02
  0  0   1.77e-02
  0  0   1.77e-02
  0  0   1.77e-02
  0  0   1.77e-02
  0  0   1.77e-02
  0  0   1.76e-02
  0  0   1.75e-02
  0  0   1.74e-02
  0  0   1.72e-02
  0  0   1.69e-02
  0  0   1.64e-02
  0  0   1.57e-02
  7  8   1.35e-02
  0  0   1.35e-02
  0  0   1.35e-02
  0  0   1.35e-02
  0  0   1.35e-02
  0  0   1.35e-02
  0  0   1.35e-02
  0  0   1.35e-02
  0  0   1.35e-02
  0  0   1.35e-02
  0  0   1.35e-02
  0  0   1.35e-02
  0  0   1.35e-02
  0  0   1.35e-02
  0  0   1.35e-02
  0  0   1.35e-02
  0  0   1.34e-02
  0  0   1.34e-02
  0  0   1.33e-02
  0  0   1.31e-02
  0  0   1.28e-02
  0  0   1.24e-02
  0  0   1.19e-02
  7  9   1.28e-02
  0  0   1.28e-02
  0  0   1.28e-02
  0  0   1.28e-02
  0  0   1.28e-02
  0  0   1.28e-02
  0  0   1.28e-02
  0  0   1.28e-02
  0  0   1.28e-02
  0  0   1.28e-02
  0  0   1.28e-02
  0  0   1.28e-02
  0  0   1.28e-02
  0  0   1.28e-02
  0  0   1.28e-02
  0  0   1.28e-02
  0  0   1.27e-02
  0  0   1.27e-02
  0  0   1.26e-02
  0  0   1.25e-02
  0  0   1.23e-02
  0  0   1.20e-02
  0  0   1.15e-02
  8  9   4.78e-03
  0  0   4.78e-03
  0  0   4.78e-03
  0  0   4.78e-03
  0  0   4.78e-03
  0  0   4.78e-03
  0  0   4.78e-03
  0  0   4.78e-03
  0  0   4.78e-03
  0  0   4.78e-03
  0  0   4.78e-03
  0  0   4.78e-03
  0  0   4.78e-03
  0  0   4.77e-03
  0  0   4.77e-03
  0  0   4.76e-03
  0  0   4.74e-03
  0  0   4.72e-03
  0  0   4.68e-03
  0  0   4.62e-03
  0  0   4.53e-03
  0  0   4.38e-03
  0  0   4.18e-03
 0 0 0
  1  2   1.943e+00
  1  3   1.103e+05
  1  4   9.588e+04
  1  5   1.565e+01
  1  6   4.955e+10
  1  7   5.125e+10
  1  8   1.629e+02
  1  9   1.927e+10
  2  3   3.863e+03
  2  4   8.726e-01
  2  5   0.000e+00
  2  6   1.784e+02
  2  7   2.116e+10
  2  8   0.000e+00
  2  9   2.509e+09
  3  4   1.339e+03
  3  5   6.731e+05
  3  6   1.165e+10
  3  7   1.462e+10
  3  8   8.253e+10
  3  9   2.954e+09
  4  5   2.086e+02
  4  6   3.824e+09
  4  7   5.269e+08
  4  8   9.601e+02
  4  9   1.779e+11
  5  6   3.578e+00
  5  7   1.049e+09
  5  8   0.000e+00
  5  9   1.227e+10
  6  7   2.521e+04
  6  8   2.876e+01
  6  9   1.657e+05
  7  8   4.612e+04
  7  9   4.058e+04
  8  9   2.154e+04
  1  5        0.0
  2  1   110437.0
  3  3   178973.0
  4  5   267325.0
  5  1   512557.0
  6  5  1176226.0
  7  3  1282957.0
  8  1  1380576.0
  9  3  1626251.0
