 22
** Atomic data from version 6 of the CHIANTI database **
%Observed energy levels: Edlen B., 1985, Phisica scripta, 31, 345.
%Theoretical energy levels: Bhatia, A.K., Seely, J.F., Feldman, U., 1987, ADNDT, 36, 453
% produced as part of the Arcetri/Cambridge/NRL 'CHIANTI' atomic data base collaboration
%
% Enrico Landi 2000
%filename: zn_25.wgfa
%observed energy levels: Edlen, B., 1985, Phys. Scr., 31, 345.
%Forbidden transitions: Bhatia, A.K., Seely, J.F., Feldman, U., 1987, ADNDT, 36, 453
%Allowed transitions oscillator strengths: Zhang, Sampson, 1996, ADNDT, 63, 275
% produced as part of the Arcetri/Cambridge/NRL 'CHIANTI' atomic data base collaboration
%
%   Enrico Landi - 2000

%filename: zn_25.splups
%oscillator strengths (levels 1 - 20): Zhang, Sampson, 1996, ADNDT, 63, 275
%oscillator strengths (levels 20 - 46): Bhatia, A.K., Seely, J.F., Feldman, U., 1987, ADNDT, 36, 453
%collision strengths (levels 1 - 20): Zhang, Sampson, 1996, ADNDT, 63, 275
%collision strengths (levels 20 - 46): Bhatia, A.K., Seely, J.F., Feldman, U., 1987, ADNDT, 36, 453
%produced as part of the Arcetri/Cambridge/NRL 'CHIANTI' atomic data base collaboration
%
% Enrico Landi 1997
15 23
  1  2s2.2p2 3P0
  2  2s2.2p2 3P1
  3  2s2.2p2 3P2
  4  2s2.2p2 1D2
  5  2s2.2p2 1S0
  6  2s.2p3 5S2
  7  2s.2p3 3D1
  8  2s.2p3 3D2
  9  2s.2p3 3D3
 10  2s.2p3 3P0
 11  2s.2p3 3P1
 12  2s.2p3 3P2
 13  2s.2p3 3S1
 14  2s.2p3 1D2
 15  2s.2p3 1P1
     100.0
     158.5
     251.2
     398.1
     631.0
    1000.0
    1584.9
    2511.9
    3981.1
    6309.6
   10000.0
   15848.9
   25118.9
   39810.7
   63095.8
  100000.0
  158489.2
  251188.7
  398107.1
  630957.6
 1000000.0
 1584892.5
 2511887.0
0
  1  2   1.21e-02
  0  0   1.21e-02
  0  0   1.21e-02
  0  0   1.21e-02
  0  0   1.21e-02
  0  0   1.21e-02
  0  0   1.21e-02
  0  0   1.21e-02
  0  0   1.21e-02
  0  0   1.21e-02
  0  0   1.21e-02
  0  0   1.21e-02
  0  0   1.20e-02
  0  0   1.20e-02
  0  0   1.19e-02
  0  0   1.19e-02
  0  0   1.17e-02
  0  0   1.15e-02
  0  0   1.13e-02
  0  0   1.09e-02
  0  0   1.03e-02
  0  0   9.78e-03
  0  0   9.45e-03
  1  3   1.79e-02
  0  0   1.79e-02
  0  0   1.79e-02
  0  0   1.79e-02
  0  0   1.79e-02
  0  0   1.79e-02
  0  0   1.79e-02
  0  0   1.79e-02
  0  0   1.79e-02
  0  0   1.79e-02
  0  0   1.79e-02
  0  0   1.79e-02
  0  0   1.78e-02
  0  0   1.78e-02
  0  0   1.77e-02
  0  0   1.76e-02
  0  0   1.75e-02
  0  0   1.73e-02
  0  0   1.70e-02
  0  0   1.65e-02
  0  0   1.58e-02
  0  0   1.50e-02
  0  0   1.43e-02
  1  4   9.25e-04
  0  0   9.25e-04
  0  0   9.25e-04
  0  0   9.25e-04
  0  0   9.25e-04
  0  0   9.25e-04
  0  0   9.25e-04
  0  0   9.25e-04
  0  0   9.25e-04
  0  0   9.25e-04
  0  0   9.24e-04
  0  0   9.24e-04
  0  0   9.23e-04
  0  0   9.22e-04
  0  0   9.21e-04
  0  0   9.18e-04
  0  0   9.14e-04
  0  0   9.08e-04
  0  0   8.99e-04
  0  0   8.86e-04
  0  0   8.66e-04
  0  0   8.36e-04
  0  0   7.95e-04
  1  5   1.31e-04
  0  0   1.31e-04
  0  0   1.31e-04
  0  0   1.31e-04
  0  0   1.31e-04
  0  0   1.31e-04
  0  0   1.31e-04
  0  0   1.31e-04
  0  0   1.31e-04
  0  0   1.31e-04
  0  0   1.31e-04
  0  0   1.31e-04
  0  0   1.31e-04
  0  0   1.31e-04
  0  0   1.31e-04
  0  0   1.30e-04
  0  0   1.30e-04
  0  0   1.29e-04
  0  0   1.28e-04
  0  0   1.27e-04
  0  0   1.25e-04
  0  0   1.21e-04
  0  0   1.17e-04
  1  6   2.78e-03
  0  0   2.78e-03
  0  0   2.78e-03
  0  0   2.78e-03
  0  0   2.78e-03
  0  0   2.78e-03
  0  0   2.78e-03
  0  0   2.78e-03
  0  0   2.78e-03
  0  0   2.78e-03
  0  0   2.78e-03
  0  0   2.78e-03
  0  0   2.77e-03
  0  0   2.77e-03
  0  0   2.76e-03
  0  0   2.75e-03
  0  0   2.74e-03
  0  0   2.72e-03
  0  0   2.68e-03
  0  0   2.63e-03
  0  0   2.55e-03
  0  0   2.45e-03
  0  0   2.31e-03
  1  7   8.93e-02
  0  0   8.93e-02
  0  0   8.93e-02
  0  0   8.93e-02
  0  0   8.93e-02
  0  0   8.93e-02
  0  0   8.93e-02
  0  0   8.93e-02
  0  0   8.94e-02
  0  0   8.94e-02
  0  0   8.95e-02
  0  0   8.96e-02
  0  0   8.97e-02
  0  0   9.00e-02
  0  0   9.04e-02
  0  0   9.11e-02
  0  0   9.20e-02
  0  0   9.36e-02
  0  0   9.59e-02
  0  0   9.94e-02
  0  0   1.04e-01
  0  0   1.12e-01
  0  0   1.21e-01
  1  8   1.68e-03
  0  0   1.68e-03
  0  0   1.68e-03
  0  0   1.68e-03
  0  0   1.68e-03
  0  0   1.68e-03
  0  0   1.68e-03
  0  0   1.68e-03
  0  0   1.68e-03
  0  0   1.68e-03
  0  0   1.68e-03
  0  0   1.68e-03
  0  0   1.68e-03
  0  0   1.68e-03
  0  0   1.67e-03
  0  0   1.67e-03
  0  0   1.66e-03
  0  0   1.65e-03
  0  0   1.64e-03
  0  0   1.61e-03
  0  0   1.58e-03
  0  0   1.53e-03
  0  0   1.46e-03
  1  9   1.00e-22
  0  0   1.00e-22
  0  0   1.00e-22
  0  0   1.00e-22
  0  0   1.00e-22
  0  0   1.00e-22
  0  0   1.00e-22
  0  0   1.00e-22
  0  0   1.00e-22
  0  0   1.00e-22
  0  0   1.00e-22
  0  0   1.00e-22
  0  0   1.00e-22
  0  0   1.00e-22
  0  0   1.00e-22
  0  0   1.00e-22
  0  0   1.00e-22
  0  0   1.00e-22
  0  0   1.00e-22
  0  0   1.00e-22
  0  0   1.00e-22
  0  0   1.00e-22
  0  0   5.89e-14
  1 10   3.14e-05
  0  0   3.14e-05
  0  0   3.14e-05
  0  0   3.14e-05
  0  0   3.14e-05
  0  0   3.14e-05
  0  0   3.14e-05
  0  0   3.14e-05
  0  0   3.14e-05
  0  0   3.14e-05
  0  0   3.14e-05
  0  0   3.13e-05
  0  0   3.13e-05
  0  0   3.12e-05
  0  0   3.11e-05
  0  0   3.10e-05
  0  0   3.07e-05
  0  0   3.04e-05
  0  0   2.98e-05
  0  0   2.90e-05
  0  0   2.79e-05
  0  0   2.63e-05
  0  0   2.45e-05
  1 11   1.26e-02
  0  0   1.26e-02
  0  0   1.26e-02
  0  0   1.26e-02
  0  0   1.26e-02
  0  0   1.26e-02
  0  0   1.26e-02
  0  0   1.26e-02
  0  0   1.26e-02
  0  0   1.26e-02
  0  0   1.26e-02
  0  0   1.26e-02
  0  0   1.26e-02
  0  0   1.26e-02
  0  0   1.27e-02
  0  0   1.27e-02
  0  0   1.28e-02
  0  0   1.29e-02
  0  0   1.30e-02
  0  0   1.33e-02
  0  0   1.36e-02
  0  0   1.42e-02
  0  0   1.49e-02
  1 12   4.04e-04
  0  0   4.04e-04
  0  0   4.04e-04
  0  0   4.04e-04
  0  0   4.04e-04
  0  0   4.04e-04
  0  0   4.04e-04
  0  0   4.04e-04
  0  0   4.04e-04
  0  0   4.04e-04
  0  0   4.03e-04
  0  0   4.03e-04
  0  0   4.03e-04
  0  0   4.02e-04
  0  0   4.01e-04
  0  0   3.99e-04
  0  0   3.96e-04
  0  0   3.92e-04
  0  0   3.85e-04
  0  0   3.75e-04
  0  0   3.61e-04
  0  0   3.42e-04
  0  0   3.19e-04
  1 13   1.82e-02
  0  0   1.82e-02
  0  0   1.82e-02
  0  0   1.82e-02
  0  0   1.82e-02
  0  0   1.82e-02
  0  0   1.82e-02
  0  0   1.82e-02
  0  0   1.82e-02
  0  0   1.82e-02
  0  0   1.82e-02
  0  0   1.82e-02
  0  0   1.82e-02
  0  0   1.83e-02
  0  0   1.83e-02
  0  0   1.84e-02
  0  0   1.85e-02
  0  0   1.86e-02
  0  0   1.88e-02
  0  0   1.92e-02
  0  0   1.97e-02
  0  0   2.04e-02
  0  0   2.14e-02
  1 14   2.64e-04
  0  0   2.64e-04
  0  0   2.64e-04
  0  0   2.64e-04
  0  0   2.64e-04
  0  0   2.64e-04
  0  0   2.64e-04
  0  0   2.64e-04
  0  0   2.64e-04
  0  0   2.64e-04
  0  0   2.64e-04
  0  0   2.64e-04
  0  0   2.63e-04
  0  0   2.63e-04
  0  0   2.62e-04
  0  0   2.61e-04
  0  0   2.59e-04
  0  0   2.57e-04
  0  0   2.53e-04
  0  0   2.47e-04
  0  0   2.39e-04
  0  0   2.28e-04
  0  0   2.13e-04
  1 15   5.05e-05
  0  0   5.05e-05
  0  0   5.05e-05
  0  0   5.05e-05
  0  0   5.05e-05
  0  0   5.05e-05
  0  0   5.05e-05
  0  0   5.05e-05
  0  0   5.05e-05
  0  0   5.05e-05
  0  0   5.05e-05
  0  0   5.05e-05
  0  0   5.06e-05
  0  0   5.06e-05
  0  0   5.07e-05
  0  0   5.08e-05
  0  0   5.10e-05
  0  0   5.12e-05
  0  0   5.16e-05
  0  0   5.22e-05
  0  0   5.32e-05
  0  0   5.45e-05
  0  0   5.64e-05
  2  3   4.74e-02
  0  0   4.74e-02
  0  0   4.74e-02
  0  0   4.74e-02
  0  0   4.74e-02
  0  0   4.74e-02
  0  0   4.74e-02
  0  0   4.73e-02
  0  0   4.73e-02
  0  0   4.72e-02
  0  0   4.72e-02
  0  0   4.70e-02
  0  0   4.68e-02
  0  0   4.65e-02
  0  0   4.59e-02
  0  0   4.52e-02
  0  0   4.40e-02
  0  0   4.24e-02
  0  0   4.01e-02
  0  0   3.80e-02
  0  0   3.67e-02
  0  0   3.44e-02
  0  0   2.95e-02
  2  4   2.10e-02
  0  0   2.10e-02
  0  0   2.10e-02
  0  0   2.10e-02
  0  0   2.10e-02
  0  0   2.10e-02
  0  0   2.10e-02
  0  0   2.10e-02
  0  0   2.10e-02
  0  0   2.10e-02
  0  0   2.10e-02
  0  0   2.10e-02
  0  0   2.09e-02
  0  0   2.09e-02
  0  0   2.08e-02
  0  0   2.08e-02
  0  0   2.06e-02
  0  0   2.04e-02
  0  0   2.01e-02
  0  0   1.96e-02
  0  0   1.90e-02
  0  0   1.80e-02
  0  0   1.71e-02
  2  5   2.80e-03
  0  0   2.80e-03
  0  0   2.80e-03
  0  0   2.80e-03
  0  0   2.80e-03
  0  0   2.80e-03
  0  0   2.80e-03
  0  0   2.80e-03
  0  0   2.80e-03
  0  0   2.80e-03
  0  0   2.80e-03
  0  0   2.80e-03
  0  0   2.79e-03
  0  0   2.79e-03
  0  0   2.79e-03
  0  0   2.78e-03
  0  0   2.77e-03
  0  0   2.75e-03
  0  0   2.72e-03
  0  0   2.68e-03
  0  0   2.62e-03
  0  0   2.53e-03
  0  0   2.40e-03
  2  6   9.61e-03
  0  0   9.61e-03
  0  0   9.61e-03
  0  0   9.61e-03
  0  0   9.61e-03
  0  0   9.61e-03
  0  0   9.62e-03
  0  0   9.62e-03
  0  0   9.63e-03
  0  0   9.64e-03
  0  0   9.65e-03
  0  0   9.67e-03
  0  0   9.71e-03
  0  0   9.77e-03
  0  0   9.86e-03
  0  0   1.00e-02
  0  0   1.02e-02
  0  0   1.05e-02
  0  0   1.10e-02
  0  0   1.17e-02
  0  0   1.27e-02
  0  0   1.39e-02
  0  0   1.55e-02
  2  7   2.25e-03
  0  0   2.25e-03
  0  0   2.25e-03
  0  0   2.25e-03
  0  0   2.25e-03
  0  0   2.25e-03
  0  0   2.25e-03
  0  0   2.25e-03
  0  0   2.25e-03
  0  0   2.25e-03
  0  0   2.25e-03
  0  0   2.26e-03
  0  0   2.26e-03
  0  0   2.27e-03
  0  0   2.28e-03
  0  0   2.30e-03
  0  0   2.32e-03
  0  0   2.36e-03
  0  0   2.43e-03
  0  0   2.51e-03
  0  0   2.64e-03
  0  0   2.81e-03
  0  0   3.02e-03
  2  8   1.45e-01
  0  0   1.45e-01
  0  0   1.45e-01
  0  0   1.45e-01
  0  0   1.45e-01
  0  0   1.45e-01
  0  0   1.45e-01
  0  0   1.45e-01
  0  0   1.45e-01
  0  0   1.45e-01
  0  0   1.45e-01
  0  0   1.46e-01
  0  0   1.46e-01
  0  0   1.46e-01
  0  0   1.47e-01
  0  0   1.48e-01
  0  0   1.50e-01
  0  0   1.53e-01
  0  0   1.57e-01
  0  0   1.64e-01
  0  0   1.73e-01
  0  0   1.85e-01
  0  0   2.02e-01
  2  9   1.79e-03
  0  0   1.79e-03
  0  0   1.79e-03
  0  0   1.79e-03
  0  0   1.79e-03
  0  0   1.79e-03
  0  0   1.79e-03
  0  0   1.79e-03
  0  0   1.79e-03
  0  0   1.79e-03
  0  0   1.79e-03
  0  0   1.79e-03
  0  0   1.79e-03
  0  0   1.78e-03
  0  0   1.78e-03
  0  0   1.78e-03
  0  0   1.77e-03
  0  0   1.76e-03
  0  0   1.74e-03
  0  0   1.71e-03
  0  0   1.67e-03
  0  0   1.62e-03
  0  0   1.54e-03
  2 10   3.91e-02
  0  0   3.91e-02
  0  0   3.91e-02
  0  0   3.91e-02
  0  0   3.91e-02
  0  0   3.91e-02
  0  0   3.91e-02
  0  0   3.91e-02
  0  0   3.91e-02
  0  0   3.91e-02
  0  0   3.92e-02
  0  0   3.92e-02
  0  0   3.93e-02
  0  0   3.94e-02
  0  0   3.96e-02
  0  0   3.98e-02
  0  0   4.02e-02
  0  0   4.09e-02
  0  0   4.19e-02
  0  0   4.33e-02
  0  0   4.55e-02
  0  0   4.84e-02
  0  0   5.24e-02
  2 11   1.01e-01
  0  0   1.01e-01
  0  0   1.01e-01
  0  0   1.01e-01
  0  0   1.01e-01
  0  0   1.01e-01
  0  0   1.01e-01
  0  0   1.01e-01
  0  0   1.01e-01
  0  0   1.01e-01
  0  0   1.01e-01
  0  0   1.01e-01
  0  0   1.01e-01
  0  0   1.02e-01
  0  0   1.02e-01
  0  0   1.03e-01
  0  0   1.04e-01
  0  0   1.06e-01
  0  0   1.08e-01
  0  0   1.12e-01
  0  0   1.17e-01
  0  0   1.25e-01
  0  0   1.35e-01
  2 12   4.86e-04
  0  0   4.86e-04
  0  0   4.86e-04
  0  0   4.86e-04
  0  0   4.86e-04
  0  0   4.86e-04
  0  0   4.86e-04
  0  0   4.86e-04
  0  0   4.86e-04
  0  0   4.86e-04
  0  0   4.87e-04
  0  0   4.87e-04
  0  0   4.88e-04
  0  0   4.89e-04
  0  0   4.90e-04
  0  0   4.93e-04
  0  0   4.97e-04
  0  0   5.03e-04
  0  0   5.12e-04
  0  0   5.26e-04
  0  0   5.45e-04
  0  0   5.71e-04
  0  0   6.03e-04
  2 13   5.88e-02
  0  0   5.88e-02
  0  0   5.88e-02
  0  0   5.88e-02
  0  0   5.88e-02
  0  0   5.88e-02
  0  0   5.88e-02
  0  0   5.88e-02
  0  0   5.88e-02
  0  0   5.89e-02
  0  0   5.89e-02
  0  0   5.90e-02
  0  0   5.90e-02
  0  0   5.92e-02
  0  0   5.94e-02
  0  0   5.97e-02
  0  0   6.03e-02
  0  0   6.11e-02
  0  0   6.24e-02
  0  0   6.43e-02
  0  0   6.72e-02
  0  0   7.12e-02
  0  0   7.67e-02
  2 14   3.10e-03
  0  0   3.10e-03
  0  0   3.10e-03
  0  0   3.10e-03
  0  0   3.10e-03
  0  0   3.10e-03
  0  0   3.10e-03
  0  0   3.10e-03
  0  0   3.10e-03
  0  0   3.10e-03
  0  0   3.10e-03
  0  0   3.11e-03
  0  0   3.11e-03
  0  0   3.12e-03
  0  0   3.13e-03
  0  0   3.14e-03
  0  0   3.17e-03
  0  0   3.21e-03
  0  0   3.27e-03
  0  0   3.36e-03
  0  0   3.50e-03
  0  0   3.69e-03
  0  0   3.95e-03
  2 15   9.74e-03
  0  0   9.74e-03
  0  0   9.74e-03
  0  0   9.74e-03
  0  0   9.74e-03
  0  0   9.74e-03
  0  0   9.74e-03
  0  0   9.74e-03
  0  0   9.75e-03
  0  0   9.75e-03
  0  0   9.75e-03
  0  0   9.76e-03
  0  0   9.77e-03
  0  0   9.79e-03
  0  0   9.82e-03
  0  0   9.87e-03
  0  0   9.95e-03
  0  0   1.01e-02
  0  0   1.02e-02
  0  0   1.05e-02
  0  0   1.09e-02
  0  0   1.15e-02
  0  0   1.23e-02
  3  4   7.13e-02
  0  0   7.13e-02
  0  0   7.13e-02
  0  0   7.13e-02
  0  0   7.13e-02
  0  0   7.13e-02
  0  0   7.13e-02
  0  0   7.12e-02
  0  0   7.12e-02
  0  0   7.12e-02
  0  0   7.11e-02
  0  0   7.09e-02
  0  0   7.07e-02
  0  0   7.04e-02
  0  0   6.99e-02
  0  0   6.91e-02
  0  0   6.80e-02
  0  0   6.63e-02
  0  0   6.39e-02
  0  0   6.07e-02
  0  0   5.68e-02
  0  0   5.36e-02
  0  0   5.11e-02
  3  5   9.41e-03
  0  0   9.41e-03
  0  0   9.41e-03
  0  0   9.41e-03
  0  0   9.41e-03
  0  0   9.41e-03
  0  0   9.41e-03
  0  0   9.41e-03
  0  0   9.40e-03
  0  0   9.40e-03
  0  0   9.39e-03
  0  0   9.38e-03
  0  0   9.37e-03
  0  0   9.34e-03
  0  0   9.30e-03
  0  0   9.24e-03
  0  0   9.15e-03
  0  0   9.00e-03
  0  0   8.79e-03
  0  0   8.50e-03
  0  0   8.09e-03
  0  0   7.59e-03
  0  0   7.13e-03
  3  6   1.16e-02
  0  0   1.16e-02
  0  0   1.16e-02
  0  0   1.16e-02
  0  0   1.16e-02
  0  0   1.16e-02
  0  0   1.16e-02
  0  0   1.16e-02
  0  0   1.16e-02
  0  0   1.16e-02
  0  0   1.16e-02
  0  0   1.17e-02
  0  0   1.17e-02
  0  0   1.18e-02
  0  0   1.19e-02
  0  0   1.20e-02
  0  0   1.23e-02
  0  0   1.26e-02
  0  0   1.31e-02
  0  0   1.39e-02
  0  0   1.48e-02
  0  0   1.60e-02
  0  0   1.74e-02
  3  7   4.75e-03
  0  0   4.75e-03
  0  0   4.75e-03
  0  0   4.75e-03
  0  0   4.75e-03
  0  0   4.75e-03
  0  0   4.75e-03
  0  0   4.75e-03
  0  0   4.75e-03
  0  0   4.76e-03
  0  0   4.76e-03
  0  0   4.77e-03
  0  0   4.78e-03
  0  0   4.80e-03
  0  0   4.82e-03
  0  0   4.86e-03
  0  0   4.93e-03
  0  0   5.02e-03
  0  0   5.17e-03
  0  0   5.38e-03
  0  0   5.68e-03
  0  0   6.08e-03
  0  0   6.59e-03
  3  8   4.78e-03
  0  0   4.78e-03
  0  0   4.78e-03
  0  0   4.78e-03
  0  0   4.78e-03
  0  0   4.78e-03
  0  0   4.78e-03
  0  0   4.78e-03
  0  0   4.78e-03
  0  0   4.79e-03
  0  0   4.79e-03
  0  0   4.80e-03
  0  0   4.81e-03
  0  0   4.82e-03
  0  0   4.85e-03
  0  0   4.89e-03
  0  0   4.95e-03
  0  0   5.04e-03
  0  0   5.18e-03
  0  0   5.38e-03
  0  0   5.66e-03
  0  0   6.04e-03
  0  0   6.51e-03
  3  9   1.25e-01
  0  0   1.25e-01
  0  0   1.25e-01
  0  0   1.25e-01
  0  0   1.25e-01
  0  0   1.25e-01
  0  0   1.25e-01
  0  0   1.25e-01
  0  0   1.25e-01
  0  0   1.25e-01
  0  0   1.25e-01
  0  0   1.25e-01
  0  0   1.26e-01
  0  0   1.26e-01
  0  0   1.27e-01
  0  0   1.28e-01
  0  0   1.29e-01
  0  0   1.32e-01
  0  0   1.35e-01
  0  0   1.41e-01
  0  0   1.49e-01
  0  0   1.59e-01
  0  0   1.73e-01
  3 10   8.88e-04
  0  0   8.88e-04
  0  0   8.88e-04
  0  0   8.88e-04
  0  0   8.88e-04
  0  0   8.88e-04
  0  0   8.88e-04
  0  0   8.88e-04
  0  0   8.88e-04
  0  0   8.88e-04
  0  0   8.87e-04
  0  0   8.87e-04
  0  0   8.87e-04
  0  0   8.86e-04
  0  0   8.84e-04
  0  0   8.82e-04
  0  0   8.79e-04
  0  0   8.74e-04
  0  0   8.66e-04
  0  0   8.53e-04
  0  0   8.35e-04
  0  0   8.09e-04
  0  0   7.74e-04
  3 11   9.54e-03
  0  0   9.54e-03
  0  0   9.54e-03
  0  0   9.54e-03
  0  0   9.54e-03
  0  0   9.54e-03
  0  0   9.54e-03
  0  0   9.54e-03
  0  0   9.55e-03
  0  0   9.55e-03
  0  0   9.56e-03
  0  0   9.57e-03
  0  0   9.59e-03
  0  0   9.61e-03
  0  0   9.66e-03
  0  0   9.72e-03
  0  0   9.82e-03
  0  0   9.98e-03
  0  0   1.02e-02
  0  0   1.06e-02
  0  0   1.11e-02
  0  0   1.18e-02
  0  0   1.28e-02
  3 12   2.11e-01
  0  0   2.11e-01
  0  0   2.11e-01
  0  0   2.11e-01
  0  0   2.11e-01
  0  0   2.11e-01
  0  0   2.11e-01
  0  0   2.11e-01
  0  0   2.11e-01
  0  0   2.11e-01
  0  0   2.11e-01
  0  0   2.12e-01
  0  0   2.12e-01
  0  0   2.13e-01
  0  0   2.14e-01
  0  0   2.15e-01
  0  0   2.17e-01
  0  0   2.21e-01
  0  0   2.26e-01
  0  0   2.34e-01
  0  0   2.45e-01
  0  0   2.62e-01
  0  0   2.83e-01
  3 13   2.40e-01
  0  0   2.40e-01
  0  0   2.40e-01
  0  0   2.40e-01
  0  0   2.40e-01
  0  0   2.40e-01
  0  0   2.40e-01
  0  0   2.40e-01
  0  0   2.40e-01
  0  0   2.40e-01
  0  0   2.40e-01
  0  0   2.40e-01
  0  0   2.41e-01
  0  0   2.41e-01
  0  0   2.42e-01
  0  0   2.42e-01
  0  0   2.44e-01
  0  0   2.46e-01
  0  0   2.49e-01
  0  0   2.54e-01
  0  0   2.62e-01
  0  0   2.72e-01
  0  0   2.87e-01
  3 14   5.13e-02
  0  0   5.13e-02
  0  0   5.13e-02
  0  0   5.13e-02
  0  0   5.13e-02
  0  0   5.13e-02
  0  0   5.13e-02
  0  0   5.13e-02
  0  0   5.13e-02
  0  0   5.13e-02
  0  0   5.13e-02
  0  0   5.14e-02
  0  0   5.14e-02
  0  0   5.15e-02
  0  0   5.16e-02
  0  0   5.18e-02
  0  0   5.21e-02
  0  0   5.25e-02
  0  0   5.32e-02
  0  0   5.42e-02
  0  0   5.56e-02
  0  0   5.78e-02
  0  0   6.08e-02
  3 15   1.91e-03
  0  0   1.91e-03
  0  0   1.91e-03
  0  0   1.91e-03
  0  0   1.91e-03
  0  0   1.91e-03
  0  0   1.91e-03
  0  0   1.91e-03
  0  0   1.91e-03
  0  0   1.91e-03
  0  0   1.91e-03
  0  0   1.91e-03
  0  0   1.91e-03
  0  0   1.91e-03
  0  0   1.92e-03
  0  0   1.92e-03
  0  0   1.93e-03
  0  0   1.94e-03
  0  0   1.95e-03
  0  0   1.97e-03
  0  0   2.01e-03
  0  0   2.05e-03
  0  0   2.12e-03
  4  5   3.51e-02
  0  0   3.51e-02
  0  0   3.51e-02
  0  0   3.51e-02
  0  0   3.51e-02
  0  0   3.51e-02
  0  0   3.51e-02
  0  0   3.51e-02
  0  0   3.50e-02
  0  0   3.50e-02
  0  0   3.49e-02
  0  0   3.49e-02
  0  0   3.47e-02
  0  0   3.45e-02
  0  0   3.42e-02
  0  0   3.37e-02
  0  0   3.29e-02
  0  0   3.19e-02
  0  0   3.04e-02
  0  0   2.86e-02
  0  0   2.68e-02
  0  0   2.56e-02
  0  0   2.36e-02
  4  6   2.64e-03
  0  0   2.64e-03
  0  0   2.64e-03
  0  0   2.64e-03
  0  0   2.64e-03
  0  0   2.64e-03
  0  0   2.64e-03
  0  0   2.64e-03
  0  0   2.65e-03
  0  0   2.65e-03
  0  0   2.66e-03
  0  0   2.67e-03
  0  0   2.68e-03
  0  0   2.71e-03
  0  0   2.75e-03
  0  0   2.81e-03
  0  0   2.89e-03
  0  0   3.02e-03
  0  0   3.19e-03
  0  0   3.41e-03
  0  0   3.67e-03
  0  0   3.97e-03
  0  0   4.29e-03
  4  7   8.60e-03
  0  0   8.60e-03
  0  0   8.60e-03
  0  0   8.60e-03
  0  0   8.60e-03
  0  0   8.60e-03
  0  0   8.60e-03
  0  0   8.61e-03
  0  0   8.61e-03
  0  0   8.62e-03
  0  0   8.63e-03
  0  0   8.64e-03
  0  0   8.67e-03
  0  0   8.71e-03
  0  0   8.77e-03
  0  0   8.87e-03
  0  0   9.02e-03
  0  0   9.25e-03
  0  0   9.59e-03
  0  0   1.01e-02
  0  0   1.07e-02
  0  0   1.16e-02
  0  0   1.26e-02
  4  8   3.29e-03
  0  0   3.29e-03
  0  0   3.29e-03
  0  0   3.29e-03
  0  0   3.29e-03
  0  0   3.29e-03
  0  0   3.29e-03
  0  0   3.29e-03
  0  0   3.29e-03
  0  0   3.30e-03
  0  0   3.30e-03
  0  0   3.31e-03
  0  0   3.31e-03
  0  0   3.33e-03
  0  0   3.35e-03
  0  0   3.38e-03
  0  0   3.44e-03
  0  0   3.51e-03
  0  0   3.63e-03
  0  0   3.79e-03
  0  0   4.00e-03
  0  0   4.27e-03
  0  0   4.59e-03
  4  9   7.34e-02
  0  0   7.34e-02
  0  0   7.34e-02
  0  0   7.34e-02
  0  0   7.34e-02
  0  0   7.34e-02
  0  0   7.34e-02
  0  0   7.35e-02
  0  0   7.35e-02
  0  0   7.35e-02
  0  0   7.36e-02
  0  0   7.37e-02
  0  0   7.39e-02
  0  0   7.43e-02
  0  0   7.47e-02
  0  0   7.55e-02
  0  0   7.67e-02
  0  0   7.85e-02
  0  0   8.12e-02
  0  0   8.51e-02
  0  0   9.05e-02
  0  0   9.76e-02
  0  0   1.06e-01
  4 10   9.31e-05
  0  0   9.31e-05
  0  0   9.31e-05
  0  0   9.31e-05
  0  0   9.31e-05
  0  0   9.31e-05
  0  0   9.31e-05
  0  0   9.31e-05
  0  0   9.31e-05
  0  0   9.31e-05
  0  0   9.30e-05
  0  0   9.30e-05
  0  0   9.29e-05
  0  0   9.28e-05
  0  0   9.26e-05
  0  0   9.23e-05
  0  0   9.19e-05
  0  0   9.12e-05
  0  0   9.02e-05
  0  0   8.86e-05
  0  0   8.64e-05
  0  0   8.32e-05
  0  0   7.88e-05
  4 11   1.73e-03
  0  0   1.73e-03
  0  0   1.73e-03
  0  0   1.73e-03
  0  0   1.73e-03
  0  0   1.73e-03
  0  0   1.73e-03
  0  0   1.73e-03
  0  0   1.73e-03
  0  0   1.73e-03
  0  0   1.73e-03
  0  0   1.74e-03
  0  0   1.74e-03
  0  0   1.75e-03
  0  0   1.75e-03
  0  0   1.77e-03
  0  0   1.79e-03
  0  0   1.82e-03
  0  0   1.87e-03
  0  0   1.94e-03
  0  0   2.04e-03
  0  0   2.16e-03
  0  0   2.32e-03
  4 12   2.83e-03
  0  0   2.83e-03
  0  0   2.83e-03
  0  0   2.83e-03
  0  0   2.83e-03
  0  0   2.83e-03
  0  0   2.83e-03
  0  0   2.83e-03
  0  0   2.83e-03
  0  0   2.83e-03
  0  0   2.84e-03
  0  0   2.84e-03
  0  0   2.84e-03
  0  0   2.85e-03
  0  0   2.86e-03
  0  0   2.88e-03
  0  0   2.91e-03
  0  0   2.96e-03
  0  0   3.03e-03
  0  0   3.12e-03
  0  0   3.26e-03
  0  0   3.43e-03
  0  0   3.63e-03
  4 13   4.80e-03
  0  0   4.80e-03
  0  0   4.80e-03
  0  0   4.80e-03
  0  0   4.80e-03
  0  0   4.80e-03
  0  0   4.80e-03
  0  0   4.80e-03
  0  0   4.80e-03
  0  0   4.81e-03
  0  0   4.81e-03
  0  0   4.82e-03
  0  0   4.82e-03
  0  0   4.84e-03
  0  0   4.86e-03
  0  0   4.90e-03
  0  0   4.95e-03
  0  0   5.03e-03
  0  0   5.16e-03
  0  0   5.35e-03
  0  0   5.62e-03
  0  0   6.00e-03
  0  0   6.50e-03
  4 14   3.16e-01
  0  0   3.16e-01
  0  0   3.16e-01
  0  0   3.16e-01
  0  0   3.16e-01
  0  0   3.16e-01
  0  0   3.16e-01
  0  0   3.16e-01
  0  0   3.16e-01
  0  0   3.16e-01
  0  0   3.17e-01
  0  0   3.17e-01
  0  0   3.17e-01
  0  0   3.18e-01
  0  0   3.20e-01
  0  0   3.22e-01
  0  0   3.25e-01
  0  0   3.30e-01
  0  0   3.38e-01
  0  0   3.50e-01
  0  0   3.67e-01
  0  0   3.91e-01
  0  0   4.23e-01
  4 15   1.94e-01
  0  0   1.94e-01
  0  0   1.94e-01
  0  0   1.94e-01
  0  0   1.94e-01
  0  0   1.94e-01
  0  0   1.94e-01
  0  0   1.94e-01
  0  0   1.94e-01
  0  0   1.94e-01
  0  0   1.94e-01
  0  0   1.94e-01
  0  0   1.95e-01
  0  0   1.95e-01
  0  0   1.96e-01
  0  0   1.97e-01
  0  0   1.99e-01
  0  0   2.02e-01
  0  0   2.06e-01
  0  0   2.12e-01
  0  0   2.22e-01
  0  0   2.35e-01
  0  0   2.53e-01
  5  6   1.15e-05
  0  0   1.15e-05
  0  0   1.15e-05
  0  0   1.15e-05
  0  0   1.15e-05
  0  0   1.15e-05
  0  0   1.15e-05
  0  0   1.15e-05
  0  0   1.15e-05
  0  0   1.15e-05
  0  0   1.14e-05
  0  0   1.14e-05
  0  0   1.13e-05
  0  0   1.12e-05
  0  0   1.11e-05
  0  0   1.09e-05
  0  0   1.06e-05
  0  0   1.02e-05
  0  0   9.63e-06
  0  0   9.04e-06
  0  0   8.58e-06
  0  0   8.14e-06
  0  0   7.25e-06
  5  7   3.93e-03
  0  0   3.93e-03
  0  0   3.93e-03
  0  0   3.93e-03
  0  0   3.93e-03
  0  0   3.93e-03
  0  0   3.93e-03
  0  0   3.93e-03
  0  0   3.94e-03
  0  0   3.94e-03
  0  0   3.95e-03
  0  0   3.96e-03
  0  0   3.97e-03
  0  0   4.00e-03
  0  0   4.04e-03
  0  0   4.10e-03
  0  0   4.19e-03
  0  0   4.33e-03
  0  0   4.53e-03
  0  0   4.80e-03
  0  0   5.17e-03
  0  0   5.62e-03
  0  0   6.16e-03
  5  8   2.10e-04
  0  0   2.10e-04
  0  0   2.10e-04
  0  0   2.10e-04
  0  0   2.10e-04
  0  0   2.10e-04
  0  0   2.10e-04
  0  0   2.10e-04
  0  0   2.10e-04
  0  0   2.10e-04
  0  0   2.10e-04
  0  0   2.09e-04
  0  0   2.09e-04
  0  0   2.09e-04
  0  0   2.08e-04
  0  0   2.07e-04
  0  0   2.05e-04
  0  0   2.03e-04
  0  0   1.99e-04
  0  0   1.93e-04
  0  0   1.85e-04
  0  0   1.75e-04
  0  0   1.63e-04
  5  9   8.62e-17
  0  0   1.37e-16
  0  0   2.17e-16
  0  0   3.43e-16
  0  0   5.44e-16
  0  0   8.62e-16
  0  0   1.37e-15
  0  0   2.16e-15
  0  0   3.43e-15
  0  0   5.43e-15
  0  0   8.60e-15
  0  0   1.36e-14
  0  0   2.15e-14
  0  0   3.40e-14
  0  0   5.35e-14
  0  0   8.39e-14
  0  0   1.31e-13
  0  0   2.01e-13
  0  0   3.04e-13
  0  0   4.45e-13
  0  0   6.17e-13
  0  0   7.80e-13
  0  0   8.53e-13
  5 10   1.12e-03
  0  0   1.12e-03
  0  0   1.12e-03
  0  0   1.12e-03
  0  0   1.12e-03
  0  0   1.12e-03
  0  0   1.12e-03
  0  0   1.12e-03
  0  0   1.12e-03
  0  0   1.12e-03
  0  0   1.12e-03
  0  0   1.12e-03
  0  0   1.12e-03
  0  0   1.12e-03
  0  0   1.11e-03
  0  0   1.11e-03
  0  0   1.10e-03
  0  0   1.09e-03
  0  0   1.08e-03
  0  0   1.06e-03
  0  0   1.03e-03
  0  0   9.81e-04
  0  0   9.24e-04
  5 11   1.75e-04
  0  0   1.75e-04
  0  0   1.75e-04
  0  0   1.75e-04
  0  0   1.75e-04
  0  0   1.75e-04
  0  0   1.75e-04
  0  0   1.75e-04
  0  0   1.75e-04
  0  0   1.76e-04
  0  0   1.76e-04
  0  0   1.76e-04
  0  0   1.77e-04
  0  0   1.78e-04
  0  0   1.80e-04
  0  0   1.83e-04
  0  0   1.88e-04
  0  0   1.96e-04
  0  0   2.08e-04
  0  0   2.27e-04
  0  0   2.56e-04
  0  0   3.00e-04
  0  0   3.68e-04
  5 12   1.91e-03
  0  0   1.91e-03
  0  0   1.91e-03
  0  0   1.91e-03
  0  0   1.91e-03
  0  0   1.91e-03
  0  0   1.91e-03
  0  0   1.91e-03
  0  0   1.91e-03
  0  0   1.91e-03
  0  0   1.91e-03
  0  0   1.91e-03
  0  0   1.91e-03
  0  0   1.90e-03
  0  0   1.90e-03
  0  0   1.89e-03
  0  0   1.88e-03
  0  0   1.87e-03
  0  0   1.84e-03
  0  0   1.81e-03
  0  0   1.76e-03
  0  0   1.68e-03
  0  0   1.59e-03
  5 13   9.94e-03
  0  0   9.94e-03
  0  0   9.94e-03
  0  0   9.94e-03
  0  0   9.94e-03
  0  0   9.94e-03
  0  0   9.94e-03
  0  0   9.95e-03
  0  0   9.95e-03
  0  0   9.96e-03
  0  0   9.96e-03
  0  0   9.98e-03
  0  0   1.00e-02
  0  0   1.00e-02
  0  0   1.01e-02
  0  0   1.02e-02
  0  0   1.03e-02
  0  0   1.05e-02
  0  0   1.08e-02
  0  0   1.13e-02
  0  0   1.19e-02
  0  0   1.28e-02
  0  0   1.39e-02
  5 14   1.09e-03
  0  0   1.09e-03
  0  0   1.09e-03
  0  0   1.09e-03
  0  0   1.09e-03
  0  0   1.09e-03
  0  0   1.09e-03
  0  0   1.09e-03
  0  0   1.09e-03
  0  0   1.09e-03
  0  0   1.09e-03
  0  0   1.09e-03
  0  0   1.09e-03
  0  0   1.09e-03
  0  0   1.08e-03
  0  0   1.08e-03
  0  0   1.08e-03
  0  0   1.07e-03
  0  0   1.06e-03
  0  0   1.04e-03
  0  0   1.02e-03
  0  0   9.83e-04
  0  0   9.36e-04
  5 15   7.14e-02
  0  0   7.14e-02
  0  0   7.14e-02
  0  0   7.14e-02
  0  0   7.14e-02
  0  0   7.14e-02
  0  0   7.14e-02
  0  0   7.14e-02
  0  0   7.15e-02
  0  0   7.15e-02
  0  0   7.15e-02
  0  0   7.16e-02
  0  0   7.17e-02
  0  0   7.19e-02
  0  0   7.22e-02
  0  0   7.27e-02
  0  0   7.34e-02
  0  0   7.46e-02
  0  0   7.63e-02
  0  0   7.90e-02
  0  0   8.28e-02
  0  0   8.81e-02
  0  0   9.53e-02
  6  7   1.51e-02
  0  0   1.51e-02
  0  0   1.51e-02
  0  0   1.51e-02
  0  0   1.51e-02
  0  0   1.51e-02
  0  0   1.51e-02
  0  0   1.51e-02
  0  0   1.51e-02
  0  0   1.51e-02
  0  0   1.51e-02
  0  0   1.50e-02
  0  0   1.50e-02
  0  0   1.50e-02
  0  0   1.49e-02
  0  0   1.48e-02
  0  0   1.46e-02
  0  0   1.44e-02
  0  0   1.40e-02
  0  0   1.35e-02
  0  0   1.28e-02
  0  0   1.20e-02
  0  0   1.13e-02
  6  8   2.56e-02
  0  0   2.56e-02
  0  0   2.56e-02
  0  0   2.56e-02
  0  0   2.56e-02
  0  0   2.56e-02
  0  0   2.56e-02
  0  0   2.56e-02
  0  0   2.56e-02
  0  0   2.56e-02
  0  0   2.55e-02
  0  0   2.55e-02
  0  0   2.55e-02
  0  0   2.54e-02
  0  0   2.53e-02
  0  0   2.51e-02
  0  0   2.48e-02
  0  0   2.44e-02
  0  0   2.38e-02
  0  0   2.30e-02
  0  0   2.18e-02
  0  0   2.04e-02
  0  0   1.92e-02
  6  9   3.31e-02
  0  0   3.31e-02
  0  0   3.31e-02
  0  0   3.31e-02
  0  0   3.31e-02
  0  0   3.31e-02
  0  0   3.31e-02
  0  0   3.31e-02
  0  0   3.31e-02
  0  0   3.31e-02
  0  0   3.30e-02
  0  0   3.30e-02
  0  0   3.30e-02
  0  0   3.29e-02
  0  0   3.28e-02
  0  0   3.26e-02
  0  0   3.23e-02
  0  0   3.18e-02
  0  0   3.12e-02
  0  0   3.02e-02
  0  0   2.88e-02
  0  0   2.71e-02
  0  0   2.54e-02
  6 10   2.12e-03
  0  0   2.12e-03
  0  0   2.12e-03
  0  0   2.12e-03
  0  0   2.12e-03
  0  0   2.12e-03
  0  0   2.12e-03
  0  0   2.12e-03
  0  0   2.12e-03
  0  0   2.12e-03
  0  0   2.12e-03
  0  0   2.12e-03
  0  0   2.11e-03
  0  0   2.11e-03
  0  0   2.10e-03
  0  0   2.09e-03
  0  0   2.08e-03
  0  0   2.05e-03
  0  0   2.02e-03
  0  0   1.97e-03
  0  0   1.90e-03
  0  0   1.80e-03
  0  0   1.69e-03
  6 11   6.84e-03
  0  0   6.84e-03
  0  0   6.84e-03
  0  0   6.84e-03
  0  0   6.84e-03
  0  0   6.84e-03
  0  0   6.84e-03
  0  0   6.84e-03
  0  0   6.84e-03
  0  0   6.83e-03
  0  0   6.83e-03
  0  0   6.83e-03
  0  0   6.82e-03
  0  0   6.81e-03
  0  0   6.79e-03
  0  0   6.76e-03
  0  0   6.71e-03
  0  0   6.64e-03
  0  0   6.53e-03
  0  0   6.38e-03
  0  0   6.16e-03
  0  0   5.85e-03
  0  0   5.49e-03
  6 12   9.49e-03
  0  0   9.49e-03
  0  0   9.49e-03
  0  0   9.49e-03
  0  0   9.49e-03
  0  0   9.49e-03
  0  0   9.49e-03
  0  0   9.49e-03
  0  0   9.49e-03
  0  0   9.48e-03
  0  0   9.48e-03
  0  0   9.47e-03
  0  0   9.46e-03
  0  0   9.45e-03
  0  0   9.42e-03
  0  0   9.38e-03
  0  0   9.32e-03
  0  0   9.23e-03
  0  0   9.09e-03
  0  0   8.88e-03
  0  0   8.59e-03
  0  0   8.18e-03
  0  0   7.68e-03
  6 13   1.42e-03
  0  0   1.42e-03
  0  0   1.42e-03
  0  0   1.42e-03
  0  0   1.42e-03
  0  0   1.42e-03
  0  0   1.42e-03
  0  0   1.42e-03
  0  0   1.42e-03
  0  0   1.42e-03
  0  0   1.42e-03
  0  0   1.42e-03
  0  0   1.42e-03
  0  0   1.41e-03
  0  0   1.41e-03
  0  0   1.41e-03
  0  0   1.40e-03
  0  0   1.39e-03
  0  0   1.37e-03
  0  0   1.34e-03
  0  0   1.31e-03
  0  0   1.25e-03
  0  0   1.18e-03
  6 14   4.16e-04
  0  0   4.16e-04
  0  0   4.16e-04
  0  0   4.16e-04
  0  0   4.16e-04
  0  0   4.16e-04
  0  0   4.16e-04
  0  0   4.16e-04
  0  0   4.16e-04
  0  0   4.16e-04
  0  0   4.16e-04
  0  0   4.15e-04
  0  0   4.15e-04
  0  0   4.15e-04
  0  0   4.14e-04
  0  0   4.13e-04
  0  0   4.11e-04
  0  0   4.08e-04
  0  0   4.03e-04
  0  0   3.96e-04
  0  0   3.86e-04
  0  0   3.72e-04
  0  0   3.52e-04
  6 15   9.33e-05
  0  0   9.33e-05
  0  0   9.33e-05
  0  0   9.33e-05
  0  0   9.33e-05
  0  0   9.33e-05
  0  0   9.33e-05
  0  0   9.33e-05
  0  0   9.33e-05
  0  0   9.33e-05
  0  0   9.32e-05
  0  0   9.32e-05
  0  0   9.31e-05
  0  0   9.30e-05
  0  0   9.29e-05
  0  0   9.27e-05
  0  0   9.23e-05
  0  0   9.18e-05
  0  0   9.09e-05
  0  0   8.96e-05
  0  0   8.77e-05
  0  0   8.49e-05
  0  0   8.11e-05
  7  8   4.35e-02
  0  0   4.35e-02
  0  0   4.35e-02
  0  0   4.34e-02
  0  0   4.34e-02
  0  0   4.33e-02
  0  0   4.32e-02
  0  0   4.30e-02
  0  0   4.28e-02
  0  0   4.24e-02
  0  0   4.18e-02
  0  0   4.09e-02
  0  0   3.96e-02
  0  0   3.79e-02
  0  0   3.57e-02
  0  0   3.35e-02
  0  0   3.19e-02
  0  0   2.97e-02
  0  0   2.55e-02
  0  0   2.03e-02
  0  0   1.56e-02
  0  0   1.21e-02
  0  0   9.58e-03
  7  9   1.58e-02
  0  0   1.58e-02
  0  0   1.58e-02
  0  0   1.58e-02
  0  0   1.58e-02
  0  0   1.58e-02
  0  0   1.58e-02
  0  0   1.58e-02
  0  0   1.57e-02
  0  0   1.57e-02
  0  0   1.57e-02
  0  0   1.56e-02
  0  0   1.55e-02
  0  0   1.53e-02
  0  0   1.50e-02
  0  0   1.46e-02
  0  0   1.40e-02
  0  0   1.33e-02
  0  0   1.24e-02
  0  0   1.17e-02
  0  0   1.11e-02
  0  0   9.93e-03
  0  0   8.09e-03
  7 10   3.29e-03
  0  0   3.29e-03
  0  0   3.29e-03
  0  0   3.29e-03
  0  0   3.29e-03
  0  0   3.29e-03
  0  0   3.29e-03
  0  0   3.29e-03
  0  0   3.29e-03
  0  0   3.28e-03
  0  0   3.28e-03
  0  0   3.27e-03
  0  0   3.26e-03
  0  0   3.25e-03
  0  0   3.23e-03
  0  0   3.19e-03
  0  0   3.14e-03
  0  0   3.06e-03
  0  0   2.95e-03
  0  0   2.80e-03
  0  0   2.63e-03
  0  0   2.48e-03
  0  0   2.36e-03
  7 11   2.34e-02
  0  0   2.34e-02
  0  0   2.34e-02
  0  0   2.34e-02
  0  0   2.34e-02
  0  0   2.34e-02
  0  0   2.34e-02
  0  0   2.34e-02
  0  0   2.34e-02
  0  0   2.34e-02
  0  0   2.33e-02
  0  0   2.33e-02
  0  0   2.32e-02
  0  0   2.31e-02
  0  0   2.30e-02
  0  0   2.27e-02
  0  0   2.24e-02
  0  0   2.19e-02
  0  0   2.11e-02
  0  0   2.01e-02
  0  0   1.88e-02
  0  0   1.77e-02
  0  0   1.69e-02
  7 12   2.25e-02
  0  0   2.25e-02
  0  0   2.25e-02
  0  0   2.25e-02
  0  0   2.25e-02
  0  0   2.25e-02
  0  0   2.25e-02
  0  0   2.25e-02
  0  0   2.25e-02
  0  0   2.25e-02
  0  0   2.24e-02
  0  0   2.24e-02
  0  0   2.24e-02
  0  0   2.23e-02
  0  0   2.22e-02
  0  0   2.20e-02
  0  0   2.17e-02
  0  0   2.12e-02
  0  0   2.06e-02
  0  0   1.97e-02
  0  0   1.86e-02
  0  0   1.74e-02
  0  0   1.66e-02
  7 13   6.95e-03
  0  0   6.95e-03
  0  0   6.95e-03
  0  0   6.95e-03
  0  0   6.95e-03
  0  0   6.95e-03
  0  0   6.95e-03
  0  0   6.95e-03
  0  0   6.95e-03
  0  0   6.94e-03
  0  0   6.94e-03
  0  0   6.93e-03
  0  0   6.92e-03
  0  0   6.90e-03
  0  0   6.88e-03
  0  0   6.84e-03
  0  0   6.77e-03
  0  0   6.68e-03
  0  0   6.53e-03
  0  0   6.33e-03
  0  0   6.04e-03
  0  0   5.68e-03
  0  0   5.33e-03
  7 14   4.57e-03
  0  0   4.57e-03
  0  0   4.57e-03
  0  0   4.57e-03
  0  0   4.57e-03
  0  0   4.57e-03
  0  0   4.57e-03
  0  0   4.57e-03
  0  0   4.57e-03
  0  0   4.57e-03
  0  0   4.56e-03
  0  0   4.56e-03
  0  0   4.55e-03
  0  0   4.54e-03
  0  0   4.53e-03
  0  0   4.51e-03
  0  0   4.47e-03
  0  0   4.42e-03
  0  0   4.34e-03
  0  0   4.22e-03
  0  0   4.06e-03
  0  0   3.84e-03
  0  0   3.60e-03
  7 15   8.77e-04
  0  0   8.77e-04
  0  0   8.77e-04
  0  0   8.77e-04
  0  0   8.77e-04
  0  0   8.77e-04
  0  0   8.77e-04
  0  0   8.77e-04
  0  0   8.77e-04
  0  0   8.76e-04
  0  0   8.76e-04
  0  0   8.76e-04
  0  0   8.75e-04
  0  0   8.74e-04
  0  0   8.71e-04
  0  0   8.68e-04
  0  0   8.63e-04
  0  0   8.56e-04
  0  0   8.44e-04
  0  0   8.27e-04
  0  0   8.03e-04
  0  0   7.68e-04
  0  0   7.23e-04
  8  9   6.86e-02
  0  0   6.86e-02
  0  0   6.86e-02
  0  0   6.86e-02
  0  0   6.86e-02
  0  0   6.85e-02
  0  0   6.85e-02
  0  0   6.84e-02
  0  0   6.83e-02
  0  0   6.81e-02
  0  0   6.79e-02
  0  0   6.74e-02
  0  0   6.68e-02
  0  0   6.58e-02
  0  0   6.44e-02
  0  0   6.23e-02
  0  0   5.94e-02
  0  0   5.58e-02
  0  0   5.23e-02
  0  0   5.00e-02
  0  0   4.62e-02
  0  0   3.92e-02
  0  0   3.09e-02
  8 10   2.59e-02
  0  0   2.59e-02
  0  0   2.59e-02
  0  0   2.59e-02
  0  0   2.59e-02
  0  0   2.59e-02
  0  0   2.59e-02
  0  0   2.59e-02
  0  0   2.59e-02
  0  0   2.58e-02
  0  0   2.58e-02
  0  0   2.58e-02
  0  0   2.57e-02
  0  0   2.56e-02
  0  0   2.54e-02
  0  0   2.51e-02
  0  0   2.46e-02
  0  0   2.40e-02
  0  0   2.31e-02
  0  0   2.19e-02
  0  0   2.05e-02
  0  0   1.94e-02
  0  0   1.83e-02
  8 11   1.14e-02
  0  0   1.14e-02
  0  0   1.14e-02
  0  0   1.14e-02
  0  0   1.14e-02
  0  0   1.14e-02
  0  0   1.14e-02
  0  0   1.14e-02
  0  0   1.14e-02
  0  0   1.14e-02
  0  0   1.14e-02
  0  0   1.13e-02
  0  0   1.13e-02
  0  0   1.13e-02
  0  0   1.12e-02
  0  0   1.11e-02
  0  0   1.09e-02
  0  0   1.06e-02
  0  0   1.02e-02
  0  0   9.71e-03
  0  0   9.11e-03
  0  0   8.58e-03
  0  0   8.19e-03
  8 12   2.26e-02
  0  0   2.26e-02
  0  0   2.26e-02
  0  0   2.26e-02
  0  0   2.26e-02
  0  0   2.26e-02
  0  0   2.26e-02
  0  0   2.26e-02
  0  0   2.26e-02
  0  0   2.26e-02
  0  0   2.25e-02
  0  0   2.25e-02
  0  0   2.24e-02
  0  0   2.24e-02
  0  0   2.22e-02
  0  0   2.20e-02
  0  0   2.17e-02
  0  0   2.12e-02
  0  0   2.05e-02
  0  0   1.96e-02
  0  0   1.84e-02
  0  0   1.73e-02
  0  0   1.65e-02
  8 13   6.31e-03
  0  0   6.31e-03
  0  0   6.31e-03
  0  0   6.31e-03
  0  0   6.31e-03
  0  0   6.31e-03
  0  0   6.31e-03
  0  0   6.31e-03
  0  0   6.31e-03
  0  0   6.30e-03
  0  0   6.30e-03
  0  0   6.29e-03
  0  0   6.28e-03
  0  0   6.27e-03
  0  0   6.24e-03
  0  0   6.20e-03
  0  0   6.14e-03
  0  0   6.05e-03
  0  0   5.92e-03
  0  0   5.72e-03
  0  0   5.46e-03
  0  0   5.13e-03
  0  0   4.81e-03
  8 14   1.55e-02
  0  0   1.55e-02
  0  0   1.55e-02
  0  0   1.55e-02
  0  0   1.55e-02
  0  0   1.55e-02
  0  0   1.55e-02
  0  0   1.55e-02
  0  0   1.55e-02
  0  0   1.55e-02
  0  0   1.55e-02
  0  0   1.55e-02
  0  0   1.54e-02
  0  0   1.54e-02
  0  0   1.54e-02
  0  0   1.53e-02
  0  0   1.51e-02
  0  0   1.50e-02
  0  0   1.47e-02
  0  0   1.43e-02
  0  0   1.37e-02
  0  0   1.29e-02
  0  0   1.21e-02
  8 15   2.32e-03
  0  0   2.32e-03
  0  0   2.32e-03
  0  0   2.32e-03
  0  0   2.32e-03
  0  0   2.32e-03
  0  0   2.32e-03
  0  0   2.32e-03
  0  0   2.32e-03
  0  0   2.32e-03
  0  0   2.32e-03
  0  0   2.32e-03
  0  0   2.31e-03
  0  0   2.31e-03
  0  0   2.31e-03
  0  0   2.30e-03
  0  0   2.28e-03
  0  0   2.26e-03
  0  0   2.23e-03
  0  0   2.19e-03
  0  0   2.12e-03
  0  0   2.03e-03
  0  0   1.91e-03
  9 10   8.97e-15
  0  0   1.42e-14
  0  0   2.25e-14
  0  0   3.57e-14
  0  0   5.66e-14
  0  0   8.97e-14
  0  0   1.42e-13
  0  0   2.25e-13
  0  0   3.56e-13
  0  0   5.63e-13
  0  0   8.88e-13
  0  0   1.40e-12
  0  0   2.19e-12
  0  0   3.42e-12
  0  0   5.28e-12
  0  0   7.99e-12
  0  0   1.17e-11
  0  0   1.63e-11
  0  0   2.08e-11
  0  0   2.30e-11
  0  0   2.00e-11
  0  0   1.16e-11
  0  0   4.55e-12
  9 11   3.78e-02
  0  0   3.78e-02
  0  0   3.78e-02
  0  0   3.78e-02
  0  0   3.78e-02
  0  0   3.78e-02
  0  0   3.78e-02
  0  0   3.78e-02
  0  0   3.77e-02
  0  0   3.77e-02
  0  0   3.76e-02
  0  0   3.75e-02
  0  0   3.74e-02
  0  0   3.72e-02
  0  0   3.68e-02
  0  0   3.63e-02
  0  0   3.55e-02
  0  0   3.43e-02
  0  0   3.27e-02
  0  0   3.07e-02
  0  0   2.88e-02
  0  0   2.75e-02
  0  0   2.55e-02
  9 12   6.68e-02
  0  0   6.68e-02
  0  0   6.68e-02
  0  0   6.68e-02
  0  0   6.68e-02
  0  0   6.68e-02
  0  0   6.68e-02
  0  0   6.67e-02
  0  0   6.67e-02
  0  0   6.67e-02
  0  0   6.66e-02
  0  0   6.64e-02
  0  0   6.62e-02
  0  0   6.59e-02
  0  0   6.54e-02
  0  0   6.46e-02
  0  0   6.34e-02
  0  0   6.17e-02
  0  0   5.93e-02
  0  0   5.61e-02
  0  0   5.26e-02
  0  0   4.98e-02
  0  0   4.72e-02
  9 13   9.95e-03
  0  0   9.95e-03
  0  0   9.95e-03
  0  0   9.95e-03
  0  0   9.95e-03
  0  0   9.95e-03
  0  0   9.95e-03
  0  0   9.94e-03
  0  0   9.94e-03
  0  0   9.94e-03
  0  0   9.93e-03
  0  0   9.92e-03
  0  0   9.90e-03
  0  0   9.87e-03
  0  0   9.82e-03
  0  0   9.75e-03
  0  0   9.64e-03
  0  0   9.48e-03
  0  0   9.24e-03
  0  0   8.90e-03
  0  0   8.43e-03
  0  0   7.90e-03
  0  0   7.45e-03
  9 14   3.29e-02
  0  0   3.29e-02
  0  0   3.29e-02
  0  0   3.29e-02
  0  0   3.29e-02
  0  0   3.29e-02
  0  0   3.29e-02
  0  0   3.29e-02
  0  0   3.29e-02
  0  0   3.29e-02
  0  0   3.28e-02
  0  0   3.28e-02
  0  0   3.28e-02
  0  0   3.27e-02
  0  0   3.26e-02
  0  0   3.24e-02
  0  0   3.21e-02
  0  0   3.16e-02
  0  0   3.09e-02
  0  0   3.00e-02
  0  0   2.86e-02
  0  0   2.70e-02
  0  0   2.53e-02
  9 15   4.22e-03
  0  0   4.22e-03
  0  0   4.22e-03
  0  0   4.22e-03
  0  0   4.22e-03
  0  0   4.22e-03
  0  0   4.22e-03
  0  0   4.22e-03
  0  0   4.22e-03
  0  0   4.22e-03
  0  0   4.22e-03
  0  0   4.21e-03
  0  0   4.21e-03
  0  0   4.20e-03
  0  0   4.19e-03
  0  0   4.17e-03
  0  0   4.15e-03
  0  0   4.11e-03
  0  0   4.04e-03
  0  0   3.95e-03
  0  0   3.82e-03
  0  0   3.64e-03
  0  0   3.42e-03
 10 11   1.62e-02
  0  0   1.62e-02
  0  0   1.62e-02
  0  0   1.62e-02
  0  0   1.62e-02
  0  0   1.61e-02
  0  0   1.61e-02
  0  0   1.61e-02
  0  0   1.60e-02
  0  0   1.59e-02
  0  0   1.57e-02
  0  0   1.54e-02
  0  0   1.50e-02
  0  0   1.45e-02
  0  0   1.37e-02
  0  0   1.28e-02
  0  0   1.21e-02
  0  0   1.15e-02
  0  0   1.03e-02
  0  0   8.42e-03
  0  0   6.54e-03
  0  0   5.03e-03
  0  0   3.94e-03
 10 12   1.33e-02
  0  0   1.33e-02
  0  0   1.33e-02
  0  0   1.33e-02
  0  0   1.33e-02
  0  0   1.33e-02
  0  0   1.33e-02
  0  0   1.33e-02
  0  0   1.32e-02
  0  0   1.32e-02
  0  0   1.31e-02
  0  0   1.31e-02
  0  0   1.29e-02
  0  0   1.27e-02
  0  0   1.24e-02
  0  0   1.20e-02
  0  0   1.14e-02
  0  0   1.07e-02
  0  0   1.00e-02
  0  0   9.57e-03
  0  0   8.76e-03
  0  0   7.33e-03
  0  0   5.74e-03
 10 13   2.43e-03
  0  0   2.43e-03
  0  0   2.43e-03
  0  0   2.43e-03
  0  0   2.43e-03
  0  0   2.43e-03
  0  0   2.43e-03
  0  0   2.43e-03
  0  0   2.43e-03
  0  0   2.42e-03
  0  0   2.42e-03
  0  0   2.42e-03
  0  0   2.41e-03
  0  0   2.40e-03
  0  0   2.38e-03
  0  0   2.35e-03
  0  0   2.30e-03
  0  0   2.24e-03
  0  0   2.15e-03
  0  0   2.03e-03
  0  0   1.90e-03
  0  0   1.80e-03
  0  0   1.71e-03
 10 14   1.90e-03
  0  0   1.90e-03
  0  0   1.90e-03
  0  0   1.90e-03
  0  0   1.90e-03
  0  0   1.90e-03
  0  0   1.90e-03
  0  0   1.90e-03
  0  0   1.90e-03
  0  0   1.90e-03
  0  0   1.90e-03
  0  0   1.89e-03
  0  0   1.89e-03
  0  0   1.88e-03
  0  0   1.87e-03
  0  0   1.86e-03
  0  0   1.83e-03
  0  0   1.79e-03
  0  0   1.74e-03
  0  0   1.67e-03
  0  0   1.57e-03
  0  0   1.47e-03
  0  0   1.40e-03
 10 15   1.72e-03
  0  0   1.72e-03
  0  0   1.72e-03
  0  0   1.72e-03
  0  0   1.72e-03
  0  0   1.72e-03
  0  0   1.72e-03
  0  0   1.72e-03
  0  0   1.72e-03
  0  0   1.72e-03
  0  0   1.72e-03
  0  0   1.72e-03
  0  0   1.71e-03
  0  0   1.71e-03
  0  0   1.70e-03
  0  0   1.69e-03
  0  0   1.68e-03
  0  0   1.66e-03
  0  0   1.63e-03
  0  0   1.58e-03
  0  0   1.52e-03
  0  0   1.43e-03
  0  0   1.34e-03
 11 12   3.20e-02
  0  0   3.20e-02
  0  0   3.20e-02
  0  0   3.20e-02
  0  0   3.20e-02
  0  0   3.19e-02
  0  0   3.19e-02
  0  0   3.19e-02
  0  0   3.18e-02
  0  0   3.16e-02
  0  0   3.14e-02
  0  0   3.11e-02
  0  0   3.06e-02
  0  0   2.99e-02
  0  0   2.89e-02
  0  0   2.76e-02
  0  0   2.59e-02
  0  0   2.43e-02
  0  0   2.32e-02
  0  0   2.13e-02
  0  0   1.79e-02
  0  0   1.41e-02
  0  0   1.08e-02
 11 13   3.84e-03
  0  0   3.84e-03
  0  0   3.84e-03
  0  0   3.84e-03
  0  0   3.84e-03
  0  0   3.84e-03
  0  0   3.84e-03
  0  0   3.84e-03
  0  0   3.83e-03
  0  0   3.83e-03
  0  0   3.82e-03
  0  0   3.82e-03
  0  0   3.80e-03
  0  0   3.78e-03
  0  0   3.75e-03
  0  0   3.69e-03
  0  0   3.62e-03
  0  0   3.51e-03
  0  0   3.36e-03
  0  0   3.17e-03
  0  0   2.97e-03
  0  0   2.83e-03
  0  0   2.65e-03
 11 14   8.28e-03
  0  0   8.28e-03
  0  0   8.28e-03
  0  0   8.28e-03
  0  0   8.28e-03
  0  0   8.28e-03
  0  0   8.28e-03
  0  0   8.27e-03
  0  0   8.27e-03
  0  0   8.27e-03
  0  0   8.26e-03
  0  0   8.25e-03
  0  0   8.23e-03
  0  0   8.19e-03
  0  0   8.15e-03
  0  0   8.07e-03
  0  0   7.96e-03
  0  0   7.79e-03
  0  0   7.55e-03
  0  0   7.22e-03
  0  0   6.79e-03
  0  0   6.36e-03
  0  0   6.07e-03
 11 15   7.93e-03
  0  0   7.93e-03
  0  0   7.93e-03
  0  0   7.93e-03
  0  0   7.93e-03
  0  0   7.93e-03
  0  0   7.93e-03
  0  0   7.93e-03
  0  0   7.93e-03
  0  0   7.92e-03
  0  0   7.92e-03
  0  0   7.91e-03
  0  0   7.90e-03
  0  0   7.88e-03
  0  0   7.85e-03
  0  0   7.81e-03
  0  0   7.74e-03
  0  0   7.64e-03
  0  0   7.49e-03
  0  0   7.27e-03
  0  0   6.97e-03
  0  0   6.57e-03
  0  0   6.16e-03
 12 13   9.89e-03
  0  0   9.89e-03
  0  0   9.89e-03
  0  0   9.89e-03
  0  0   9.89e-03
  0  0   9.88e-03
  0  0   9.88e-03
  0  0   9.88e-03
  0  0   9.87e-03
  0  0   9.86e-03
  0  0   9.84e-03
  0  0   9.81e-03
  0  0   9.77e-03
  0  0   9.70e-03
  0  0   9.59e-03
  0  0   9.43e-03
  0  0   9.20e-03
  0  0   8.87e-03
  0  0   8.42e-03
  0  0   7.89e-03
  0  0   7.43e-03
  0  0   7.08e-03
  0  0   6.40e-03
 12 14   2.10e-02
  0  0   2.10e-02
  0  0   2.10e-02
  0  0   2.10e-02
  0  0   2.10e-02
  0  0   2.10e-02
  0  0   2.10e-02
  0  0   2.10e-02
  0  0   2.10e-02
  0  0   2.10e-02
  0  0   2.09e-02
  0  0   2.09e-02
  0  0   2.08e-02
  0  0   2.07e-02
  0  0   2.06e-02
  0  0   2.04e-02
  0  0   2.00e-02
  0  0   1.95e-02
  0  0   1.88e-02
  0  0   1.79e-02
  0  0   1.68e-02
  0  0   1.58e-02
  0  0   1.51e-02
 12 15   1.78e-02
  0  0   1.78e-02
  0  0   1.78e-02
  0  0   1.78e-02
  0  0   1.78e-02
  0  0   1.78e-02
  0  0   1.78e-02
  0  0   1.78e-02
  0  0   1.78e-02
  0  0   1.78e-02
  0  0   1.78e-02
  0  0   1.78e-02
  0  0   1.77e-02
  0  0   1.77e-02
  0  0   1.76e-02
  0  0   1.75e-02
  0  0   1.73e-02
  0  0   1.71e-02
  0  0   1.67e-02
  0  0   1.62e-02
  0  0   1.54e-02
  0  0   1.45e-02
  0  0   1.36e-02
 13 14   4.35e-02
  0  0   4.35e-02
  0  0   4.35e-02
  0  0   4.35e-02
  0  0   4.35e-02
  0  0   4.35e-02
  0  0   4.34e-02
  0  0   4.34e-02
  0  0   4.34e-02
  0  0   4.33e-02
  0  0   4.32e-02
  0  0   4.30e-02
  0  0   4.27e-02
  0  0   4.22e-02
  0  0   4.15e-02
  0  0   4.05e-02
  0  0   3.91e-02
  0  0   3.71e-02
  0  0   3.48e-02
  0  0   3.27e-02
  0  0   3.12e-02
  0  0   2.84e-02
  0  0   2.36e-02
 13 15   1.24e-02
  0  0   1.24e-02
  0  0   1.24e-02
  0  0   1.24e-02
  0  0   1.24e-02
  0  0   1.24e-02
  0  0   1.24e-02
  0  0   1.24e-02
  0  0   1.24e-02
  0  0   1.24e-02
  0  0   1.24e-02
  0  0   1.23e-02
  0  0   1.23e-02
  0  0   1.23e-02
  0  0   1.22e-02
  0  0   1.21e-02
  0  0   1.19e-02
  0  0   1.17e-02
  0  0   1.13e-02
  0  0   1.08e-02
  0  0   1.02e-02
  0  0   9.58e-03
  0  0   9.13e-03
 14 15   7.05e-02
  0  0   7.05e-02
  0  0   7.05e-02
  0  0   7.05e-02
  0  0   7.05e-02
  0  0   7.05e-02
  0  0   7.05e-02
  0  0   7.04e-02
  0  0   7.04e-02
  0  0   7.03e-02
  0  0   7.02e-02
  0  0   7.01e-02
  0  0   6.98e-02
  0  0   6.95e-02
  0  0   6.89e-02
  0  0   6.80e-02
  0  0   6.67e-02
  0  0   6.49e-02
  0  0   6.22e-02
  0  0   5.88e-02
  0  0   5.50e-02
  0  0   5.22e-02
  0  0   4.93e-02
 0 0 0
  1  2   5.900e+04
  1  3   1.010e+01
  1  4   9.510e-01
  1  5   0.000e+00
  1  6   0.000e+00
  1  7   2.396e+10
  1  8   0.000e+00
  1  9   0.000e+00
  1 10   0.000e+00
  1 11   4.981e+09
  1 12   0.000e+00
  1 13   1.176e+10
  1 14   0.000e+00
  1 15   3.587e+07
  2  3   1.990e+03
  2  4   9.910e+04
  2  5   5.920e+05
  2  6   1.794e+08
  2  7   2.337e+08
  2  8   1.423e+10
  2  9   0.000e+00
  2 10   3.616e+10
  2 11   3.318e+10
  2 12   6.436e+06
  2 13   3.029e+10
  2 14   9.200e+08
  2 15   9.156e+09
  3  4   8.760e+04
  3  5   2.690e+02
  3  6   1.178e+08
  3  7   4.579e+08
  3  8   2.250e+08
  3  9   8.594e+09
  3 10   0.000e+00
  3 11   2.578e+09
  3 12   3.891e+10
  3 13   8.833e+10
  3 14   1.493e+10
  3 15   8.848e+08
  4  5   1.420e+01
  4  6   4.330e+06
  4  7   3.205e+08
  4  8   4.352e+07
  4  9   2.089e+09
  4 10   0.000e+00
  4 11   1.505e+08
  4 12   6.093e+07
  4 13   1.209e+09
  4 14   5.927e+10
  4 15   9.834e+10
  5  6   0.000e+00
  5  7   6.856e+07
  5  8   0.000e+00
  5  9   0.000e+00
  5 10   0.000e+00
  5 11   3.131e+08
  5 12   0.000e+00
  5 13   1.413e+09
  5 14   0.000e+00
  5 15   2.508e+10
  6  7   0.000e+00
  6  8   0.000e+00
  6  9   0.000e+00
  6 10   0.000e+00
  6 11   0.000e+00
  6 12   0.000e+00
  6 13   0.000e+00
  6 14   0.000e+00
  6 15   0.000e+00
  7  8   0.000e+00
  7  9   0.000e+00
  7 10   0.000e+00
  7 11   0.000e+00
  7 12   0.000e+00
  7 13   0.000e+00
  7 14   0.000e+00
  7 15   0.000e+00
  8  9   0.000e+00
  8 10   0.000e+00
  8 11   0.000e+00
  8 12   0.000e+00
  8 13   0.000e+00
  8 14   0.000e+00
  8 15   0.000e+00
  9 10   0.000e+00
  9 11   0.000e+00
  9 12   0.000e+00
  9 13   0.000e+00
  9 14   0.000e+00
  9 15   0.000e+00
 10 11   0.000e+00
 10 12   0.000e+00
 10 13   0.000e+00
 10 14   0.000e+00
 10 15   0.000e+00
 11 12   0.000e+00
 11 13   0.000e+00
 11 14   0.000e+00
 11 15   0.000e+00
 12 13   0.000e+00
 12 14   0.000e+00
 12 15   0.000e+00
 13 14   0.000e+00
 13 15   0.000e+00
 14 15   0.000e+00
  1  1        0.0
  2  3   157717.0
  3  5   218009.0
  4  5   429317.0
  5  1   582277.0
  6  5   704942.0
  7  3  1026512.0
  8  5  1042800.0
  9  7  1103519.0
 10  1  1238573.0
 11  3  1258505.0
 12  5  1295142.0
 13  3  1428104.0
 14  5  1514472.0
 15  3  1696908.0
