6
Ground term only !!
Al IX    upsilions Zhang H.L., Graziani M., Pradhan A.K., (A&A,283,319,1994)
 Al IX  Coll. Strength from Blaha (Ann.d'Astr.31,311,1968) Scaled up by 1.61
 A value for grnd term acc. 3% - NIST database  
 E levs from NIST database (Fuhr,J. & Wiese,W.L., CRC Handbk. of Chem. & Phys.
    ed. Lide,D.R. 1995)    CJP 21-2-96
2 32 0
2s22p2 2P1/2
2s22p2 2P3/2
100
200
300
400
500
600
800
1000
1500
2000
2500
3000
3500
4000
5000
6000
7000
8000
9000
10000
12000
14000
16000
18000
20000
23000
26000
30000
35000
40000
45000
50000
0
   1    2      0.510999978
   0    0      0.428000003
   0    0      0.481999993
   0    0      0.588000000
   0    0      0.699999988
   0    0      0.800000012
   0    0      0.949999988
   0    0      1.049999952
   0    0      1.159999967
   0    0      1.190000057
   0    0      1.179999948
   0    0      1.159999967
   0    0      1.120000005
   0    0      1.090000033
   0    0      1.009999990
   0    0      0.941999972
   0    0      0.879000008
   0    0      0.823000014
   0    0      0.773999989
   0    0      0.731000006
   0    0      0.657999992
   0    0      0.600000024
   0    0      0.551999986
   0    0      0.513000011
   0    0      0.479999989
   0    0      0.439000010
   0    0      0.405999988
   0    0      0.370000005
   0    0      0.335000008
   0    0      0.307999998
   0    0      0.286000013
   0    0      0.268000007
 0 0 0
 1 2  1.05
 1 2   0.000000
 2 4    4890.
