   13.6  0.  2.91E-08  0.2320  0.39
   24.6  0.  1.75E-08  0.1800  0.35
   54.4  1.  2.05E-09  0.2650  0.25
    5.4  0.  1.39E-07  0.4380  0.41
   75.6  1.  2.01E-09  0.2090  0.23
  122.4  1.  9.60E-10  0.5820  0.17
    9.3  0.  1.02E-07  0.3750  0.27
   18.2  1.  2.08E-08  0.4390  0.21
  153.9  0.  2.67E-09  0.6120  0.27
  217.7  1.  4.27E-10  0.6580  0.15
    8.3  0.  6.49E-08  0.2000  0.26
   25.2  1.  1.24E-08  0.2670  0.22
   37.9  1.  3.27E-09  0.2950  0.23
  259.4  1.  4.95E-10  0.4890  0.09
  340.2  1.  2.19E-10  0.6570  0.15
   11.3  0.  6.85E-08  0.1930  0.25
   24.4  1.  1.86E-08  0.2860  0.24
   47.9  1.  6.35E-09  0.4270  0.21
   64.5  1.  1.50E-09  0.4160  0.13
  392.1  1.  2.99E-10  0.6660  0.02
  490.0  1.  1.23E-10  0.6200  0.16
   14.5  0.  4.82E-08  0.0652  0.42
   29.6  0.  2.98E-08  0.3100  0.30
   47.5  1.  8.10E-09  0.3500  0.24
   77.5  1.  3.71E-09  0.5490  0.18
   97.9  0.  1.51E-09  0.0167  0.74
  552.1  0.  3.71E-10  0.5460  0.29
  667.0  1.  7.77E-11  0.6240  0.16
   13.6  0.  3.59E-08  0.0730  0.34
   35.1  1.  1.39E-08  0.2120  0.22
   54.9  1.  9.31E-09  0.2700  0.27
   77.4  0.  1.02E-08  0.6140  0.27
  113.9  1.  2.19E-09  0.6300  0.17
  138.1  0.  1.95E-09  0.3600  0.54
  739.3  0.  2.12E-10  0.3960  0.35
  871.4  1.  5.21E-11  0.6290  0.16
   17.4  1.  7.00E-08  0.1780  0.29
   35.0  0.  5.41E-08  0.5710  0.27
   62.7  1.  9.37E-09  0.3190  0.20
   87.1  1.  4.92E-09  0.3230  0.24
  114.2  0.  7.06E-09  0.6840  0.27
  157.2  1.  1.28E-09  0.6480  0.16
  185.2  1.  5.61E-10  0.7380  0.16
  953.9  0.  1.66E-10  0.5420  0.29
 1103.1  1.  3.74E-11  0.6590  0.15
   21.6  1.  1.50E-08  0.0329  0.43
   41.0  0.  1.98E-08  0.2950  0.20
   63.5  1.  7.03E-09  0.0677  0.39
   97.1  1.  4.24E-09  0.0482  0.58
  126.2  1.  2.79E-09  0.3050  0.25
  157.9  0.  3.45E-09  0.5810  0.28
  207.3  1.  9.56E-10  0.7490  0.14
  239.1  1.  4.73E-10  0.9920  0.04
 1196.0  1.  3.92E-11  0.2620  0.20
 1360.6  1.  2.77E-11  0.6610  0.13
    5.1  1.  1.01E-07  0.2750  0.23
   47.3  1.  7.35E-09  0.0560  0.35
   71.6  1.  8.10E-09  0.1480  0.32
   98.9  0.  1.14E-08  0.5530  0.28
  138.4  1.  2.63E-09  0.2300  0.29
  172.2  1.  1.85E-09  0.3630  0.22
  208.5  0.  2.82E-09  0.6740  0.27
  264.2  1.  6.72E-10  0.7520  0.14
  299.9  1.  2.80E-10  0.7810  0.15
 1465.1  1.  4.63E-11  0.5580  0.16
 1648.7  1.  2.16E-11  0.7430  0.13
    7.6  0.  6.21E-07  0.5920  0.39
   15.2  0.  1.92E-08  0.0027  0.85
   80.1  1.  5.56E-09  0.1070  0.30
  109.3  1.  4.35E-09  0.1590  0.31
  141.3  0.  7.10E-09  0.6580  0.25
  186.5  1.  1.70E-09  0.2420  0.28
  224.9  1.  1.22E-09  0.3430  0.23
  266.0  0.  2.20E-09  0.8970  0.22
  328.2  1.  4.86E-10  0.7510  0.14
  367.5  1.  2.35E-10  1.0300  0.10
 1761.8  1.  2.06E-11  0.1960  0.25
 1962.7  1.  1.75E-11  0.8350  0.11
    6.0  1.  2.28E-07  0.3870  0.25
   18.8  0.  1.18E-07  2.2100  0.25
   28.5  1.  4.40E-09  0.1060  0.24
  120.0  0.  1.75E-08  0.8720  0.22
  153.8  1.  2.61E-09  0.1590  0.31
  198.5  1.  1.85E-09  0.1520  0.36
  241.4  1.  1.14E-09  0.2280  0.29
  284.6  1.  8.00E-10  0.4170  0.16
  390.2  1.  5.83E-10  0.4970  0.23
  399.4  0.  4.93E-10  0.7060  0.16
  442.0  1.  9.77E-11  0.2780  0.17
 2086.6  0.  3.94E-11  0.2860  0.36
 2304.1  1.  1.38E-11  0.8350  0.11
    8.2  1.  1.88E-07  0.3760  0.25
   16.4  1.  6.43E-08  0.6320  0.20
   33.5  1.  2.01E-08  0.4730  0.22
   54.0  1.  4.94E-09  0.1720  0.23
  166.8  1.  1.76E-09  0.1020  0.31
  205.3  1.  1.74E-09  0.1800  0.29
  246.5  1.  1.23E-09  0.5180  0.07
  303.5  1.  8.27E-10  0.2390  0.28
  351.1  1.  6.01E-10  0.3050  0.25
  401.4  1.  4.65E-10  0.6660  0.04
  476.4  1.  2.63E-10  0.6660  0.16
  523.5  1.  1.18E-10  0.7340  0.16
 2437.7  0.  3.36E-11  0.3360  0.37
 2673.2  1.  1.19E-11  0.9890  0.08
   10.5  1.  1.99E-07  0.5350  0.24
   19.8  1.  5.88E-08  0.5370  0.21
   30.2  1.  2.96E-08  0.8650  0.16
   51.4  1.  1.01E-08  0.5460  0.20
   65.0  1.  2.36E-09  0.1920  0.17
  220.4  0.  6.66E-09  1.0000  0.18
  263.2  1.  1.24E-09  0.2150  0.26
  309.4  0.  2.27E-09  0.7340  0.23
  371.7  1.  6.14E-10  0.2560  0.27
  424.5  1.  4.69E-10  0.3420  0.23
  479.6  0.  6.14E-10  0.3340  0.39
  560.4  0.  3.22E-10  0.8500  0.12
  611.9  1.  9.32E-11  0.7340  0.16
 2816.9  0.  3.79E-11  0.8050  0.22
 3069.9  1.  9.73E-12  0.9910  0.08
   10.4  1.  5.49E-08  0.1000  0.25
   23.3  1.  6.81E-08  0.6930  0.21
   34.8  1.  2.14E-08  0.3530  0.24
   47.3  1.  1.66E-08  1.0300  0.14
   72.6  1.  6.12E-09  0.5800  0.19
   88.1  1.  1.33E-09  0.0688  0.35
  280.9  0.  4.93E-09  1.1300  0.16
  328.2  1.  8.73E-10  0.1930  0.28
  379.1  0.  1.35E-09  0.4310  0.32
  447.1  1.  4.59E-10  0.2420  0.28
  504.8  1.  3.49E-10  0.3050  0.25
  564.7  0.  5.23E-10  0.4280  0.35
  651.6  0.  2.59E-10  0.8540  0.12
  707.2  1.  7.50E-11  0.7340  0.16
 3223.9  0.  2.67E-11  0.5720  0.28
 3494.2  1.  6.32E-12  0.5850  0.17
   13.0  1.  1.69E-07  0.4300  0.24
   23.8  1.  6.96E-08  0.6700  0.20
   39.6  1.  3.40E-08  0.8650  0.18
   53.5  1.  1.10E-08  0.3280  0.25
   67.8  1.  1.11E-08  1.3700  0.10
   97.0  1.  3.17E-09  0.3300  0.24
  114.2  1.  1.01E-09  0.1960  0.16
  348.3  0.  2.11E-09  0.3130  0.37
  400.1  1.  6.32E-10  0.1730  0.30
  455.6  0.  9.48E-10  0.3440  0.36
  529.3  1.  3.69E-10  0.2730  0.26
  592.0  1.  2.85E-10  0.3430  0.23
  656.7  0.  4.81E-10  0.6580  0.27
  749.8  1.  1.31E-10  0.6230  0.16
  809.4  1.  6.13E-11  0.7360  0.16
 3658.4  0.  1.90E-11  0.3790  0.36
 3946.3  1.  5.14E-12  0.5530  0.18
   15.8  1.  5.99E-08  0.1360  0.26
   27.6  1.  6.07E-08  0.5440  0.21
   40.9  1.  3.43E-08  0.8340  0.17
   52.3  0.  3.00E-08  1.0300  0.25
   75.0  1.  8.73E-09  0.3660  0.31
   91.0  1.  5.78E-09  0.3140  0.34
  124.3  1.  2.98E-09  0.7030  0.16
  143.5  1.  7.25E-10  0.2070  0.15
  422.4  1.  1.40E-09  0.6960  0.13
  478.7  1.  4.78E-10  0.1640  0.31
  539.0  0.  8.02E-10  0.4390  0.32
  618.3  1.  2.88E-10  0.2590  0.27
  686.1  1.  2.32E-10  0.3620  0.22
  755.7  0.  3.33E-10  0.4120  0.36
  854.8  1.  1.27E-10  0.9100  0.13
  918.0  1.  5.21E-11  0.7810  0.15
 4120.7  0.  1.66E-11  0.4350  0.33
 4426.2  1.  4.32E-12  0.5540  0.18
    4.3  1.  2.02E-07  0.2720  0.31
   31.6  1.  4.01E-08  0.3710  0.22
   45.8  1.  1.50E-08  0.4330  0.21
   60.9  1.  1.94E-08  0.8890  0.16
   82.7  1.  6.95E-09  0.4940  0.18
   99.4  1.  4.11E-09  0.5400  0.17
  117.6  1.  2.23E-09  0.5190  0.16
  154.7  1.  2.15E-09  0.8280  0.14
  175.8  0.  1.61E-09  0.6420  0.13
  504.0  1.  1.07E-09  0.6950  0.13
  564.7  1.  3.78E-10  0.1730  0.30
  629.4  0.  6.24E-10  0.4180  0.33
  714.6  1.  2.29E-10  0.2450  0.28
  786.6  1.  1.86E-10  0.3440  0.23
  861.1  0.  2.69E-10  0.3960  0.37
  968.0  1.  1.06E-10  0.9120  0.13
 1053.4  1.  4.24E-11  0.7370  0.16
 4610.9  0.  1.38E-11  0.4160  0.34
 4934.1  1.  3.67E-12  0.5550  0.18
    6.1  0.  4.40E-07  0.8480  0.33
   11.9  0.  5.22E-08  0.1510  0.34
   50.9  1.  2.06E-08  0.4180  0.20
   67.3  1.  1.72E-08  0.6380  0.19
   84.5  1.  1.26E-08  1.0100  0.14
  108.8  1.  4.72E-09  0.5260  0.17
  127.2  1.  2.89E-09  0.5480  0.17
  147.2  1.  1.64E-09  0.5520  0.15
  188.3  1.  1.57E-09  0.7990  0.14
  211.3  1.  4.32E-10  0.2320  0.14
  591.9  0.  9.47E-10  0.3110  0.38
  657.2  1.  2.98E-10  0.1630  0.31
  726.6  0.  4.78E-10  0.3590  0.36
  817.6  1.  1.86E-10  0.2440  0.28
  894.5  1.  1.56E-10  0.3640  0.22
  974.0  0.  2.16E-10  0.3570  0.39
 1087.0  1.  7.70E-11  0.6550  0.15
 1157.0  1.  3.58E-11  0.7360  0.16
 5128.9  0.  1.28E-11  0.5200  0.30
 5469.9  1.  3.08E-12  0.5280  0.19
    6.6  1.  3.16E-07  0.2040  0.28
   12.8  1.  8.61E-08  0.1810  0.25
   24.8  1.  5.08E-08  0.3570  0.24
   73.5  1.  1.00E-08  0.4530  0.15
   91.9  1.  6.76E-09  0.4600  0.15
  110.7  1.  5.27E-09  0.5610  0.17
  138.0  1.  3.40E-09  0.5600  0.16
  158.1  1.  2.18E-09  0.6120  0.15
  180.0  1.  1.26E-09  0.6100  0.14
  225.1  1.  1.24E-09  0.8520  0.13
  249.8  1.  3.62E-10  0.3490  0.05
  687.4  1.  5.52E-10  0.3750  0.28
  756.7  1.  5.64E-10  0.8730  0.15
  830.8  1.  4.50E-10  1.0500  0.13
  927.5  1.  2.73E-10  0.8660  0.15
 1009.0  1.  1.56E-10  0.7150  0.17
 1094.0  0.  1.81E-10  1.1400  0.36
 1213.0  1.  4.29E-11  0.7840  0.15
 1288.0  0.  2.21E-11  0.0270  0.82
 5674.9  1.  4.51E-12  0.9180  0.04
 6033.8  0.  2.03E-12  0.0170  0.70
    6.8  1.  1.60E-07  0.3600  0.28
   13.6  0.  2.14E-07  0.8800  0.28
   27.5  1.  2.85E-08  0.2270  0.21
   43.3  1.  3.48E-08  0.3900  0.23
   99.3  1.  1.00E-08  0.5790  0.18
  119.5  1.  7.01E-09  0.6380  0.17
  140.8  1.  4.95E-09  0.7170  0.16
  170.4  1.  2.99E-09  0.6930  0.17
  192.1  1.  2.10E-09  0.7220  0.16
  215.9  1.  1.62E-09  0.7650  0.14
  265.0  1.  1.11E-09  0.8850  0.12
  291.5  0.  9.09E-10  0.9720  0.06
  787.8  1.  4.41E-10  0.3590  0.29
  863.1  1.  4.39E-10  0.7810  0.17
  941.9  1.  3.73E-10  1.0500  0.13
 1044.0  1.  2.28E-10  0.8580  0.15
 1131.0  1.  1.34E-10  0.7570  0.16
 1221.0  0.  1.55E-10  1.1500  0.36
 1346.0  1.  3.80E-11  0.8350  0.14
 1426.0  0.  1.89E-11  0.0280  0.82
 6249.1  1.  4.01E-12  0.9680  0.03
 6625.0  1.  1.62E-12  0.6570  0.14
    6.7  0.  8.82E-07  0.3590  0.32
   14.7  0.  3.11E-07  0.4320  0.29
   29.3  1.  3.50E-08  0.2470  0.25
   46.7  0.  5.32E-08  1.1100  0.16
   65.3  1.  8.98E-09  0.1400  0.37
  128.1  1.  5.87E-09  0.5170  0.17
  150.6  1.  5.11E-09  0.6790  0.16
  173.4  1.  3.71E-09  0.7610  0.15
  205.8  1.  2.24E-09  0.7110  0.17
  230.5  1.  1.65E-09  0.7640  0.15
  256.0  1.  1.26E-09  0.7620  0.14
  308.0  1.  8.86E-10  0.8860  0.12
  336.3  0.  3.89E-10  0.1420  0.39
  896.0  1.  3.80E-10  0.4090  0.27
  976.0  0.  4.84E-10  0.1730  0.57
 1060.0  1.  2.49E-10  0.6500  0.14
 1168.0  0.  5.91E-10  1.6100  0.18
 1260.0  0.  5.02E-10  2.1200  0.15
 1355.0  1.  5.38E-11  0.1370  0.40
 1486.0  1.  5.56E-11  0.7080  0.10
 1571.0  0.  2.84E-11  0.0240  0.79
 6851.3  0.  2.54E-11  2.9200  0.09
 7246.1  0.  1.32E-11  3.5100  0.07
    6.8  1.  1.03E-07  0.2170  0.27
   16.5  0.  2.45E-07  0.3810  0.32
   31.0  0.  1.09E-07  0.5180  0.27
   49.1  1.  1.52E-08  0.1820  0.30
   69.5  0.  3.25E-08  1.3600  0.13
   90.6  1.  5.50E-09  0.1430  0.37
  160.2  1.  5.13E-09  0.6570  0.16
  184.7  1.  3.85E-09  0.7220  0.15
  209.3  1.  2.81E-09  0.7590  0.15
  244.4  1.  1.76E-09  0.7320  0.16
  271.0  1.  1.30E-09  0.7640  0.15
  298.0  1.  1.02E-09  0.8100  0.13
  354.8  1.  7.19E-10  0.8870  0.12
  384.2  1.  1.61E-10  0.1500  0.22
 1011.0  1.  4.64E-10  0.9710  0.12
 1097.0  1.  3.31E-10  0.9240  0.14
 1185.0  1.  2.49E-10  0.9310  0.15
 1299.0  1.  1.68E-10  0.9100  0.14
 1396.0  1.  1.01E-10  0.8050  0.15
 1496.0  0.  1.17E-10  1.2100  0.35
 1634.0  1.  2.91E-11  0.8840  0.13
 1721.0  0.  1.45E-11  0.0350  0.80
 7482.0  1.  3.07E-12  0.9670  0.03
 7894.8  1.  1.46E-12  0.1830  0.39
    7.4  1.  8.56E-08  0.1320  0.26
   15.6  0.  1.18E-07  0.3590  0.19
   33.7  0.  8.54E-08  0.3970  0.32
   51.2  1.  1.80E-08  0.2720  0.18
   72.4  1.  8.22E-09  0.1610  0.32
   95.0  0.  2.15E-08  1.5400  0.11
  119.3  1.  3.65E-09  0.1470  0.37
  194.5  1.  3.91E-09  0.6990  0.15
  221.8  1.  2.92E-09  0.7190  0.15
  248.3  1.  2.23E-09  0.8060  0.14
  286.0  1.  1.39E-09  0.7350  0.16
  314.4  1.  1.04E-09  0.7610  0.15
  343.6  1.  8.28E-10  0.8090  0.13
  403.0  1.  5.60E-10  0.7870  0.14
  435.2  1.  1.52E-10  0.2990  0.08
 1133.0  1.  4.03E-10  1.0400  0.11
 1244.0  1.  2.74E-10  0.9230  0.14
 1317.0  1.  2.18E-10  0.9900  0.14
 1437.0  1.  1.49E-10  0.9680  0.13
 1539.0  1.  8.70E-11  0.8020  0.15
 1644.0  0.  1.02E-10  1.2200  0.35
 1788.0  1.  2.54E-11  0.8830  0.13
 1880.0  0.  1.28E-11  0.0330  0.81
 8141.0  1.  2.77E-12  1.0100  0.02
 8571.9  1.  1.32E-12  0.2190  0.37
    7.9  0.  2.52E-07  0.7010  0.25
   16.2  1.  2.21E-08  0.0330  0.45
   30.6  0.  4.10E-08  0.3660  0.17
   54.8  0.  3.53E-08  0.2430  0.39
   75.0  1.  1.04E-08  0.2850  0.17
   99.0  1.  1.23E-08  0.4110  0.21
  125.0  1.  9.47E-09  0.4580  0.21
  151.1  1.  4.71E-09  0.2800  0.28
  233.6  1.  3.02E-09  0.6970  0.15
  262.1  1.  2.34E-09  0.7640  0.14
  290.0  1.  1.76E-09  0.8050  0.14
  331.0  1.  1.14E-09  0.7730  0.15
  361.0  1.  8.66E-10  0.8050  0.14
  392.0  1.  6.61E-10  0.7620  0.14
  457.0  1.  4.41E-10  0.6980  0.16
  489.3  1.  1.18E-10  0.2110  0.15
 1262.0  1.  3.61E-10  1.1600  0.09
 1360.0  1.  2.45E-10  0.9780  0.13
 1470.0  1.  1.87E-10  0.9880  0.14
 1582.0  1.  1.33E-10  1.0300  0.12
 1690.0  1.  7.84E-11  0.8480  0.14
 1800.0  0.  8.90E-11  1.2000  0.35
 1960.0  1.  2.29E-11  0.9360  0.12
 2046.0  0.  1.12E-11  0.0340  0.81
 8828.0  1.  2.46E-12  1.0200  0.02
 9277.7  1.  9.79E-13  0.6640  0.14
    7.9  1.  8.89E-08  0.1270  0.24
   17.1  1.  5.65E-08  0.1940  0.23
   33.5  1.  3.06E-08  0.2010  0.22
   51.3  0.  2.27E-08  0.5740  0.10
   79.5  0.  1.93E-08  0.1950  0.42
  102.0  0.  1.27E-08  0.1260  0.47
  129.0  1.  3.58E-09  0.1940  0.29
  158.0  0.  1.17E-08  1.9800  0.07
  186.1  1.  1.78E-09  0.1120  0.42
  275.0  1.  2.41E-09  0.7390  0.14
  305.0  1.  1.86E-09  0.7620  0.14
  336.0  1.  1.41E-09  0.8040  0.14
  379.0  1.  9.54E-10  0.8130  0.14
  411.0  1.  7.12E-10  0.8030  0.14
  444.0  1.  5.34E-10  0.7180  0.15
  512.0  1.  3.62E-10  0.6580  0.17
  546.6  1.  1.05E-10  0.2520  0.12
 1397.0  1.  3.10E-10  1.1700  0.09
 1486.0  1.  1.56E-10  0.5720  0.15
 1603.0  1.  1.32E-10  0.6820  0.13
 1735.0  1.  9.08E-11  0.5110  0.17
 1846.0  0.  3.45E-10  2.8400  0.11
 1962.0  1.  5.01E-11  0.7140  0.11
 2119.0  1.  1.92E-11  0.1170  0.42
 2219.0  1.  1.95E-11  1.2000  0.00
 9544.0  0.  1.68E-11  3.5200  0.05
10012.1  1.  1.45E-12  0.6350  0.15
    7.6  0.  1.65E-07  0.4520  0.28
   18.2  0.  8.42E-08  0.6190  0.16
   35.3  1.  1.89E-08  0.2200  0.21
   54.9  1.  1.48E-08  0.2160  0.21
   76.0  0.  1.13E-08  0.5180  0.09
  108.0  0.  1.16E-08  0.1850  0.44
  133.0  0.  8.68E-09  0.1380  0.46
  162.0  1.  2.45E-09  0.1630  0.32
  193.0  0.  9.24E-09  2.2500  0.05
  225.0  0.  2.41E-09  0.0270  0.79
  321.0  1.  1.92E-09  0.7380  0.14
  352.0  1.  1.50E-09  0.7610  0.14
  384.0  1.  1.16E-09  0.8030  0.14
  430.0  1.  8.08E-10  0.8560  0.13
  464.0  1.  6.09E-10  0.8500  0.13
  499.0  1.  4.48E-10  0.7180  0.15
  571.3  1.  3.00E-10  0.6220  0.18
  607.0  1.  7.90E-11  0.1600  0.19
 1541.0  1.  2.78E-10  1.2500  0.08
 1648.0  1.  1.92E-10  1.0400  0.12
 1756.0  1.  1.51E-10  1.1100  0.12
 1894.0  1.  1.05E-10  1.0900  0.11
 2011.0  1.  6.04E-11  0.8490  0.14
 2131.0  0.  6.91E-11  1.2100  0.35
 2295.0  1.  1.84E-11  0.9910  0.11
 2399.0  0.  9.03E-12  0.0420  0.79
10290.0  1.  2.61E-12  0.5680  0.16
10775.3  1.  1.39E-12  0.7290  0.13
    7.7  0.  1.65E-07  0.4520  0.28
   20.3  0.  8.42E-08  0.6190  0.16
   36.8  0.  8.42E-08  0.6190  0.16
   57.4  1.  1.89E-08  0.2200  0.21
   79.9  1.  1.48E-08  0.2160  0.21
  103.0  0.  1.13E-08  0.5180  0.09
  139.0  0.  1.16E-08  0.1850  0.44
  167.0  0.  8.68E-09  0.1380  0.46
  199.0  1.  2.45E-09  0.1630  0.32
  232.0  0.  9.24E-09  2.2500  0.05
  266.1  0.  2.41E-09  0.0270  0.79
  368.8  1.  1.92E-09  0.7380  0.14
  401.0  1.  1.50E-09  0.7610  0.14
  435.0  1.  1.16E-09  0.8030  0.14
  484.0  1.  8.08E-10  0.8560  0.13
  520.0  1.  6.09E-10  0.8500  0.13
  557.0  1.  4.48E-10  0.7180  0.15
  633.0  1.  3.00E-10  0.6220  0.18
  670.6  1.  7.90E-11  0.1600  0.19
 1690.0  1.  2.78E-10  1.2500  0.08
 1793.0  1.  1.92E-10  1.0400  0.12
 1905.0  1.  1.51E-10  1.1100  0.12
 2045.0  1.  1.05E-10  1.0900  0.11
 2173.0  1.  6.04E-11  0.8490  0.14
 2298.0  0.  6.91E-11  1.2100  0.35
 2459.0  1.  1.84E-11  0.9910  0.11
 2585.0  0.  9.03E-12  0.0420  0.79
11060.0  1.  2.61E-12  0.5680  0.16
11570.0  1.  1.39E-12  0.7290  0.13
    9.4  0.  1.65E-07  0.4520  0.28
   18.0  0.  8.42E-08  0.6190  0.16
   39.7  0.  8.42E-08  0.6190  0.16
   59.4  0.  8.42E-08  0.6190  0.16
   82.6  1.  1.89E-08  0.2200  0.21
  108.0  1.  1.48E-08  0.2160  0.21
  136.0  0.  1.13E-08  0.5180  0.09
  175.0  0.  1.16E-08  0.1850  0.44
  203.0  0.  8.68E-09  0.1380  0.46
  238.0  1.  2.45E-09  0.1630  0.32
  274.0  0.  9.24E-09  2.2500  0.05
  310.8  0.  2.41E-09  0.0270  0.79
  419.7  1.  1.92E-09  0.7380  0.14
  454.0  1.  1.50E-09  0.7610  0.14
  490.0  1.  1.16E-09  0.8030  0.14
  542.0  1.  8.08E-10  0.8560  0.13
  579.0  1.  6.09E-10  0.8500  0.13
  619.0  1.  4.48E-10  0.7180  0.15
  698.0  1.  3.00E-10  0.6220  0.18
  737.4  1.  7.90E-11  0.1600  0.19
 1846.0  1.  2.78E-10  1.2500  0.08
 1953.0  1.  1.92E-10  1.0400  0.12
 2070.0  1.  1.51E-10  1.1100  0.12
 2216.0  1.  1.05E-10  1.0900  0.11
 2363.0  1.  6.04E-11  0.8490  0.14
 2479.0  0.  6.91E-11  1.2100  0.35
 2647.0  1.  1.84E-11  0.9910  0.11
 2780.0  0.  9.03E-12  0.0420  0.79
11870.0  1.  2.61E-12  0.5680  0.16
12390.0  1.  1.39E-12  0.7290  0.13
! Collisional Ionisation Data Verner
!  - CLOUDY -  Voronov '97  ADNDT 65 1
1.31e5 2.83e5 5.56e5 ! Li
1.31E5 2.83E5 5.56E5 7.48E5 ! Be
1.31E5 2.83E5 5.56E5 7.48E5 4.55E6 ! B
1.31E5 2.83E5 5.56E5 7.48E5 4.55E6 5.68E6 ! C
1.68e5 3.43e5 5.50e5 8.99e5 1.14e6 6.41e6 7.74e6 ! N
1.58E5 4.07E5 6.37E5 8.98E5 1.32E6 1.60E6 8.57E6 1.01E7 ! 0
2.50E5 4.76E5 7.37E5 1.13E6 1.47E6 1.83E6 2.40E6 2.77E6 1.39E7 ! F
2.50E5 4.76E5 7.37E5 1.13E6 1.47E6 1.83E6 2.40E6 2.77E6 1.39E7 2 1.58E7 ! Ne
8.87E4 1.74E5 9.30E5 1.26E6 1.64E6 2.17E6 2.61E6 3.09E6 3.81E6 4.25E6 2.04E7 ! Na
8.87E4 1.74E5 9.30E5 1.26E6 1.64E6 2.17E6 2.61E6 3.09E6 3.81E6 4.25E6 2.04E7 2.27E7 ! Mg
9.46E4 1.90E5 3.88E5 5.24E5 1.93E6 2.38E6 2.86E6 3.52E6 4.07E6 4.66E6 5.52E6 6.07E6 2.83E7 ! Al
9.46E4 1.90E5 3.88E5 5.24E5 1.93E6 2.38E6 2.86E6 3.52E6 4.07E6 4.66E6 5.52E6 6.07E6 2.83E7 3.10E7 ! Si
1.20E5 2.71E5 4.06E5 5.49E5 8.47E5 1.02E6 3.26E6 3.81E6 4.40E6 5.19E6 5.86E6 6.55E6 7.56E6 8.02E6 3.74E7 ! P
1.20E5 2.71E5 4.06E5 5.49E5 8.47E5 1.02E6 3.26E6 3.81E6 4.40E6 5.19E6 5.86E6 6.55E6 7.56E6 8.02E6 3.74E7 4.05E7 ! S
1.83E5 3.21E5 4.75E5 6.94E5 8.70E5 1.06E6 1.44E6 1.66E6 4.90E6 5.56E6 6.25E6 7.17E6 7.96E6 8.77E6 9.92E6 1.07E7 4.78E7 ! Cl
1.83E5 3.21E5 4.75E5 6.94E5 8.70E5 1.06E6 1.44E6 1.66E6 4.90E6 5.56E6 6.25E6 7.17E6 7.96E6 8.77E6 9.92E6 1.07E7 4.78E7 5.14E7 ! Ar
7.09E4 1.38E5 5.94E5 7.81E5 9.79E5 1.27E6 1.49E6 1.66E6 2.18E6 2.45E6 6.87E6 7.61E6 8.43E6 9.48E6 1.04E7 1.13E7 1.26E7 1.34E7 5.95E7 ! K
7.09E4 1.38E5 5.94E5 7.81E5 9.79E5 1.27E6 1.49E6 1.66E6 2.18E6 2.45E6 6.87E6 7.61E6 8.43E6 9.48E6 1.04E7 1.13E7 1.26E7 1.34E7 5.95E7 6.35E7 ! Ca
9.13E4 1.88E5 3.56E5 6.36E5 8.70E5 1.15E6 1.45E6 1.75E6 2.73E6 3.04E6 3.37E6 3.84E6 4.19E6 4.55E6 5.30E6 5.68E6 1.47E7 1.58E7 1.69E7 1.84E7 1.96E7 ! Sc
9.13E4 1.88E5 3.56E5 6.36E5 8.70E5 1.15E6 1.45E6 1.75E6 2.73E6 3.04E6 3.37E6 3.84E6 4.19E6 4.55E6 5.30E6 5.68E6 1.47E7 1.58E7 1.69E7 1.84E7 1.96E7 2.09E7 ! Ti
9.13E4 1.88E5 3.56E5 6.36E5 8.70E5 1.15E6 1.45E6 1.75E6 2.73E6 3.04E6 3.37E6 3.84E6 4.19E6 4.55E6 5.30E6 5.68E6 1.47E7 1.58E7 1.69E7 1.84E7 1.96E7 2.09E7 2.26E7 ! V
9.13E4 1.88E5 3.56E5 6.36E5 8.70E5 1.15E6 1.45E6 1.75E6 2.73E6 3.04E6 3.37E6 3.84E6 4.19E6 4.55E6 5.30E6 5.68E6 1.47E7 1.58E7 1.69E7 1.84E7 1.96E7 2.09E7 2.26E7 2.35E7 ! Cr
9.13E4 1.88E5 3.56E5 6.36E5 8.70E5 1.15E6 1.45E6 1.75E6 2.73E6 3.04E6 3.37E6 3.84E6 4.19E6 4.55E6 5.30E6 5.68E6 1.47E7 1.58E7 1.69E7 1.84E7 1.96E7 2.09E7 2.26E7 2.35E7 1.02E8 ! Mn
9.13E4 1.88E5 3.56E5 6.36E5 8.70E5 1.15E6 1.45E6 1.75E6 2.73E6 3.04E6 3.37E6 3.84E6 4.19E6 4.55E6 5.30E6 5.68E6 1.47E7 1.58E7 1.69E7 1.84E7 1.96E7 2.09E7 2.26E7 2.35E7 1.02E8 1.08E8 ! Fe
2.11E5 4.08E5 6.37E5 8.76E5 1.25E6 1.54E6 1.88E6 2.24E6 2.60E6 3.73E6 4.09E6 4.46E6 4.99E6 5.39E6 5.79E6 6.63E6 7.04E6 1.80E7 1.91E7 2.04E7 2.20E7 2.33E7 2.47E7 2.66E7 2.78E7 1.19E8 1.25E8 ! Co
8.86E4 2.11E5 4.08E5 6.37E5 8.76E5 1.25E6 1.54E6 1.88E6 2.24E6 2.60E6 3.73E6 4.09E6 4.46E6 4.99E6 5.39E6 5.79E6 6.63E6 7.04E6 1.80E7 1.91E7 2.04E7 2.20E7 2.33E7 2.47E7 2.66E7 2.78E7 1.19E8 1.25E8 ! Ni
8.86E4 2.11E5 4.08E5 6.37E5 8.76E5 1.25E6 1.54E6 1.88E6 2.24E6 2.60E6 3.73E6 4.09E6 4.46E6 4.99E6 5.39E6 5.79E6 6.63E6 7.04E6 1.80E7 1.91E7 2.04E7 2.20E7 2.33E7 2.47E7 2.66E7 2.78E7 1.19E8 1.25E8 1.25E8 ! Co
8.86E4 2.11E5 4.08E5 6.37E5 8.76E5 1.25E6 1.54E6 1.88E6 2.24E6 2.60E6 3.73E6 4.09E6 4.46E6 4.99E6 5.39E6 5.79E6 6.63E6 7.04E6 1.80E7 1.91E7 2.04E7 2.20E7 2.33E7 2.47E7 2.66E7 2.78E7 1.19E8 1.25E8 1.25E8 1.25E8 ! Zn
! collisional heating rates from Shull and van Steenberg  Ap.J. Sup 48  95.