 0.156E-01 0.541E-02 0.266E-02 0.154E-02 0.974E-03 0.657E-03 0.465E-03
 0.192E-01 0.666E-02 0.328E-02 0.190E-02 0.120E-02 0.811E-03 0.573E-03
 0.240E-01 0.832E-02 0.411E-02 0.237E-02 0.151E-02 0.102E-02 0.719E-03
 0.305E-01 0.106E-01 0.524E-02 0.303E-02 0.193E-02 0.130E-02 0.917E-03
 0.397E-01 0.138E-01 0.683E-02 0.396E-02 0.252E-02 0.170E-02 0.119E-02
 0.530E-01 0.184E-01 0.914E-02 0.531E-02 0.338E-02 0.228E-02 0.158E-02
 0.731E-01 0.254E-01 0.127E-01 0.737E-02 0.469E-02 0.312E-02 0.204E-02
 0.105E+00 0.366E-01 0.183E-01 0.107E-01 0.673E-02 0.425E-02
 0.159E+00 0.555E-01 0.278E-01 0.162E-01 0.976E-02
 0.259E+00 0.904E-01 0.455E-01 0.255E-01
 0.468E+00 0.163E+00 0.802E-01
 0.100E+01 0.339E+00
 0.286E+01

!Hummer&Storey,1987
!Te=1.e4 Ne=1.e2 Case B 
!line: nl=2 to 8
!col:  nu=15 to 3
