   0.2810  -0.8930  -0.0830  -0.0140  -1.6000  57902.0000  1.0000
   0.6410  -0.8960  -0.0810  -0.0150  -1.6255  35279.0000  1.0000
   0.3450  -0.8870  -0.0880  -0.0140  -1.5606  34350.0000  1.0000
   0.3550  -0.8880  -0.0880  -0.0160  -1.6221  36731.0000  1.0000
   0.3720  -0.8960  -0.0810  -0.0150  -1.6257   9227.0000  1.0000
   0.2390  -0.8960  -0.0810  -0.0150  -1.6254   3726.0000  0.3570
   0.2390  -0.8960  -0.0810  -0.0150  -1.6254   3735.9600  0.0410
   0.2390  -0.8960  -0.0810  -0.0150  -1.6254   3738.8000  0.3570
   0.2390  -0.8960  -0.0810  -0.0150  -1.6254   3777.3200  0.2450
   0.2790  -0.9010  -0.0720  -0.0190  -1.6016  37607.0000  1.0000
   0.3080  -0.9010  -0.0720  -0.0190  -1.6015   1041.0000  1.0000
   0.3600  -0.8940  -0.0770  -0.0180  -1.5621   1044.0000  1.0000
   1.7310  -0.9000  -0.0780  -0.0160  -1.6598  18713.0000  1.0000
   0.2760  -0.8810  -0.0920  -0.0170  -1.5798  19631.0000  1.0000
   0.9840  -0.8810  -0.0920  -0.0170  -1.5801  18020.0000  1.0000
   0.3370  -0.8670  -0.1010  -0.0210  -1.5826  20927.0000  1.0000
   0.9020  -0.8910  -0.0850  -0.0170  -1.6545  20049.0000  1.0000
   0.2500  -0.8470  -0.1190  -0.0190  -1.5650  24138.0000  1.0000
   0.7660  -0.9000  -0.0780  -0.0160  -1.6596   4714.4100  0.3570
   0.7660  -0.9000  -0.0780  -0.0160  -1.6596   4772.9300  0.2450
   0.4370  -0.8810  -0.0920  -0.0170  -1.5797   4553.7700  0.0100
   0.4370  -0.8810  -0.0920  -0.0170  -1.5797   4567.8300  0.0900
   0.4370  -0.8810  -0.0920  -0.0170  -1.5797   4575.0500  0.4000
   0.4370  -0.8810  -0.0920  -0.0170  -1.5797   4579.2000  0.0170
   0.4370  -0.8810  -0.0920  -0.0170  -1.5797   4598.0100  0.1070
   0.4370  -0.8810  -0.0920  -0.0170  -1.5797   4612.3400  0.2100
   0.4370  -0.8810  -0.0920  -0.0170  -1.5797   4625.9500  0.0830
   0.4370  -0.8810  -0.0920  -0.0170  -1.5797   4645.1500  0.0830
   0.3650  -0.8910  -0.0850  -0.0170  -1.6542   4769.3800  0.5710
   0.5890  -0.9050  -0.0700  -0.0180  -1.6294  24916.0000  1.0000
   0.2780  -0.8910  -0.0790  -0.0180  -1.5739  28105.0000  1.0000
   0.2730  -0.8960  -0.0780  -0.0170  -1.6246  25778.0000  1.0000
   0.9630  -0.9050  -0.0700  -0.0180  -1.6295  19903.0000  1.0000
   0.2040  -0.9050  -0.0700  -0.0180  -1.6296  17829.0000  1.0000
   0.3940  -0.8910  -0.0790  -0.0180  -1.5738  19404.0000  1.0000
   0.2750  -0.8850  -0.0820  -0.0220  -1.5802  19045.0000  1.0000
   0.4430  -0.8960  -0.0780  -0.0170  -1.6250  19236.0000  1.0000
   0.5970  -0.9050  -0.0700  -0.0180  -1.6294   3681.0400  0.2450
   0.5970  -0.9050  -0.0700  -0.0180  -1.6294   3692.2700  0.1000
   0.5970  -0.9050  -0.0700  -0.0180  -1.6294   3693.3900  0.3570
   0.5970  -0.9050  -0.0700  -0.0180  -1.6294   3705.6200  0.0410
   0.5970  -0.9050  -0.0700  -0.0180  -1.6294   3705.7400  0.1600
   0.5970  -0.9050  -0.0700  -0.0180  -1.6294   3726.4500  0.0400
   0.5970  -0.9050  -0.0700  -0.0180  -1.6294   3755.0100  0.0520
   0.5970  -0.9050  -0.0700  -0.0180  -1.6294   3780.5800  0.0020
   0.2420  -0.8920  -0.0790  -0.0180  -1.5739   3572.3800  0.0830
   0.2420  -0.8920  -0.0790  -0.0180  -1.5739   3584.9300  0.0830
   0.2420  -0.8920  -0.0790  -0.0180  -1.5739   3589.4900  0.2100
   0.2420  -0.8920  -0.0790  -0.0180  -1.5739   3601.0600  0.4000
   0.2420  -0.8920  -0.0790  -0.0180  -1.5739   3603.2400  0.1070
   0.2420  -0.8920  -0.0790  -0.0180  -1.5739   3611.6000  0.0900
   0.2420  -0.8920  -0.0790  -0.0180  -1.5739   3616.0100  0.0170
   0.2420  -0.8920  -0.0790  -0.0180  -1.5739   3625.5200  0.0100
   0.2940  -0.8960  -0.0780  -0.0170  -1.6246   3676.2300  0.5710
   0.2940  -0.8960  -0.0780  -0.0170  -1.6246   3682.0200  0.4000
   0.2940  -0.8960  -0.0780  -0.0170  -1.6246   3720.7200  0.0290
   0.5880  -0.9050  -0.0700  -0.0180  -1.6297   1136.0000  1.0000
   0.8330  -0.8920  -0.0790  -0.0180  -1.5740   1142.0000  1.0000
   0.3530  -0.8950  -0.0780  -0.0180  -1.6243   1189.2000  0.0670
   0.3530  -0.8950  -0.0780  -0.0180  -1.6243   1193.2100  0.6000
   0.3530  -0.8950  -0.0780  -0.0180  -1.6243   1197.9200  0.3330
   0.2860  -0.9130  -0.0610  -0.0190  -1.6079   7491.4100  0.1390
   0.2860  -0.9130  -0.0610  -0.0190  -1.6079   7604.6300  0.1500
   0.2860  -0.9130  -0.0610  -0.0190  -1.6079   7617.3700  0.0280
   0.2860  -0.9130  -0.0610  -0.0190  -1.6079   7728.8000  0.0440
   0.2860  -0.9130  -0.0610  -0.0190  -1.6079   7745.0200  0.3500
   0.2860  -0.9130  -0.0610  -0.0190  -1.6079   7862.9500  0.1390
   0.2860  -0.9130  -0.0610  -0.0190  -1.6079   7873.8700  0.1500
   0.3240  -0.9130  -0.0610  -0.0190  -1.6081   1843.9100  0.0830
   0.3240  -0.9130  -0.0610  -0.0190  -1.6081   1846.0000  0.4000
   0.3240  -0.9130  -0.0610  -0.0190  -1.6081   1848.8200  0.0830
   0.3240  -0.9130  -0.0610  -0.0190  -1.6081   1849.3800  0.2100
   0.3240  -0.9130  -0.0610  -0.0190  -1.6081   1857.5700  0.0830
   0.3240  -0.9130  -0.0610  -0.0190  -1.6081   1857.9500  0.1070
   0.3240  -0.9130  -0.0610  -0.0190  -1.6081   1862.9400  0.0170
   0.3240  -0.9130  -0.0610  -0.0190  -1.6081   1866.2200  0.0100
   0.3850  -0.9130  -0.0610  -0.0190  -1.6081   1738.7400  0.1390
   0.3850  -0.9130  -0.0610  -0.0190  -1.6081   1744.2800  0.0280
   0.3850  -0.9130  -0.0610  -0.0190  -1.6081   1744.4200  0.1500
   0.3850  -0.9130  -0.0610  -0.0190  -1.6081   1751.2200  0.0440
   0.3850  -0.9130  -0.0610  -0.0190  -1.6081   1751.7000  0.3500
   0.3850  -0.9130  -0.0610  -0.0190  -1.6081   1756.8400  0.0830
   0.3850  -0.9130  -0.0610  -0.0190  -1.6081   1758.5500  0.1500
   5.3970  -0.8800  -0.0920  -0.0230  -1.6826   8590.7400  0.0020
   5.3970  -0.8800  -0.0920  -0.0230  -1.6826   8656.5500  0.0410
   5.3970  -0.8800  -0.0920  -0.0230  -1.6826   8719.0200  0.0030
   5.3970  -0.8800  -0.0920  -0.0230  -1.6826   8812.6300  0.0520
   5.3970  -0.8800  -0.0920  -0.0230  -1.6826   8881.9000  0.2450
   5.3970  -0.8800  -0.0920  -0.0230  -1.6826   8958.7600  0.0400
   5.3970  -0.8800  -0.0920  -0.0230  -1.6826   9057.6200  0.1600
   5.3970  -0.8800  -0.0920  -0.0230  -1.6826   9094.2800  0.1000
   5.3970  -0.8800  -0.0920  -0.0230  -1.6826   9095.9500  0.3570
   0.8700  -0.8710  -0.0990  -0.0220  -1.6221   9383.8600  0.0570
   0.8700  -0.8710  -0.0990  -0.0220  -1.6221   9432.2200  0.3430
   0.8700  -0.8710  -0.0990  -0.0220  -1.6221   9564.0500  0.0700
   0.8700  -0.8710  -0.0990  -0.0220  -1.6221   9649.2400  0.1730
   0.8700  -0.8710  -0.0990  -0.0220  -1.6221   9700.3800  0.0570
   0.8700  -0.8710  -0.0990  -0.0220  -1.6221   9748.3100  0.0500
   0.8700  -0.8710  -0.0990  -0.0220  -1.6221   9853.2900  0.0800
   0.8700  -0.8710  -0.0990  -0.0220  -1.6221   9908.9600  0.0500
   0.8700  -0.8710  -0.0990  -0.0220  -1.6221   9943.7400  0.0700
   0.8700  -0.8710  -0.0990  -0.0220  -1.6221  10017.4000  0.0500
   3.1380  -0.8710  -0.0990  -0.0220  -1.6221   8636.1600  0.0100
   3.1380  -0.8710  -0.0990  -0.0220  -1.6221   8705.5600  0.0900
   3.1380  -0.8710  -0.0990  -0.0220  -1.6221   8712.9000  0.0170
   3.1380  -0.8710  -0.0990  -0.0220  -1.6221   8747.1700  0.4000
   3.1380  -0.8710  -0.0990  -0.0220  -1.6221   8796.6600  0.1070
   3.1380  -0.8710  -0.0990  -0.0220  -1.6221   8868.6900  0.2100
   3.1380  -0.8710  -0.0990  -0.0220  -1.6221   8883.7300  0.0830
   3.1380  -0.8710  -0.0990  -0.0220  -1.6221   8970.8400  0.0830
   0.3490  -0.8600  -0.1060  -0.0250  -1.6110   8553.0400  0.4000
   0.3490  -0.8600  -0.1060  -0.0250  -1.6110   8772.9700  0.0900
   0.3490  -0.8600  -0.1060  -0.0250  -1.6110   8829.9900  0.2100
   0.3490  -0.8600  -0.1060  -0.0250  -1.6110   9015.7300  0.0100
   0.3490  -0.8600  -0.1060  -0.0250  -1.6110   9075.9600  0.1070
   0.3490  -0.8600  -0.1060  -0.0250  -1.6110   9215.0500  0.0170
   0.3490  -0.8600  -0.1060  -0.0250  -1.6110   9366.2300  0.0830
   0.3490  -0.8600  -0.1060  -0.0250  -1.6110   9514.4300  0.0830
   0.4050  -0.8610  -0.1050  -0.0250  -1.6113   7985.8900  0.3500
   0.4050  -0.8610  -0.1050  -0.0250  -1.6113   8033.1300  0.1500
   0.4050  -0.8610  -0.1050  -0.0250  -1.6113   8122.9600  0.1500
   0.4050  -0.8610  -0.1050  -0.0250  -1.6113   8171.8300  0.0440
   0.4050  -0.8610  -0.1050  -0.0250  -1.6113   8321.9200  0.1390
   0.4050  -0.8610  -0.1050  -0.0250  -1.6113   8406.4000  0.1390
   0.4050  -0.8610  -0.1050  -0.0250  -1.6113   8565.3200  0.0280
   1.0990  -0.8600  -0.1060  -0.0250  -1.6110   9763.6500  0.5000
   1.0990  -0.8600  -0.1060  -0.0250  -1.6110   9834.3500  0.3330
   1.0990  -0.8600  -0.1060  -0.0250  -1.6110  10176.1000  0.1670
   2.8000  -0.8740  -0.0970  -0.0230  -1.6768   9056.5600  0.0290
   2.8000  -0.8740  -0.0970  -0.0230  -1.6768   9413.5700  0.4000
   2.8000  -0.8740  -0.0970  -0.0230  -1.6768   9787.2000  0.5710
   0.5020  -0.8010  -0.1460  -0.0340  -1.5660   9619.4900  0.0400
   0.5020  -0.8010  -0.1460  -0.0340  -1.5660   9730.0800  0.5600
   0.5020  -0.8010  -0.1460  -0.0340  -1.5660  10023.2000  0.3600
   0.5020  -0.8010  -0.1460  -0.0340  -1.5660  10143.4000  0.0400
   0.8870  -0.8010  -0.1460  -0.0340  -1.5661  12212.0000  1.0000
   0.5310  -0.8490  -0.1230  -0.0130  -1.5860   9350.9200  0.6670
   0.5310  -0.8490  -0.1230  -0.0130  -1.5860   9720.1400  0.3330
   1.4500  -0.8800  -0.0920  -0.0230  -1.6826   1861.1400  0.0020
   1.4500  -0.8800  -0.0920  -0.0230  -1.6826   1864.2100  0.0410
   1.4500  -0.8800  -0.0920  -0.0230  -1.6826   1868.6300  0.0030
   1.4500  -0.8800  -0.0920  -0.0230  -1.6826   1872.9000  0.0520
   1.4500  -0.8800  -0.0920  -0.0230  -1.6826   1876.0000  0.2450
   1.4500  -0.8800  -0.0920  -0.0230  -1.6826   1877.3900  0.0400
   1.4500  -0.8800  -0.0920  -0.0230  -1.6826   1881.6900  0.1600
   1.4500  -0.8800  -0.0920  -0.0230  -1.6826   1882.4800  0.1000
   1.4500  -0.8800  -0.0920  -0.0230  -1.6826   1883.8000  0.3570
   0.8150  -0.8710  -0.0990  -0.0220  -1.6220   1793.5400  0.0100
   0.8150  -0.8710  -0.0990  -0.0220  -1.6220   1796.5200  0.0900
   0.8150  -0.8710  -0.0990  -0.0220  -1.6220   1797.2000  0.0170
   0.8150  -0.8710  -0.0990  -0.0220  -1.6220   1798.2800  0.4000
   0.8150  -0.8710  -0.0990  -0.0220  -1.6220   1800.7300  0.1070
   0.8150  -0.8710  -0.0990  -0.0220  -1.6220   1803.1100  0.0830
   0.8150  -0.8710  -0.0990  -0.0220  -1.6220   1803.7300  0.2100
   0.8150  -0.8710  -0.0990  -0.0220  -1.6220   1806.6700  0.0830
   0.3370  -0.8610  -0.1050  -0.0250  -1.6115   1859.3600  0.4000
   0.3370  -0.8610  -0.1050  -0.0250  -1.6115   1871.1000  0.1500
   0.3370  -0.8610  -0.1050  -0.0250  -1.6115   1873.6800  0.2100
   0.3370  -0.8610  -0.1050  -0.0250  -1.6115   1879.8800  0.0100
   0.3370  -0.8610  -0.1050  -0.0250  -1.6115   1882.4800  0.1070
   0.3370  -0.8610  -0.1050  -0.0250  -1.6115   1887.6000  0.0170
   0.3370  -0.8610  -0.1050  -0.0250  -1.6115   1899.8400  0.0830
   0.2490  -0.8600  -0.1060  -0.0250  -1.6110   2001.8700  0.5000
   0.2490  -0.8600  -0.1060  -0.0250  -1.6110   2004.8300  0.3330
   0.2490  -0.8600  -0.1060  -0.0250  -1.6110   2018.6500  0.1670
   0.5340  -0.8740  -0.0970  -0.0230  -1.6770   1920.8400  0.0290
   0.5340  -0.8740  -0.0970  -0.0230  -1.6770   1939.8800  0.4000
   0.5340  -0.8740  -0.0970  -0.0230  -1.6770   1951.7300  0.5710
   0.6230  -0.8000  -0.1460  -0.0340  -1.5658   3823.1500  0.0670
   0.6230  -0.8000  -0.1460  -0.0340  -1.5658   3840.5000  0.6000
   0.6230  -0.8000  -0.1460  -0.0340  -1.5658   3857.8200  0.3330
   0.2750  -0.8490  -0.1240  -0.0130  -1.5858   3708.0000  0.5560
   0.2750  -0.8490  -0.1240  -0.0130  -1.5858   3740.6000  0.1110
   0.2750  -0.8490  -0.1240  -0.0130  -1.5858   3764.7100  0.1110
   0.2750  -0.8490  -0.1240  -0.0130  -1.5858   3798.3200  0.2220
   3.1200  -0.8960  -0.0770  -0.0220  -1.6598  10197.5000  0.0100
   3.1200  -0.8960  -0.0770  -0.0220  -1.6598  10421.6000  0.0170
   3.1200  -0.8960  -0.0770  -0.0220  -1.6598  10527.0400  0.0900
   3.1200  -0.8960  -0.0770  -0.0220  -1.6598  10605.4400  0.1070
   3.1200  -0.8960  -0.0770  -0.0220  -1.6598  10764.2300  0.0830
   3.1200  -0.8960  -0.0770  -0.0220  -1.6598  10862.1700  0.4000
   3.1200  -0.8960  -0.0770  -0.0220  -1.6598  10960.4300  0.0830
   3.1200  -0.8960  -0.0770  -0.0220  -1.6598  10962.2600  0.2100
   1.8650  -0.8860  -0.0830  -0.0210  -1.6092  12079.0000  1.0000
   0.2460  -0.8770  -0.0890  -0.0250  -1.6052   9384.4200  0.5000
   0.2460  -0.8770  -0.0890  -0.0250  -1.6052   9728.7600  0.3330
   0.2460  -0.8770  -0.0890  -0.0250  -1.6052  10026.6700  0.1670
   1.6900  -0.8770  -0.0910  -0.0230  -1.6430  10950.5900  0.0670
   1.6900  -0.8770  -0.0910  -0.0230  -1.6430  11476.8700  0.6000
   1.6900  -0.8770  -0.0910  -0.0230  -1.6430  11682.6500  0.3330
   0.5320  -0.7700  -0.1500  -0.0400  -1.4455   9079.4500  0.1110
   0.5320  -0.7700  -0.1500  -0.0400  -1.4455   9287.5700  0.5560
   0.5320  -0.7700  -0.1500  -0.0400  -1.4455   9577.0200  0.2220
   0.5320  -0.7700  -0.1500  -0.0400  -1.4455   9808.8700  0.1110
   0.2470  -0.8590  -0.1130  -0.0120  -1.5707  10837.9000  0.6670
   0.2470  -0.8590  -0.1130  -0.0120  -1.5707  11554.4700  0.3330
   3.2360  -0.8950  -0.0770  -0.0220  -1.6593   8900.1300  0.2450
   3.2360  -0.8950  -0.0770  -0.0220  -1.6593   9064.5000  0.3570
   3.2360  -0.8950  -0.0770  -0.0220  -1.6593   9071.0700  0.1000
   3.2360  -0.8950  -0.0770  -0.0220  -1.6593   9084.6000  0.1600
   3.2360  -0.8950  -0.0770  -0.0220  -1.6593   9138.5100  0.0410
   3.2360  -0.8950  -0.0770  -0.0220  -1.6593   9210.0100  0.0400
   3.2360  -0.8950  -0.0770  -0.0220  -1.6593   9345.1700  0.0520
   3.2360  -0.8950  -0.0770  -0.0220  -1.6593   9477.9100  0.0030
   3.2360  -0.8950  -0.0770  -0.0220  -1.6593   9608.3500  0.0020
   0.6640  -0.8950  -0.0770  -0.0220  -1.6592   7907.1800  0.0500
   0.6640  -0.8950  -0.0770  -0.0220  -1.6592   7944.9100  0.0700
   0.6640  -0.8950  -0.0770  -0.0220  -1.6592   7968.9600  0.0500
   0.6640  -0.8950  -0.0770  -0.0220  -1.6592   8012.5500  0.0800
   0.6640  -0.8950  -0.0770  -0.0220  -1.6592   8075.9900  0.0500
   0.6640  -0.8950  -0.0770  -0.0220  -1.6592   8090.0500  0.0570
   0.6640  -0.8950  -0.0770  -0.0220  -1.6592   8143.4900  0.1730
   0.6640  -0.8950  -0.0770  -0.0220  -1.6592   8214.5800  0.0700
   0.6640  -0.8950  -0.0770  -0.0220  -1.6592   8286.5700  0.3430
   0.6640  -0.8950  -0.0770  -0.0220  -1.6592   8342.6100  0.0570
   1.3090  -0.8950  -0.0770  -0.0220  -1.6596   8926.4300  0.0830
   1.3090  -0.8950  -0.0770  -0.0220  -1.6596   9060.9400  0.0830
   1.3090  -0.8950  -0.0770  -0.0220  -1.6596   9106.1300  0.0170
   1.3090  -0.8950  -0.0770  -0.0220  -1.6596   9246.1600  0.1070
   1.3090  -0.8950  -0.0770  -0.0220  -1.6596   9404.3200  0.0100
   1.3090  -0.8950  -0.0770  -0.0220  -1.6596   9516.2100  0.2100
   1.3090  -0.8950  -0.0770  -0.0220  -1.6596   9683.8400  0.0900
   1.3090  -0.8950  -0.0770  -0.0220  -1.6596   9966.7000  0.4000
   1.5530  -0.8870  -0.0830  -0.0210  -1.6094   8709.2300  0.0830
   1.5530  -0.8870  -0.0830  -0.0210  -1.6094   8784.2200  0.0830
   1.5530  -0.8870  -0.0830  -0.0210  -1.6094   8796.9100  0.2100
   1.5530  -0.8870  -0.0830  -0.0210  -1.6094   8879.9100  0.1070
   1.5530  -0.8870  -0.0830  -0.0210  -1.6094   8898.8500  0.4000
   1.5530  -0.8870  -0.0830  -0.0210  -1.6094   8957.8900  0.0170
   1.5530  -0.8870  -0.0830  -0.0210  -1.6094   8963.5100  0.0900
   1.5530  -0.8870  -0.0830  -0.0210  -1.6094   9049.7000  0.0100
   1.1190  -0.8770  -0.0890  -0.0240  -1.6054   8413.2100  0.1670
   1.1190  -0.8770  -0.0890  -0.0240  -1.6054   8572.6600  0.3330
   1.1190  -0.8770  -0.0890  -0.0240  -1.6054   8708.4500  0.5000
   1.6860  -0.8770  -0.0910  -0.0230  -1.6430   8749.7000  0.4000
   1.6860  -0.8770  -0.0910  -0.0230  -1.6430   8821.8500  0.5710
   1.6860  -0.8770  -0.0910  -0.0230  -1.6430   9082.4900  0.0290
   0.3350  -0.8770  -0.0910  -0.0230  -1.6431   8206.0400  0.0400
   0.3350  -0.8770  -0.0910  -0.0230  -1.6431   8346.2000  0.3600
   0.3350  -0.8770  -0.0910  -0.0230  -1.6431   8498.0400  0.5600
   0.3350  -0.8770  -0.0910  -0.0230  -1.6431   8648.4700  0.0400
   0.3190  -0.7690  -0.1500  -0.0400  -1.4455   7213.2100  0.3330
   0.3190  -0.7690  -0.1500  -0.0400  -1.4455   7235.2000  0.6000
   0.3190  -0.7690  -0.1500  -0.0400  -1.4455   7343.9500  0.0670
   0.4570  -0.8590  -0.1130  -0.0120  -1.5706   8914.8600  0.3330
   0.4570  -0.8590  -0.1130  -0.0120  -1.5706   9234.1300  0.6670
   0.5220  -0.8950  -0.0770  -0.0220  -1.6592   1376.0600  0.0100
   0.5220  -0.8950  -0.0770  -0.0220  -1.6592   1381.8900  0.0900
   0.5220  -0.8950  -0.0770  -0.0220  -1.6592   1382.7500  0.0170
   0.5220  -0.8950  -0.0770  -0.0220  -1.6592   1385.9400  0.1070
   0.5220  -0.8950  -0.0770  -0.0220  -1.6592   1387.5200  0.4000
   0.5220  -0.8950  -0.0770  -0.0220  -1.6592   1388.4900  0.0830
   0.5220  -0.8950  -0.0770  -0.0220  -1.6592   1391.7000  0.0830
   0.5220  -0.8950  -0.0770  -0.0220  -1.6592   1391.8500  0.2100
   1.6010  -0.8860  -0.0830  -0.0210  -1.6092   1399.5300  0.1500
   1.6010  -0.8860  -0.0830  -0.0210  -1.6092   1403.6800  0.3500
   1.6010  -0.8860  -0.0830  -0.0210  -1.6092   1405.3800  0.1390
   1.6010  -0.8860  -0.0830  -0.0210  -1.6092   1409.7500  0.0440
   1.6010  -0.8860  -0.0830  -0.0210  -1.6092   1411.3100  0.0280
   1.6010  -0.8860  -0.0830  -0.0210  -1.6092   1413.9600  0.1500
   1.6010  -0.8860  -0.0830  -0.0210  -1.6092   1415.7100  0.1390
   0.4870  -0.8770  -0.0910  -0.0230  -1.6428   1460.7200  0.6670
   0.4870  -0.8770  -0.0910  -0.0230  -1.6428   1473.8900  0.3330
   0.4860  -0.7690  -0.1500  -0.0400  -1.4454   2085.4600  0.3330
   0.4860  -0.7690  -0.1500  -0.0400  -1.4454   2096.1100  0.6000
   0.4860  -0.7690  -0.1500  -0.0400  -1.4454   2096.2500  0.0670
   2.1390  -0.8980  -0.0740  -0.0220  -1.6559   3030.7900  0.0830
   2.1390  -0.8980  -0.0740  -0.0220  -1.6559   3035.9200  0.2100
   2.1390  -0.8980  -0.0740  -0.0220  -1.6559   3039.5900  0.4000
   2.1390  -0.8980  -0.0740  -0.0220  -1.6559   3044.0900  0.0830
   2.1390  -0.8980  -0.0740  -0.0220  -1.6559   3059.1100  0.1070
   2.1390  -0.8980  -0.0740  -0.0220  -1.6559   3071.0900  0.0900
   2.1390  -0.8980  -0.0740  -0.0220  -1.6559   3072.6500  0.0170
   2.1390  -0.8980  -0.0740  -0.0220  -1.6559   3094.8200  0.0100
   4.4890  -0.8970  -0.0740  -0.0220  -1.6556   2756.6200  0.1390
   4.4890  -0.8970  -0.0740  -0.0220  -1.6556   2762.9200  0.1500
   4.4890  -0.8970  -0.0740  -0.0220  -1.6556   2770.5700  0.0280
   4.4890  -0.8970  -0.0740  -0.0220  -1.6556   2780.0200  0.0440
   4.4890  -0.8970  -0.0740  -0.0220  -1.6556   2792.0200  0.3500
   4.4890  -0.8970  -0.0740  -0.0220  -1.6556   2794.2200  0.1390
   4.4890  -0.8970  -0.0740  -0.0220  -1.6556   2809.4800  0.1500
   1.4870  -0.8410  -0.1130  -0.0280  -1.5650   3088.1600  0.3330
   1.4870  -0.8410  -0.1130  -0.0280  -1.5650   3094.0100  0.6000
   1.4870  -0.8410  -0.1130  -0.0280  -1.5650   3143.7200  0.0670
   1.2350  -0.8400  -0.1130  -0.0290  -1.5647   3362.7100  0.1110
   1.2350  -0.8400  -0.1130  -0.0290  -1.5647   3377.1500  0.2220
   1.2350  -0.8400  -0.1130  -0.0290  -1.5647   3428.6900  0.5560
   1.2350  -0.8400  -0.1130  -0.0290  -1.5647   3443.7100  0.1110
  23.1100  -0.8700  -0.0980  -0.0310  -1.7909   3218.1900  0.3570
  23.1100  -0.8700  -0.0980  -0.0310  -1.7909   3208.9700  0.0410
  23.1100  -0.8700  -0.0980  -0.0310  -1.7909   3244.1000  0.2450
  23.1100  -0.8700  -0.0980  -0.0310  -1.7909   3154.8000  0.0020
  23.1100  -0.8700  -0.0980  -0.0310  -1.7909   3188.7400  0.0520
  23.1100  -0.8700  -0.0980  -0.0310  -1.7909   3214.3300  0.1600
  23.1100  -0.8700  -0.0980  -0.0310  -1.7909   3173.5700  0.0030
  23.1100  -0.8700  -0.0980  -0.0310  -1.7909   3198.9200  0.0400
  23.1100  -0.8700  -0.0980  -0.0310  -1.7909   3213.7400  0.1000
   3.6340  -0.8760  -0.0940  -0.0260  -1.7557   3320.2000  0.0570
   3.6340  -0.8760  -0.0940  -0.0260  -1.7557   3329.1600  0.3430
   3.6340  -0.8760  -0.0940  -0.0260  -1.7557   3345.8800  0.0700
   3.6340  -0.8760  -0.0940  -0.0260  -1.7557   3357.8200  0.1730
   3.6340  -0.8760  -0.0940  -0.0260  -1.7557   3362.9400  0.0500
   3.6340  -0.8760  -0.0940  -0.0260  -1.7557   3366.9800  0.0570
   3.6340  -0.8760  -0.0940  -0.0260  -1.7557   3374.0600  0.0800
   3.6340  -0.8760  -0.0940  -0.0260  -1.7557   3379.3200  0.0500
   3.6340  -0.8760  -0.0940  -0.0260  -1.7557   3386.2000  0.0700
   3.6340  -0.8760  -0.0940  -0.0260  -1.7557   3390.5500  0.0500
  13.3560  -0.8760  -0.0950  -0.0260  -1.7553   3034.4600  0.4000
  13.3560  -0.8760  -0.0950  -0.0260  -1.7553   3027.0200  0.0900
  13.3560  -0.8760  -0.0950  -0.0260  -1.7553   3047.5600  0.2100
  13.3560  -0.8760  -0.0950  -0.0260  -1.7553   3017.3100  0.0100
  13.3560  -0.8760  -0.0950  -0.0260  -1.7553   3037.7200  0.1070
  13.3560  -0.8760  -0.0950  -0.0260  -1.7553   3054.6800  0.0830
  13.3560  -0.8760  -0.0950  -0.0260  -1.7553   3028.7000  0.0170
  13.3560  -0.8760  -0.0950  -0.0260  -1.7553   3045.5600  0.0830
   1.7960  -0.8690  -0.0980  -0.0260  -1.7036   3117.9800  0.4000
   1.7960  -0.8690  -0.0980  -0.0260  -1.7036   3151.1400  0.0900
   1.7960  -0.8690  -0.0980  -0.0260  -1.7036   3169.3100  0.2100
   1.7960  -0.8690  -0.0980  -0.0260  -1.7036   3176.1200  0.0100
   1.7960  -0.8690  -0.0980  -0.0260  -1.7036   3194.5800  0.1070
   1.7960  -0.8690  -0.0980  -0.0260  -1.7036   3209.3600  0.0170
   1.7960  -0.8690  -0.0980  -0.0260  -1.7036   3217.3000  0.0830
   1.7960  -0.8690  -0.0980  -0.0260  -1.7036   3232.2900  0.0830
   1.6900  -0.8690  -0.0980  -0.0260  -1.7036   2858.0200  0.3500
   1.6900  -0.8690  -0.0980  -0.0260  -1.7036   2872.9600  0.1500
   1.6900  -0.8690  -0.0980  -0.0260  -1.7036   2876.3300  0.1500
   1.6900  -0.8690  -0.0980  -0.0260  -1.7036   2891.4700  0.0440
   1.6900  -0.8690  -0.0980  -0.0260  -1.7036   2906.8200  0.1390
   1.6900  -0.8690  -0.0980  -0.0260  -1.7036   2910.0600  0.1390
   1.6900  -0.8690  -0.0980  -0.0260  -1.7036   2925.6200  0.0280
   4.9950  -0.8690  -0.0980  -0.0260  -1.7034   3542.8500  0.5000
   4.9950  -0.8690  -0.0980  -0.0260  -1.7034   3565.8200  0.3330
   4.9950  -0.8690  -0.0980  -0.0260  -1.7034   3594.1600  0.1670
  11.5820  -0.8680  -0.1010  -0.0300  -1.7878   3367.2200  0.5710
  11.5820  -0.8680  -0.1010  -0.0300  -1.7878   3330.7300  0.0290
  11.5820  -0.8680  -0.1010  -0.0300  -1.7878   3388.4200  0.4000
   2.3530  -0.8540  -0.1120  -0.0280  -1.7618   3393.1800  0.0400
   2.3530  -0.8540  -0.1120  -0.0280  -1.7618   3416.9100  0.5600
   2.3530  -0.8540  -0.1120  -0.0280  -1.7618   3453.0700  0.3600
   2.3530  -0.8540  -0.1120  -0.0280  -1.7618   3477.6500  0.0400
   4.9940  -0.8550  -0.1120  -0.0280  -1.7621   3799.9600  0.0670
   4.9940  -0.8550  -0.1120  -0.0280  -1.7621   3818.4200  0.3330
   4.9940  -0.8550  -0.1120  -0.0280  -1.7621   3829.7500  0.6000
   0.3480  -0.8570  -0.1120  -0.0250  -1.7230   3255.4200  0.6000
   0.3480  -0.8570  -0.1120  -0.0250  -1.7230   3310.5000  0.0670
   0.3480  -0.8570  -0.1120  -0.0250  -1.7230   3353.5700  0.3330
   1.0350  -0.8580  -0.1120  -0.0240  -1.7233   3628.0300  0.6250
   1.0350  -0.8580  -0.1120  -0.0240  -1.7233   3644.8600  0.1250
   1.0350  -0.8580  -0.1120  -0.0240  -1.7233   3679.8200  0.1250
   1.0350  -0.8580  -0.1120  -0.0240  -1.7233   3697.1200  0.2500
   2.6270  -0.8570  -0.1120  -0.0250  -1.7232   3456.6100  0.6670
   2.6270  -0.8570  -0.1120  -0.0250  -1.7232   3503.5800  0.3330
  34.7170  -0.8930  -0.0770  -0.0270  -1.7630   3334.8400  0.4000
  34.7170  -0.8930  -0.0770  -0.0270  -1.7630   3297.7300  0.0900
  34.7170  -0.8930  -0.0770  -0.0270  -1.7630   3355.0200  0.2100
  34.7170  -0.8930  -0.0770  -0.0270  -1.7630   3270.8000  0.0100
  34.7170  -0.8930  -0.0770  -0.0270  -1.7630   3327.1500  0.1070
  34.7170  -0.8930  -0.0770  -0.0270  -1.7630   3360.6000  0.0830
  34.7170  -0.8930  -0.0770  -0.0270  -1.7630   3311.2700  0.0170
  34.7170  -0.8930  -0.0770  -0.0270  -1.7630   3344.4000  0.0830
  21.8830  -0.8980  -0.0740  -0.0240  -1.7205   3664.0700  0.1500
  21.8830  -0.8980  -0.0740  -0.0240  -1.7205   3694.2100  0.3500
  21.8830  -0.8980  -0.0740  -0.0240  -1.7205   3709.6200  0.1390
  21.8830  -0.8980  -0.0740  -0.0240  -1.7205   3734.9400  0.0440
  21.8830  -0.8980  -0.0740  -0.0240  -1.7205   3751.2400  0.0280
  21.8830  -0.8980  -0.0740  -0.0240  -1.7205   3766.2600  0.1500
  21.8830  -0.8980  -0.0740  -0.0240  -1.7205   3777.1400  0.1390
   5.4920  -0.8840  -0.0830  -0.0260  -1.6964   2955.7300  0.5000
   5.4920  -0.8840  -0.0830  -0.0260  -1.6964   3001.6700  0.3330
   5.4920  -0.8840  -0.0830  -0.0260  -1.6964   3028.8600  0.1670
  17.4190  -0.8850  -0.0850  -0.0260  -1.7555   3713.0800  0.6000
  17.4190  -0.8850  -0.0850  -0.0260  -1.7555   3643.9300  0.0670
  17.4190  -0.8850  -0.0850  -0.0260  -1.7555   3727.1100  0.3330
  11.5440  -0.3910  -0.2760  -0.1190  -1.1313   3309.7400  0.1110
  11.5440  -0.3910  -0.2760  -0.1190  -1.1313   3323.7400  0.5560
  11.5440  -0.3910  -0.2760  -0.1190  -1.1313   3378.2200  0.2220
  11.5440  -0.3910  -0.2760  -0.1190  -1.1313   3392.8000  0.1110
   3.0200  -0.8730  -0.0990  -0.0210  -1.7067   3481.9300  0.6670
   3.0200  -0.8730  -0.0990  -0.0210  -1.7067   3557.8100  0.3330
   0.4500  -1.2720   0.0740   0.1210  -1.5981   3224.8200  0.4290
   0.4500  -1.2720   0.0740   0.1210  -1.5981   3229.4600  0.0160
   0.4500  -1.2720   0.0740   0.1210  -1.5981   3229.5700  0.5560
   0.2830  -2.0160   0.6820   0.3770  -2.1705   3092.8700  0.0200
   0.2830  -2.0160   0.6820   0.3770  -2.1705   3092.9000  0.4080
   0.2830  -2.0160   0.6820   0.3770  -2.1705   3097.1300  0.5510
   0.2830  -2.0160   0.6820   0.3770  -2.1705   3097.1700  0.0200
   0.4690  -2.0160   0.6820   0.3760  -2.1705   3404.8200  0.4000
   0.4690  -2.0160   0.6820   0.3760  -2.1705   3406.9500  0.5710
   0.4690  -2.0160   0.6820   0.3760  -2.1705   3406.9900  0.0290
   0.0120  -2.0870   0.7050   0.4460  -2.1853   3134.0700  0.4000
   0.0120  -2.0870   0.7050   0.4460  -2.1853   3135.9700  0.0290
   0.0120  -2.0870   0.7050   0.4460  -2.1853   3140.3600  0.5710
   1.3830  -2.0870   0.7050   0.4460  -2.1852   3454.7700  0.3600
   1.3830  -2.0870   0.7050   0.4460  -2.1852   3457.0100  0.0400
   1.3830  -2.0870   0.7050   0.4460  -2.1852   3457.0800  0.0400
   1.3830  -2.0870   0.7050   0.4460  -2.1852   3459.3200  0.5600
   0.3110  -2.0870   0.7050   0.4460  -2.1854   3333.9400  0.0670
   0.3110  -2.0870   0.7050   0.4460  -2.1854   3336.0900  0.6000
   0.3110  -2.0870   0.7050   0.4460  -2.1854   3360.2700  0.3330
   0.3550  -2.1120   0.7230   0.4590  -2.2108   3537.9700  0.3330
   0.3550  -2.1120   0.7230   0.4590  -2.2108   3539.9000  0.0670
   0.3550  -2.1120   0.7230   0.4590  -2.2108   3542.2400  0.6000
   0.9230  -2.1120   0.7230   0.4590  -2.2108   3411.3600  0.1110
   0.9230  -2.1120   0.7230   0.4590  -2.2108   3413.1500  0.5560
   0.9230  -2.1120   0.7230   0.4590  -2.2108   3438.9300  0.2220
   0.9230  -2.1120   0.7230   0.4590  -2.2108   3440.7500  0.1110
   0.3840  -2.1250   0.7310   0.4670  -2.2115   3362.1600  0.6670
   0.3840  -2.1250   0.7310   0.4670  -2.2115   3388.9400  0.3330
   1.2280  -1.8930   0.6280   0.2950  -2.2645   1907.4900  0.1110
   1.2280  -1.8930   0.6280   0.2950  -2.2645   1916.0800  0.5560
   1.2280  -1.8930   0.6280   0.2950  -2.2645   1930.0300  0.2220
   1.2280  -1.8930   0.6280   0.2950  -2.2645   1938.8300  0.1110
   1.6800  -0.4100  -0.4470  -0.1790  -0.6242   3568.5000  0.5710
   1.6800  -0.4100  -0.4470  -0.1790  -0.6242   3574.1800  0.0290
   1.6800  -0.4100  -0.4470  -0.1790  -0.6242   3574.6100  0.4000
   2.8090  -2.0350   0.6850   0.4040  -2.1908   3230.0700  0.5600
   2.8090  -2.0350   0.6850   0.4040  -2.1908   3230.4200  0.0400
   2.8090  -2.0350   0.6850   0.4040  -2.1908   3232.0200  0.0400
   2.8090  -2.0350   0.6850   0.4040  -2.1908   3232.3700  0.3600
   2.3740  -1.8930   0.6290   0.2950  -2.2649   3319.7200  0.3330
   2.3740  -1.8930   0.6290   0.2950  -2.2649   3345.4500  0.6000
   2.3740  -1.8930   0.6290   0.2950  -2.2649   3345.8300  0.0670
   2.2370  -0.2400  -0.6540  -0.4550  -0.9234   3479.5200  0.3330
   2.2370  -0.2400  -0.6540  -0.4550  -0.9234   3480.7200  0.6670
   2.7050  -0.2580  -0.6080  -0.4150  -0.9247   4440.8000  0.6670
   2.7050  -0.2580  -0.6080  -0.4150  -0.9247   4466.0400  0.3330
