    lambda [um]       Fnu [Jy] 
      36000.0
      0.00000
      24000.0
     0.472517
      16000.0
     0.296750
      13000.0
     0.244819
      11000.0
     0.193553
      7400.00
     0.151763
      5000.00
     0.238969
      3350.00
     0.214095
      2250.00
     0.194528
      1500.00
     0.233690
      1000.00
     0.216713
      700.000
     0.247172
      500.000
     0.308163
      400.000
     0.333845
      300.000
     0.564324
      250.000
     0.950609
      200.000
      1.81614
      150.000
      4.62175
      140.000
      5.80108
      130.000
      7.12570
      120.000
      9.14813
      110.000
      11.9614
      105.000
      13.9004
      100.000
      16.1425
      95.0000
      18.8092
      90.0000
      21.8246
      85.0000
      26.0746
      80.0000
      30.6671
      75.0000
      36.6326
      70.0000
      44.0379
      65.0000
      53.1567
      60.0000
      63.8060
      55.0000
      76.4875
      50.0000
      90.9574
      45.0000
      105.207
      40.0000
      116.023
      35.0000
      115.766
      30.0000
      98.0376
      28.0000
      85.0296
      27.0000
      77.7403
      26.0000
      69.5168
      25.0000
      62.3404
      24.0000
      54.4655
      23.0000
      46.8028
      22.0000
      39.2613
      20.0000
      26.1672
      19.0000
      20.7383
      18.0000
      16.0761
      17.0000
      12.0021
      16.0000
      8.75582
      15.0000
      6.11393
      14.5000
      5.09300
      13.8071
      3.83908
      13.2068
      3.01584
      11.3908
      1.29217
      10.9791
      1.05802
      9.39451
     0.478177
      9.11268
     0.430576
      7.59390
     0.263920
      7.40868
     0.247047
      5.95600
     0.216855
      5.84146
     0.212013
      4.53367
     0.204765
      4.46700
     0.205207
      3.31370
     0.186563
      3.27794
     0.203835
      2.29538
     0.184221
      2.27817
     0.203554
      1.97031
     0.191054
      1.73575
     0.182808
      1.46506
     0.167450
      1.45803
     0.215479
      1.32548
     0.201944
      1.21502
     0.190230
      1.12156
     0.184720
      1.04145
     0.176058
     0.972019
     0.167440
     0.911268
     0.160046
     0.821925
    0.0513539
     0.819706
     0.265981
     0.786932
     0.255472
     0.784899
     0.255882
     0.745840
     0.242080
     0.744014
     0.243012
     0.707891
     0.227227
     0.665062
     0.212952
     0.663609
     0.213289
     0.634720
     0.207242
     0.608242
     0.195460
     0.583884
     0.188327
     0.561402
     0.196839
     0.540587
     0.188583
     0.521261
     0.183653
     0.503268
     0.173993
     0.486477
     0.171397
     0.470769
     0.164969
     0.456044
     0.161705
     0.442213
     0.158210
     0.429196
     0.152943
     0.416923
     0.151015
     0.405332
     0.151146
     0.394369
     0.146247
     0.383983
     0.146637
     0.368442
     0.141317
     0.367996
     0.148407
     0.365033
     0.144827
     0.364595
     0.507508
     0.355700
     0.480035
     0.342582
     0.447771
     0.342196
     0.455363
     0.334349
     0.437730
     0.326854
     0.416723
     0.319687
     0.397909
     0.312517
     0.370541
     0.312196
     0.381093
     0.287566
     0.326974
     0.266538
     0.287900
     0.248376
     0.263862
     0.232531
     0.249529
     0.218587
     0.243035
     0.206220
     0.313392
     0.195178
     0.298469
     0.185258
     0.286863
     0.176298
     0.282766
     0.162242
     0.279141
     0.162156
     0.279432
     0.156984
     0.286161
     0.156902
     0.280711
     0.152167
     0.278881
     0.152091
     0.282400
     0.145999
     0.282257
     0.140376
     0.279691
     0.135171
     0.271985
     0.130337
     0.261589
     0.125838
     0.238247
     0.119723
     0.203471
     0.119676
     0.203872
     0.115872
     0.214182
     0.110150
     0.227655
     0.110110
     0.230992
     0.106882
     0.240920
     0.103837
     0.252475
     0.100961
     0.264360
    0.0982399
     0.274274
    0.0956617
     0.284083
    0.0912058
     0.314113
    0.0911784
     0.315725
    0.0910584
     0.283115
    0.0910311
     0.294184
    0.0888131
     0.256540
    0.0853539
     0.214220
    0.0853299
     0.211856
    0.0824588
     0.192380
    0.0824364
     0.184539
    0.0806133
     0.172074
    0.0786906
     0.157673
    0.0786703
     0.163320
    0.0766001
     0.151304
    0.0765808
     0.157814
    0.0758503
     0.157544
    0.0758314
     0.156481
    0.0742860
     0.155635
    0.0728023
     0.156039
    0.0713767
     0.158346
    0.0700058
     0.160640
    0.0686867
     0.164347
    0.0674163
     0.169646
    0.0661921
     0.175136
    0.0650115
     0.180937
    0.0638723
     0.187073
    0.0627724
     0.250008
    0.0617097
     0.199747
    0.0606823
     0.206657
    0.0596886
     0.213817
    0.0587270
     0.220006
    0.0575175
     0.224489
    0.0575067
     0.229365
    0.0566135
     0.236480
    0.0557476
     0.243856
    0.0549079
     0.251173
    0.0540930
     0.258237
    0.0531530
     0.266605
    0.0531437
     0.266439
    0.0523801
     0.273988
    0.0516380
     0.281109
    0.0508635
     0.292992
    0.0508549
     0.288996
    0.0504092
     0.318861
    0.0504009
     0.314021
    0.0497135
     0.315119
    0.0490446
     0.319128
    0.0483934
     0.322452
    0.0477594
     0.325212
    0.0471417
     0.329350
    0.0465398
     0.335239
    0.0459531
     0.340401
    0.0448797
     0.340573
    0.0448731
     0.350661
    0.0443274
     0.356685
    0.0437948
     0.362923
    0.0432749
     0.368444
    0.0427671
     0.373266
    0.0418924
     0.385047
    0.0418866
     0.384212
    0.0414107
     0.388165
    0.0409456
     0.393703
    0.0404570
     0.405723
    0.0404517
     0.399263
    0.0400077
     0.403512
    0.0395733
     0.409585
    0.0391483
     0.412122
    0.0387323
     0.418421
    0.0383251
     0.421234
    0.0379263
     0.426380
    0.0375357
     0.431368
    0.0370258
     0.432902
    0.0370213
     0.435849
    0.0366491
     0.439422
    0.0362842
     0.442316
    0.0356012
     0.461120
    0.0355970
     0.450717
    0.0353072
     0.461120
    0.0353031
     0.453525
    0.0349644
     0.456925
    0.0346322
     0.461852
    0.0343063
     0.464503
    0.0339864
     0.469372
    0.0336724
     0.471791
    0.0333642
     0.474423
    0.0330616
     0.477994
    0.0327644
     0.481886
    0.0324725
     0.484096
    0.0321858
     0.485641
    0.0319041
     0.489245
    0.0316273
     0.490436
    0.0313552
     0.493526
    0.0310878
     0.493031
    0.0308249
     0.493846
    0.0304361
     0.488947
    0.0304331
      7.06091
    0.0302726
     0.502081
    0.0302696
     0.491870
    0.0300203
     0.495622
    0.0297751
     0.497318
    0.0295338
     0.499490
    0.0292965
     0.502514
    0.0290629
     0.503302
    0.0288330
     0.506503
    0.0286067
     0.508728
    0.0283839
     0.510949
    0.0281646
     0.511706
    0.0279487
     0.514015
    0.0277360
     0.515741
    0.0274691
     0.533291
    0.0274666
     0.519469
    0.0272612
     0.521639
    0.0270588
     0.523685
    0.0268594
     0.524336
    0.0266630
     0.525342
    0.0264693
     0.528025
    0.0262091
     0.549155
    0.0262068
     0.532032
    0.0261317
     0.535891
    0.0261295
     0.531699
    0.0258916
     0.534981
    0.0258894
     0.516975
    0.0257068
      1.26806
    0.0255268
     0.519493
    0.0253493
     0.517932
    0.0251742
     0.517396
    0.0250015
     0.520030
    0.0248312
     0.520212
    0.0246632
     0.519332
    0.0244974
     0.520430
    0.0243339
     0.802894
    0.0241725
     0.522016
    0.0240133
     0.523046
    0.0238561
     0.661159
    0.0237010
     0.521421
    0.0235479
     0.525021
    0.0233967
     0.525161
    0.0232475
     0.526440
    0.0231002
     0.527365
    0.0229547
     0.526460
    0.0227834
     0.527309
    0.0227817
     0.349334
    0.0226266
     0.228870
    0.0226249
     0.226484
    0.0225689
     0.217036
    0.0225672
     0.208912
    0.0224284
     0.179510
    0.0222912
     0.156136
    0.0221557
     0.139440
    0.0220219
     0.124364
    0.0218896
     0.114054
    0.0217589
     0.106117
    0.0216298
    0.0991956
    0.0215022
    0.0952347
    0.0213761
    0.0923394
    0.0212515
    0.0890979
    0.0211283
    0.0864629
    0.0210066
    0.0859209
    0.0208862
    0.0853422
    0.0207311
    0.0825748
    0.0207297
    0.0842277
    0.0206125
    0.0835889
    0.0204966
    0.0839623
    0.0203820
    0.0828427
    0.0202686
    0.0832551
    0.0201565
    0.0833820
    0.0200457
    0.0831981
    0.0199361
    0.0829710
    0.0198276
    0.0832160
    0.0197203
    0.0837452
    0.0195387
    0.0777633
    0.0195374
    0.0838009
    0.0194332
    0.0827325
    0.0193302
    0.0836434
    0.0192266
    0.0791937
    0.0192254
    0.0760313
    0.0191245
    0.0766744
    0.0190247
    0.0762159
    0.0189259
    0.0753738
    0.0188281
    0.0765955
    0.0187314
    0.0767079
    0.0186356
    0.0762526
    0.0185408
    0.0771372
    0.0184470
    0.0774681
    0.0183541
    0.0773870
    0.0182621
    0.0773355
    0.0181711
    0.0777006
    0.0180810
    0.0779877
    0.0179917
    0.0779878
    0.0179034
    0.0777803
    0.0178158
    0.0781875
    0.0177292
    0.0783248
    0.0176434
    0.0786571
    0.0175584
    0.0787289
    0.0174742
    0.0783451
    0.0173908
    0.0793296
    0.0173083
    0.0786993
    0.0172265
    0.0787008
    0.0171454
    0.0784799
    0.0170599
    0.0760728
    0.0170589
    0.0783748
    0.0169795
    0.0787008
    0.0169007
    0.0786993
    0.0168227
    0.0783997
    0.0167455
    0.0783467
    0.0166689
    0.0782152
    0.0165299
    0.0798439
    0.0165290
    0.0770411
    0.0165277
    0.0804941
    0.0165268
    0.0779145
    0.0164522
    0.0775698
    0.0163783
    0.0774138
    0.0163051
    0.0774762
    0.0162324
    0.0763872
    0.0161605
    0.0762484
    0.0160891
    0.0763797
    0.0160174
    0.0710013
    0.0160166
    0.0767366
    0.0160050
    0.0884266
    0.0160042
    0.0750250
    0.0159342
    0.0744934
    0.0158649
    0.0736887
    0.0157961
    0.0725492
    0.0157279
    0.0722049
    0.0156604
    0.0715925
    0.0155934
    0.0715183
    0.0154718
    0.0685306
    0.0154710
    0.0702623
    0.0154056
    0.0710708
    0.0153407
    0.0703949
    0.0152765
    0.0700205
    0.0152127
    0.0693153
    0.0151495
    0.0692810
    0.0150868
    0.0688301
    0.0150246
    0.0696055
    0.0149629
    0.0688941
    0.0149017
    0.0692794
    0.0148411
    0.0692357
    0.0147809
    0.0687942
    0.0147212
    0.0679518
    0.0146620
    0.0687255
    0.0146032
    0.0678644
    0.0145450
    0.0683106
    0.0144871
    0.0681671
    0.0144298
    0.0679876
    0.0143729
    0.0671670
    0.0143164
    0.0675118
    0.0142604
    0.0679517
    0.0142049
    0.0666959
    0.0141497
    0.0667041
    0.0140818
    0.0605982
    0.0140811
    0.0660750
    0.0140269
    0.0659189
    0.0139732
    0.0656834
    0.0139198
    0.0654696
    0.0138669
    0.0653620
    0.0138143
    0.0654431
    0.0137621
    0.0650359
    0.0137104
    0.0645737
    0.0136238
    0.0585176
    0.0136232
    0.0641545
    0.0135724
    0.0639127
    0.0135221
    0.0635398
    0.0134721
    0.0629423
    0.0134225
    0.0625694
    0.0133732
    0.0626505
    0.0133244
    0.0623432
    0.0132758
    0.0616630
    0.0132277
    0.0623042
    0.0131798
    0.0619641
    0.0131323
    0.0618908
    0.0130852
    0.0613104
    0.0130384
    0.0618455
    0.0129919
    0.0616911
    0.0129458
    0.0612308
    0.0129000
    0.0615023
    0.0128545
    0.0613117
    0.0127666
    0.0578674
    0.0127661
    0.0598268
    0.0127215
    0.0592228
    0.0126662
    0.0607282
    0.0126657
    0.0579828
    0.0126218
    0.0584617
    0.0125783
    0.0579046
    0.0125166
    0.0526658
    0.0125161
    0.0578688
    0.0124733
    0.0575911
    0.0124307
    0.0571371
    0.0123885
    0.0572729
    0.0123465
    0.0569156
    0.0123048
    0.0563462
    0.0122634
    0.0569109
    0.0122223
    0.0563462
    0.0121815
    0.0560326
    0.0121409
    0.0562619
    0.0121006
    0.0560029
    0.0120605
    0.0555412
    0.0120208
    0.0547751
    0.0119813
    0.0544881
    0.0119420
    0.0545770
    0.0119030
    0.0545162
    0.0118643
    0.0544101
    0.0118258
    0.0536831
    0.0117875
    0.0540513
    0.0117495
    0.0540060
    0.0117118
    0.0538640
    0.0116743
    0.0530918
    0.0116370
    0.0530746
    0.0116000
    0.0527002
    0.0115632
    0.0527096
    0.0115266
    0.0520964
    0.0114903
    0.0527298
    0.0114542
    0.0521963
    0.0114183
    0.0513096
    0.0113826
    0.0510605
    0.0113439
    0.0469994
    0.0113435
    0.0512191
    0.0113083
    0.0509383
    0.0112733
    0.0511489
    0.0112386
    0.0505826
    0.0112040
    0.0506465
    0.0111697
    0.0504531
    0.0111356
    0.0505124
    0.0111017
    0.0499195
    0.0110679
    0.0501566
    0.0110344
    0.0493189
    0.0110011
    0.0492330
    0.0109680
    0.0491394
    0.0109351
    0.0492513
    0.0108858
    0.0519330
    0.0108854
    0.0473110
    0.0108530
    0.0466183
    0.0108207
    0.0461955
    0.0107887
    0.0460769
    0.0107569
    0.0460675
    0.0107252
    0.0459817
    0.0106938
    0.0460379
    0.0106625
    0.0456073
    0.0106314
    0.0454092
    0.0106005
    0.0457071
    0.0105697
    0.0453592
    0.0105392
    0.0454232
    0.0105088
    0.0450753
    0.0104786
    0.0443280
    0.0104485
    0.0442905
    0.0104187
    0.0444824
    0.0103890
    0.0443904
    0.0103595
    0.0436696
    0.0103301
    0.0438022
    0.0103009
    0.0438724
    0.0102719
    0.0436837
    0.0102430
    0.0430393
    0.0102143
    0.0430643
    0.0101858
    0.0425650
    0.0101574
    0.0424948
    0.0101292
    0.0424246
    0.0101011
    0.0422671
    0.0100732
    0.0421500
    0.0100454
    0.0420034
    0.0100178
    0.0414917
   0.00999035
    0.0406445
   0.00996304
    0.0411048
   0.00993588
    0.0406835
   0.00990887
    0.0407303
   0.00988201
    0.0408739
   0.00985529
    0.0405418
   0.00982475
    0.0388199
   0.00982443
    0.0397506
   0.00979802
    0.0391671
   0.00977176
    0.0384651
   0.00974563
    0.0383122
   0.00971965
    0.0382731
   0.00969380
    0.0381062
   0.00966809
    0.0378238
   0.00964251
    0.0367411
   0.00961707
    0.0373386
   0.00959176
    0.0366288
   0.00956659
    0.0369096
   0.00954155
    0.0366927
   0.00951664
    0.0361654
   0.00949186
    0.0357941
   0.00946721
    0.0354571
   0.00944268
    0.0354633
   0.00941828
    0.0353260
   0.00939401
    0.0352402
   0.00936986
    0.0350873
   0.00934584
    0.0346957
   0.00932194
    0.0339219
   0.00929816
    0.0340030
   0.00927450
    0.0338439
   0.00925096
    0.0344071
   0.00922755
    0.0333587
   0.00920425
    0.0338658
   0.00918106
    0.0335756
   0.00915799
    0.0336505
   0.00913504
    0.0330872
   0.00911221
    0.0330919
   0.00908949
    0.0329500
   0.00906688
    0.0329578
   0.00904438
    0.0325474
   0.00902199
    0.0326242
   0.00897813
    0.0350548
   0.00897787
    0.0323353
   0.00895581
    0.0321605
   0.00893386
    0.0312479
   0.00891202
    0.0315521
   0.00889028
    0.0316473
   0.00886865
    0.0311886
   0.00884712
    0.0312213
   0.00882570
    0.0306753
   0.00880439
    0.0305749
   0.00877480
    0.0301212
   0.00877455
    0.0317004
   0.00875347
    0.0313291
   0.00873250
    0.0309967
   0.00871163
    0.0306176
   0.00869086
    0.0302837
   0.00867019
    0.0300559
   0.00864962
    0.0296877
   0.00862914
    0.0297267
   0.00860876
    0.0297049
   0.00858848
    0.0290637
   0.00856829
    0.0290824
   0.00854820
    0.0289373
   0.00852820
    0.0289357
   0.00850829
    0.0281073
   0.00848848
    0.0282040
   0.00846876
    0.0285473
   0.00844913
    0.0277922
   0.00842959
    0.0275160
   0.00841014
    0.0275176
   0.00839078
    0.0275269
   0.00837151
    0.0272524
   0.00835233
    0.0270714
   0.00833323
    0.0265331
   0.00831422
    0.0269575
   0.00829530
    0.0264473
   0.00827647
    0.0262695
   0.00825772
    0.0264583
   0.00823905
    0.0262305
   0.00822047
    0.0261244
   0.00820198
    0.0259637
   0.00818356
    0.0257344
   0.00816523
    0.0256267
   0.00814698
    0.0254910
   0.00812881
    0.0253225
   0.00811073
    0.0247593
   0.00809272
    0.0251930
   0.00807479
    0.0243646
   0.00805694
    0.0245065
   0.00803917
    0.0246953
   0.00802148
    0.0242663
   0.00800387
    0.0240322
   0.00798633
    0.0243646
   0.00796887
    0.0234519
   0.00795149
    0.0235408
   0.00793418
    0.0233380
   0.00791695
    0.0234488
   0.00789979
    0.0228216
   0.00788271
    0.0229484
   0.00785228
    0.0240190
   0.00785208
    0.0223551
   0.00783520
    0.0222568
   0.00781840
    0.0221117
   0.00780166
    0.0217903
   0.00778500
    0.0219276
   0.00776841
    0.0216827
   0.00775189
    0.0217014
   0.00773544
    0.0218590
   0.00771906
    0.0213582
   0.00770275
    0.0217139
   0.00768650
    0.0213675
   0.00767033
    0.0213972
   0.00765422
    0.0216905
   0.00763818
    0.0212271
   0.00762221
    0.0209073
   0.00760631
    0.0209838
   0.00759047
    0.0206187
   0.00757469
    0.0207373
   0.00755899
    0.0204736
   0.00754334
    0.0205844
   0.00752776
    0.0203815
   0.00751225
    0.0206312
   0.00749680
    0.0202224
   0.00748141
    0.0202380
   0.00746609
    0.0201678
   0.00745083
    0.0201613
   0.00743330
    0.0218119
   0.00743311
    0.0199541
   0.00741799
    0.0199837
   0.00740292
    0.0194907
   0.00738792
    0.0197044
   0.00737297
    0.0194548
   0.00735809
    0.0194892
   0.00734327
    0.0192520
   0.00732850
    0.0190445
   0.00731380
    0.0190586
   0.00729915
    0.0189057
   0.00728457
    0.0191272
   0.00727004
    0.0188791
   0.00725557
    0.0185468
   0.00724115
    0.0186014
   0.00722680
    0.0185531
   0.00721250
    0.0187247
   0.00719826
    0.0184501
   0.00718407
    0.0181615
   0.00716994
    0.0181880
   0.00715586
    0.0180382
   0.00714184
    0.0179446
   0.00712788
    0.0178557
   0.00711397
    0.0175889
   0.00710011
    0.0179212
   0.00708631
    0.0177496
   0.00707256
    0.0174391
   0.00705886
    0.0172457
   0.00704522
    0.0172270
   0.00703163
    0.0172348
   0.00701809
    0.0170850
   0.00700460
    0.0170117
   0.00699117
    0.0169087
   0.00697778
    0.0166575
   0.00696445
    0.0169664
   0.00695117
    0.0164937
   0.00693794
    0.0162597
   0.00692476
    0.0161895
   0.00691163
    0.0161910
   0.00689855
    0.0159976
   0.00688552
    0.0157979
   0.00687254
    0.0158400
   0.00685960
    0.0157558
   0.00684672
    0.0155888
   0.00683388
    0.0154905
   0.00682110
    0.0157230
   0.00680835
    0.0154422
   0.00679566
    0.0150880
   0.00678302
    0.0150927
   0.00677042
    0.0149211
   0.00675786
    0.0148400
   0.00674536
    0.0145545
   0.00673290
    0.0149351
   0.00672049
    0.0146621
   0.00670812
    0.0145451
   0.00669580
    0.0143126
   0.00668352
    0.0143719
   0.00667129
    0.0143056
   0.00664810
    0.0132429
   0.00664795
    0.0140551
   0.00614983
    0.0102973
   0.00572115
   0.00784687
   0.00534834
   0.00542795
   0.00502114
   0.00432715
   0.00473167
   0.00331836
   0.00447376
   0.00219077
   0.00424251
   0.00175605
   0.00403399
   0.00131135
   0.00384501
  0.000644401
      715.356
      5549.14
