6
 Coll. rates from Launay and Roueff (1977, AA, 56, 289).  The 50K point for 
 1 - 2 transition (P_2 - P_1) is based on extrapolation of a polynomial fit 
 to T vs de-excitaion coll. rates. Similarly, the 50 K and 100 K points for 
 the 1 - 3 transition (P_2 - P_0). For T > 1000, fit from Pequignot 1990
 (AA, 231, 499; Erratum 1996 AA 313 1026) is used (a3 and b3 coeff.) XWL 01/03/1996 
 Aij's from Baluja & Zeippen (J.Phys.B.,21,1455,1988)  MJB 6-6-1991
 3 32 0
 2p4 3P2
     3P1
     3P0
  50
 100
 150
 200
 250
 300
 350
 400
 450
 500
 600
 700
 800
 900
1000
1250
1500
1750
2000
2500
3000
3500
4000
4500
5000
6000
7000
8000
9000
10000
12500
15000
-12
      1     2   0.342       50
      0     0   5.6        100
      0     0   16.6       150
      0     0   29.8       200
      0     0   43.7       250
      0     0   57.4       300
      0     0   70.6       350
      0     0   83.3       400
      0     0   95.4       450
      0     0   106.9      500
      0     0   128.       600
      0     0   148.       700
      0     0   166.       800
      0     0   183.       900
      0     0   199.      1000
      0     0   238.7
      0     0   274.0
      0     0   306.6
      0     0   337.2
      0     0   393.5
      0     0   444.9
      0     0   492.6
      0     0   537.3
      0     0   579.7
      0     0   620.0
      0     0   695.6
      0     0   766.0
      0     0   832.2
      0     0   894.9
      0     0   954.7
      0     0   1094.
      0     0   1221.
      1     3   0.00616     50
      0     0   0.304      100
      0     0   1.3        150
      0     0   2.9        200
      0     0   4.9        250
      0     0   7.1        300
      0     0   9.4        350
      0     0   11.8       400
      0     0   14.2       450
      0     0   16.6       500
      0     0   21.3       600
      0     0   25.7       700
      0     0   30.0       800
      0     0   34.1       900
      0     0   38.       1000
      0     0    48.0
      0     0    57.6
      0     0    66.9
      0     0    75.7
      0     0    92.7
      0     0   108.9
      0     0   124.3
      0     0   139.2
      0     0   153.6
      0     0   167.6
      0     0   194.7
      0     0   220.6
      0     0   245.5
      0     0   269.8
      0     0   293.3
      0     0   349.8
      0     0   403.5
      2     3   3.9         50
      0     0   13.3       100
      0     0   21.3       150
      0     0   28.1       200.
      0     0   33.9       250.
      0     0   39.2       300
      0     0   44.0       350
      0     0   48.5       400
      0     0   52.8       450
      0     0   56.9       500
      0     0   64.8       600
      0     0   72.1       700
      0     0   79.1       800
      0     0   85.8       900
      0     0   92.2      1000
      0     0   104.8
      0     0   116.7
      0     0   127.6
      0     0   137.8
      0     0   156.3
      0     0   173.0
      0     0   188.3
      0     0   202.5
      0     0   215.9
      0     0   228.6
      0     0   252.1
      0     0   273.8
      0     0   294.0
      0     0   313.0
      0     0   331.0
      0     0   372.5
      0     0   410.1
 0 0 0
 1 2 8.957E-5
 1 3 1.203E-10
 2 3 1.735E-5
 1 5 0.
 2 3 158.2687
 3 1 226.9852
